405.000000   2.000129   0.000000
406.000000   2.000040   0.000000
407.000000   1.999951   0.000000
408.000000   1.999862   0.000000
409.000000   1.999772   0.000000
410.000000   1.999683   0.000000
411.000000   1.999594   0.000000
412.000000   1.999505   0.000000
413.000000   1.999415   0.000000
414.000000   1.999326   0.000000
415.000000   1.999237   0.000000
416.000000   1.999148   0.000000
417.000000   1.999058   0.000000
418.000000   1.998969   0.000000
419.000000   1.998880   0.000000
420.000000   1.998791   0.000000
421.000000   1.998701   0.000000
422.000000   1.998612   0.000000
423.000000   1.998523   0.000000
424.000000   1.998434   0.000000
425.000000   1.998344   0.000000
426.000000   1.998255   0.000000
427.000000   1.998166   0.000000
428.000000   1.998077   0.000000
429.000000   1.997987   0.000000
430.000000   1.997898   0.000000
431.000000   1.997809   0.000000
432.000000   1.997720   0.000000
433.000000   1.997630   0.000000
434.000000   1.997541   0.000000
435.000000   1.997452   0.000000
436.000000   1.997363   0.000000
437.000000   1.997273   0.000000
438.000000   1.997184   0.000000
439.000000   1.997095   0.000000
440.000000   1.997006   0.000000
441.000000   1.996916   0.000000
442.000000   1.996827   0.000000
443.000000   1.996738   0.000000
444.000000   1.996649   0.000000
445.000000   1.996559   0.000000
