0.4050E+03  0.1833E+01  0.0000E+00
0.4060E+03  0.1841E+01  0.0000E+00
0.4070E+03  0.1848E+01  0.0000E+00
0.4080E+03  0.1855E+01  0.0000E+00
0.4090E+03  0.1862E+01  0.0000E+00
0.4100E+03  0.1869E+01  0.0000E+00
0.4110E+03  0.1876E+01  0.0000E+00
0.4120E+03  0.1882E+01  0.0000E+00
0.4130E+03  0.1889E+01  0.0000E+00
0.4140E+03  0.1895E+01  0.0000E+00
0.4150E+03  0.1902E+01  0.0000E+00
0.4160E+03  0.1908E+01  0.0000E+00
0.4170E+03  0.1914E+01  0.0000E+00
0.4180E+03  0.1920E+01  0.0000E+00
0.4190E+03  0.1926E+01  0.0000E+00
0.4200E+03  0.1931E+01  0.0000E+00
0.4210E+03  0.1937E+01  0.0000E+00
0.4220E+03  0.1942E+01  0.0000E+00
0.4230E+03  0.1948E+01  0.0000E+00
0.4240E+03  0.1953E+01  0.0000E+00
0.4250E+03  0.1958E+01  0.0000E+00
0.4260E+03  0.1962E+01  0.0000E+00
0.4270E+03  0.1967E+01  0.0000E+00
0.4280E+03  0.1971E+01  0.0000E+00
0.4290E+03  0.1976E+01  0.0000E+00
0.4300E+03  0.1980E+01  0.0000E+00
0.4310E+03  0.1984E+01  0.0000E+00
0.4320E+03  0.1988E+01  0.0000E+00
0.4330E+03  0.1991E+01  0.0000E+00
0.4340E+03  0.1995E+01  0.0000E+00
0.4350E+03  0.1997E+01  0.0000E+00
0.4360E+03  0.2001E+01  0.0000E+00
0.4370E+03  0.2003E+01  0.0000E+00
0.4380E+03  0.2006E+01  0.0000E+00
0.4390E+03  0.2009E+01  0.0000E+00
0.4400E+03  0.2011E+01  0.0000E+00
0.4410E+03  0.2013E+01  0.0000E+00
0.4420E+03  0.2015E+01  0.0000E+00
0.4430E+03  0.2016E+01  0.0000E+00
0.4440E+03  0.2018E+01  0.0000E+00
0.4450E+03  0.2020E+01  0.0000E+00
