41
430.000000   0.779700
431.000000   0.778400
432.000000   0.777100
433.000000   0.775900
434.000000   0.774700
435.000000   0.773700
436.000000   0.772600
437.000000   0.771600
438.000000   0.770700
439.000000   0.769800
440.000000   0.769000
441.000000   0.768300
442.000000   0.767600
443.000000   0.767000
444.000000   0.766400
445.000000   0.765900
446.000000   0.765400
447.000000   0.765000
448.000000   0.764700
449.000000   0.764300
450.000000   0.764100
451.000000   0.763800
452.000000   0.763700
453.000000   0.763600
454.000000   0.763500
455.000000   0.763400
456.000000   0.763400
457.000000   0.763500
458.000000   0.763600
459.000000   0.763800
460.000000   0.763900
461.000000   0.764200
462.000000   0.764400
463.000000   0.764700
464.000000   0.765000
465.000000   0.765300
466.000000   0.765700
467.000000   0.766200
468.000000   0.766600
469.000000   0.767100
470.000000   0.767600
