ESTIMATED THICKNESSES

Thickness of film 1 = 131.00 nm

ESTIMATED INFLEXION POINTS

Inflexion point of the absorption coefficient of film 1 = 330.00 nm

ESTIMATED REFRACTIVE INDICES AND ABSORPTION COEFFICIENTS

Film 1

lambda                     n                          kappa
3.50000000000000000000e+02 2.00896838013339751328e+00 3.10880486520279143703e-02
3.61616161616161605252e+02 1.97815984120947407909e+00 2.78114042763865434993e-02
3.73232323232323210505e+02 1.97587352988510445151e+00 2.45347599007451726283e-02
3.84848484848484872600e+02 1.97358721856073482392e+00 2.12581155251038017573e-02
3.96464646464646477853e+02 1.97130090723636519634e+00 1.84995396356596383813e-02
4.08080808080808083105e+02 1.96901459591199556876e+00 1.57409637462154750054e-02
4.19696969696969688357e+02 1.96672828458762594117e+00 1.29823878567713133642e-02
4.31313131313131293609e+02 1.96444197326325631359e+00 1.06083447386462921547e-02
4.42929292929292955705e+02 1.96215566193888668600e+00 8.23430162052127094519e-03
4.54545454545454560957e+02 1.95986935061451705842e+00 6.73083891578574438491e-03
4.66161616161616166210e+02 1.95758303929014743083e+00 5.22737621105021782464e-03
4.77777777777777771462e+02 1.95529672796577780325e+00 4.29425219203233982102e-03
4.89393939393939376714e+02 1.95301041664140817566e+00 3.36112817301446181739e-03
5.01010101010101038810e+02 1.95072410531703854808e+00 2.73523404351286650305e-03
5.12626262626262587219e+02 1.94843779399266892050e+00 2.42351683402388740421e-03
5.24242424242424249314e+02 1.94615148266829929291e+00 2.11179962453490830537e-03
5.35858585858585911410e+02 1.94386517134392966533e+00 1.80008241504592920654e-03
5.47474747474747459819e+02 1.94157886001956003774e+00 1.48836520555694989086e-03
5.59090909090909121915e+02 1.93929254869519041016e+00 1.43520930535848741799e-03
5.70707070707070670323e+02 1.93700623737082078257e+00 1.38205340516002494512e-03
5.82323232323232332419e+02 1.93471992604645115499e+00 1.32889750496156247225e-03
5.93939393939393994515e+02 1.93243361472208152740e+00 1.27574160476309999938e-03
6.05555555555555542924e+02 1.93014730339771189982e+00 1.22258570456463752651e-03
6.17171717171717091333e+02 1.92786099207334227223e+00 1.16942980436617505365e-03
6.28787878787878753428e+02 1.92620244783749328121e+00 1.11627390416771258078e-03
6.40404040404040415524e+02 1.92454390360164429019e+00 1.06311800396925010791e-03
6.52020202020202077620e+02 1.92288535936579529917e+00 1.00996210377078763504e-03
6.63636363636363626028e+02 1.92122681513124282660e+00 9.56806203572325162168e-04
6.75252525252525174437e+02 1.91956827089669035402e+00 9.03650303373862689299e-04
6.86868686868686836533e+02 1.91790972666213788145e+00 8.50494403175400216430e-04
6.98484848484848498629e+02 1.91625978228885407439e+00 7.97338502976937743560e-04
7.10101010101010160724e+02 1.91460983791557026734e+00 7.44182602778475270691e-04
7.21717171717171709133e+02 1.91295989354228646029e+00 6.91026702580012797822e-04
7.33333333333333257542e+02 1.91130994916900265324e+00 6.37870802381550324953e-04
7.44949494949494919638e+02 1.90966000479571884618e+00 5.84714902183087852083e-04
7.56565656565656581733e+02 1.90801006042243503913e+00 5.31559001984625379214e-04
7.68181818181818243829e+02 1.90747756387415412505e+00 4.78403101786162852135e-04
7.79797979797979792238e+02 1.90694506732587321096e+00 4.25247201587700325055e-04
7.91414141414141340647e+02 1.90641257077759229688e+00 3.72091301389237797976e-04
8.03030303030303002743e+02 1.90588007422931138279e+00 3.18935401190775270897e-04
8.14646464646464664838e+02 1.90534757768103046871e+00 2.65779500992312743817e-04
8.26262626262626326934e+02 1.90481508113274955463e+00 2.12623600793850189633e-04
8.37878787878787875343e+02 1.90428258458446864054e+00 1.59467700595387635448e-04
8.49494949494949423752e+02 1.90375008803618772646e+00 1.06311800396925081264e-04
8.61111111111111085847e+02 1.90321759148790681238e+00 5.31559001984625406319e-05
8.72727272727272747943e+02 1.90268509493962589829e+00 5.86584687163097687195e-26
8.84343434343434296352e+02 1.90223710575869886519e+00 5.86584687163097687195e-26
8.95959595959595958448e+02 1.90178911657777183208e+00 5.86584687163097687195e-26
9.07575757575757506856e+02 1.90134112739684479898e+00 5.86584687163097687195e-26
9.19191919191919168952e+02 1.90119370378842456049e+00 5.86584687163097687195e-26
9.30808080808080831048e+02 1.90104628018000432199e+00 5.86584687163097687195e-26
9.42424242424242379457e+02 1.90089885657158408350e+00 5.86584687163097687195e-26
9.54040404040404041552e+02 1.90075143296316384500e+00 5.86584687163097687195e-26
9.65656565656565589961e+02 1.90060400935474360651e+00 5.86584687163097687195e-26
9.77272727272727252057e+02 1.90045658574632336801e+00 5.86584687163097687195e-26
9.88888888888888914153e+02 1.90030916213790312952e+00 5.86584687163097687195e-26
1.00050505050505046256e+03 1.90016173852948289102e+00 5.86584687163097687195e-26
1.01212121212121212466e+03 1.90001431492106265253e+00 5.86584687163097687195e-26
1.02373737373737367307e+03 1.89986689131264241404e+00 5.86584687163097687195e-26
1.03535353535353533516e+03 1.89971946770422217554e+00 5.86584687163097687195e-26
1.04696969696969699726e+03 1.89957204409580193705e+00 5.86584687163097687195e-26
1.05858585858585865935e+03 1.89942462048738169855e+00 5.86584687163097687195e-26
1.07020202020202032145e+03 1.89927719687896146006e+00 5.86584687163097687195e-26
1.08181818181818175617e+03 1.89912977327054122156e+00 5.86584687163097687195e-26
1.09343434343434341827e+03 1.89898234966212098307e+00 5.86584687163097687195e-26
1.10505050505050508036e+03 1.89883492605370074457e+00 5.86584687163097687195e-26
1.11666666666666651508e+03 1.89868750244528050608e+00 5.86584687163097687195e-26
1.12828282828282817718e+03 1.89854007883686026759e+00 5.86584687163097687195e-26
1.13989898989898983928e+03 1.89839265522844002909e+00 5.86584687163097687195e-26
1.15151515151515150137e+03 1.89824523162001979060e+00 5.86584687163097687195e-26
1.16313131313131316347e+03 1.89809780801159955210e+00 5.86584687163097687195e-26
1.17474747474747482556e+03 1.89795038440317931361e+00 5.86584687163097687195e-26
1.18636363636363648766e+03 1.89780296079475907511e+00 5.86584687163097687195e-26
1.19797979797979792238e+03 1.89765553718633883662e+00 5.86584687163097687195e-26
1.20959595959595958448e+03 1.89750811357791859812e+00 5.86584687163097687195e-26
1.22121212121212124657e+03 1.89736068996949835963e+00 5.86584687163097687195e-26
1.23282828282828268129e+03 1.89721326636107812114e+00 5.86584687163097687195e-26
1.24444444444444434339e+03 1.89706584275265788264e+00 5.86584687163097687195e-26
1.25606060606060600549e+03 1.89691841914423764415e+00 5.86584687163097687195e-26
1.26767676767676766758e+03 1.89677099553581740565e+00 5.86584687163097687195e-26
1.27929292929292932968e+03 1.89662357192739716716e+00 5.86584687163097687195e-26
1.29090909090909099177e+03 1.89647614831897692866e+00 5.86584687163097687195e-26
1.30252525252525265387e+03 1.89632872471055669017e+00 5.86584687163097687195e-26
1.31414141414141408859e+03 1.89618130110213645168e+00 5.86584687163097687195e-26
1.32575757575757575069e+03 1.89603387749371621318e+00 5.86584687163097687195e-26
1.33737373737373718541e+03 1.89588645388529597469e+00 5.86584687163097687195e-26
1.34898989898989884750e+03 1.89573903027687573619e+00 5.86584687163097687195e-26
1.36060606060606050960e+03 1.89559160666845549770e+00 5.86584687163097687195e-26
1.37222222222222217169e+03 1.89544418306003525920e+00 5.86584687163097687195e-26
1.38383838383838383379e+03 1.89529675945161502071e+00 5.86584687163097687195e-26
1.39545454545454549589e+03 1.89514933584319478221e+00 5.86584687163097687195e-26
1.40707070707070715798e+03 1.89500191223477454372e+00 5.86584687163097687195e-26
1.41868686868686859270e+03 1.89485448862635430523e+00 5.86584687163097687195e-26
1.43030303030303025480e+03 1.89470706501793406673e+00 5.86584687163097687195e-26
1.44191919191919191690e+03 1.89455964140951382824e+00 5.86584687163097687195e-26
1.45353535353535357899e+03 1.89441221780109358974e+00 5.86584687163097687195e-26
1.46515151515151501371e+03 1.89426479419267335125e+00 5.86584687163097687195e-26
1.47676767676767667581e+03 1.89411737058425311275e+00 5.86584687163097687195e-26
1.48838383838383833790e+03 1.89396994697583287426e+00 5.86584687163097687195e-26
1.50000000000000000000e+03 1.89382252336741263576e+00 5.86584687163097687195e-26


TRANSMITTANCE WITH THE ESTIMATED THICKNESSES AND OPTICAL PARAMETERS

lambda                     t
3.50000000000000000000e+02 6.66000002412472258406e-01
3.61616161616161605252e+02 6.89743581894899926432e-01
3.73232323232323210505e+02 7.09915345453146828802e-01
3.84848484848484872600e+02 7.33545678347389484841e-01
3.96464646464646477853e+02 7.58101320241863718685e-01
4.08080808080808083105e+02 7.84206228694603879603e-01
4.19696969696969688357e+02 8.10908835255841564660e-01
4.31313131313131293609e+02 8.35961997051170246920e-01
4.42929292929292955705e+02 8.59830537058624999602e-01
4.54545454545454560957e+02 8.78746118317365043637e-01
4.66161616161616166210e+02 8.95287994114810858903e-01
4.77777777777777771462e+02 9.07182138078474031850e-01
4.89393939393939376714e+02 9.16386604638936397293e-01
5.01010101010101038810e+02 9.21939364167219999047e-01
5.12626262626262587219e+02 9.24085429097892263606e-01
5.24242424242424249314e+02 9.24178776918221145387e-01
5.35858585858585911410e+02 9.22524380305136837421e-01
5.47474747474747459819e+02 9.19435418993878594840e-01
5.59090909090909121915e+02 9.14492587629618491896e-01
5.70707070707070670323e+02 9.08757780262419267991e-01
5.82323232323232332419e+02 9.02476668746996502080e-01
5.93939393939393994515e+02 8.95860083389642958274e-01
6.05555555555555542924e+02 8.89084299120751708756e-01
6.17171717171717091333e+02 8.82293173416730858172e-01
6.28787878787878753428e+02 8.75628434621576468011e-01
6.40404040404040415524e+02 8.69128256689006728486e-01
6.52020202020202077620e+02 8.62858009612846532654e-01
6.63636363636363626028e+02 8.56865909571513872933e-01
6.75252525252525174437e+02 8.51185972177321725773e-01
6.86868686868686836533e+02 8.45840630132171145128e-01
6.98484848484848498629e+02 8.40842346504066306956e-01
7.10101010101010160724e+02 8.36197161250811449307e-01
7.21717171717171709133e+02 8.31905032138093525340e-01
7.33333333333333257542e+02 8.27961471561766693128e-01
7.44949494949494919638e+02 8.24358635588851140774e-01
7.56565656565656581733e+02 8.21086206794968576084e-01
7.68181818181818243829e+02 8.17928645167820822515e-01
7.79797979797979792238e+02 8.15043245088603818260e-01
7.91414141414141340647e+02 8.12418606692527855984e-01
8.03030303030303002743e+02 8.10042883002229374689e-01
8.14646464646464664838e+02 8.07904019749248303306e-01
8.26262626262626326934e+02 8.05989941768344042572e-01
8.37878787878787875343e+02 8.04288696066500996551e-01
8.49494949494949423752e+02 8.02788559928353295803e-01
8.61111111111111085847e+02 8.01478120940901761493e-01
8.72727272727272747943e+02 8.00346334576645501713e-01
8.84343434343434296352e+02 7.99287398428425333030e-01
8.95959595959595958448e+02 7.98386425901510876635e-01
9.07575757575757506856e+02 7.97633648528389804788e-01
9.19191919191919168952e+02 7.96925055893017320052e-01
9.30808080808080831048e+02 7.96342849782945449988e-01
9.42424242424242379457e+02 7.95879046242596532856e-01
9.54040404040404041552e+02 7.95526076806097881544e-01
9.65656565656565589961e+02 7.95276776584673328330e-01
9.77272727272727252057e+02 7.95124370559017190629e-01
9.88888888888888914153e+02 7.95062458660852122705e-01
1.00050505050505046256e+03 7.95085000103750383360e-01
1.01212121212121212466e+03 7.95186297323129842596e-01
1.02373737373737367307e+03 7.95360979804596746057e-01
1.03535353535353533516e+03 7.95603988014925156413e-01
1.04696969696969699726e+03 7.95910557597911294536e-01
1.05858585858585865935e+03 7.96276203955732619910e-01
1.07020202020202032145e+03 7.96696707303254036958e-01
1.08181818181818175617e+03 7.97168098256403445667e-01
1.09343434343434341827e+03 7.97686643994898969545e-01
1.10505050505050508036e+03 7.98248835023309455394e-01
1.11666666666666651508e+03 7.98851372541616977507e-01
1.12828282828282817718e+03 7.99491156426645366295e-01
1.13989898989898983928e+03 8.00165273818153166552e-01
1.15151515151515150137e+03 8.00870988297740393769e-01
1.16313131313131316347e+03 8.01605729644513376186e-01
1.17474747474747482556e+03 8.02367084148485676387e-01
1.18636363636363648766e+03 8.03152785460614415669e-01
1.19797979797979792238e+03 8.03960705957061372295e-01
1.20959595959595958448e+03 8.04788848594542138848e-01
1.22121212121212124657e+03 8.05635339233342517851e-01
1.23282828282828268129e+03 8.06498419404629296459e-01
1.24444444444444434339e+03 8.07376439499056020033e-01
1.25606060606060600549e+03 8.08267852354143334637e-01
1.26767676767676766758e+03 8.09171207218625010427e-01
1.27929292929292932968e+03 8.10085144072710594543e-01
1.29090909090909099177e+03 8.11008388284058190365e-01
1.30252525252525265387e+03 8.11939745580140481707e-01
1.31414141414141408859e+03 8.12878097318602055310e-01
1.32575757575757575069e+03 8.13822396038091366854e-01
1.33737373737373718541e+03 8.14771661272991609692e-01
1.34898989898989884750e+03 8.15724975616331504646e-01
1.36060606060606050960e+03 8.16681481016037658094e-01
1.37222222222222217169e+03 8.17640375290520027285e-01
1.38383838383838383379e+03 8.18600908850391495442e-01
1.39545454545454549589e+03 8.19562381613882728892e-01
1.40707070707070715798e+03 8.20524140104255561567e-01
1.41868686868686859270e+03 8.21485574718216815526e-01
1.43030303030303025480e+03 8.22446117154991940268e-01
1.44191919191919191690e+03 8.23405237996343575269e-01
1.45353535353535357899e+03 8.24362444428422103115e-01
1.46515151515151501371e+03 8.25317278096888817807e-01
1.47676767676767667581e+03 8.26269313087266255025e-01
1.48838383838383833790e+03 8.27218154022991036811e-01
1.50000000000000000000e+03 8.28163434274088894327e-01


QUADRATIC ERROR = 5.033905e-05
