ESTIMATED THICKNESSES

Thickness of film 1 = 130.00 nm

ESTIMATED INFLEXION POINTS

Inflexion point of the absorption coefficient of film 1 = 400.00 nm

ESTIMATED REFRACTIVE INDICES AND ABSORPTION COEFFICIENTS

Film 1

lambda                     n                          kappa
3.50000000000000000000e+02 1.98141382470959714901e+00 3.39716445372345438036e-02
3.61616161616161605252e+02 1.95775197733901595853e+00 3.10660027409231445650e-02
3.73232323232323210505e+02 1.95612532916942272188e+00 2.81603609446117487958e-02
3.84848484848484872600e+02 1.95449868099982948522e+00 2.52547191483003530266e-02
3.96464646464646477853e+02 1.95287203283023624856e+00 2.23490773519889572574e-02
4.08080808080808083105e+02 1.95124538466064301190e+00 1.94434355556775614882e-02
4.19696969696969688357e+02 1.94961873649104977524e+00 1.65377937593661657190e-02
4.31313131313131293609e+02 1.94799208832145653858e+00 1.36321519630547682150e-02
4.42929292929292955705e+02 1.94636544015186330192e+00 1.07265101667433707111e-02
4.54545454545454560957e+02 1.94473879198227006526e+00 8.87769045638040973922e-03
4.66161616161616166210e+02 1.94311214381267682860e+00 7.02887074601744963470e-03
4.77777777777777771462e+02 1.94148549564308359194e+00 5.18005103565448953018e-03
4.89393939393939376714e+02 1.93985884747349035528e+00 4.09807212987198937748e-03
5.01010101010101038810e+02 1.93823219930389711863e+00 3.01609322408948965846e-03
5.12626262626262587219e+02 1.93660555113430388197e+00 2.30579687370499478508e-03
5.24242424242424249314e+02 1.93497890296471064531e+00 1.59550052332049991169e-03
5.35858585858585911410e+02 1.93335225479511740865e+00 8.85204175913201110441e-04
5.47474747474747459819e+02 1.93172560662552417199e+00 6.63903132109774050951e-04
5.59090909090909121915e+02 1.93009895845593093533e+00 4.42602088306346991460e-04
5.70707070707070670323e+02 1.92847231028633769867e+00 2.21301044502919904864e-04
5.82323232323232332419e+02 1.92684566211674446201e+00 6.99492798599574823871e-13
5.93939393939393994515e+02 1.92521901394715122535e+00 6.90390062218098508612e-13
6.05555555555555542924e+02 1.92359236577755798869e+00 6.81287325836622193353e-13
6.17171717171717091333e+02 1.92196571760796475203e+00 6.72184589455145878094e-13
6.28787878787878753428e+02 1.92033906943837151537e+00 6.63081853073669562835e-13
6.40404040404040415524e+02 1.91871242126877827872e+00 6.53979116692193247576e-13
6.52020202020202077620e+02 1.91708577309918504206e+00 6.44876380310716932317e-13
6.63636363636363626028e+02 1.91545912492959180540e+00 6.35773643929240617059e-13
6.75252525252525174437e+02 1.91383247675999856874e+00 6.26670907547764301800e-13
6.86868686868686836533e+02 1.91220582859040533208e+00 6.17568171166287986541e-13
6.98484848484848498629e+02 1.91057918042084895482e+00 6.08465434784811671282e-13
7.10101010101010160724e+02 1.90895253225129257757e+00 5.99362698403335356023e-13
7.21717171717171709133e+02 1.90732588408173620032e+00 5.90259962021859040764e-13
7.33333333333333257542e+02 1.90569923591217982306e+00 5.81157225640382725505e-13
7.44949494949494919638e+02 1.90407258806327273071e+00 5.72054489258906410247e-13
7.56565656565656581733e+02 1.90244594021436563835e+00 5.62951752877430094988e-13
7.68181818181818243829e+02 1.90230168076334238414e+00 5.53849016495953779729e-13
7.79797979797979792238e+02 1.90215742131231912992e+00 5.44746280114477464470e-13
7.91414141414141340647e+02 1.90201316186129587571e+00 5.35643543733001149211e-13
8.03030303030303002743e+02 1.90186890241027262149e+00 5.26540807351524833952e-13
8.14646464646464664838e+02 1.90173093102783097308e+00 5.17438070970048518693e-13
8.26262626262626326934e+02 1.90159295964538932466e+00 5.08335334588572203435e-13
8.37878787878787875343e+02 1.90145498826294767625e+00 4.99232598207095888176e-13
8.49494949494949423752e+02 1.90131701688160714703e+00 4.90129861825619572917e-13
8.61111111111111085847e+02 1.90117904550026661781e+00 4.81027125444143257658e-13
8.72727272727272747943e+02 1.90104107411892608859e+00 4.71924389062666942399e-13
8.84343434343434296352e+02 1.90096727077841243236e+00 4.62821652681190627140e-13
8.95959595959595958448e+02 1.90089346743789877614e+00 4.53718916299714362369e-13
9.07575757575757506856e+02 1.90081966409738511992e+00 4.44616179918238097597e-13
9.19191919191919168952e+02 1.90074586075687146369e+00 4.35513443536761832825e-13
9.30808080808080831048e+02 1.90067205741635780747e+00 4.26410707155285568053e-13
9.42424242424242379457e+02 1.90059825407584415125e+00 4.17307970773809303282e-13
9.54040404040404041552e+02 1.90052445073533049502e+00 4.08205234392333038510e-13
9.65656565656565589961e+02 1.90045064739481683880e+00 3.99102498010856773738e-13
9.77272727272727252057e+02 1.90037684405430318257e+00 3.89999761629380508966e-13
9.88888888888888914153e+02 1.90030304071378952635e+00 3.80897025247904244195e-13
1.00050505050505046256e+03 1.90022923737327587013e+00 3.71794288866427979423e-13
1.01212121212121212466e+03 1.90015543403276221390e+00 3.62691552484951714651e-13
1.02373737373737367307e+03 1.90008163069224855768e+00 3.53588816103475449879e-13
1.03535353535353533516e+03 1.90000782735173490146e+00 3.44486079721999185108e-13
1.04696969696969699726e+03 1.89993402401122124523e+00 3.35383343340522920336e-13
1.05858585858585865935e+03 1.89986022067070758901e+00 3.26280606959046655564e-13
1.07020202020202032145e+03 1.89978641733019393278e+00 3.17177870577570390792e-13
1.08181818181818175617e+03 1.89971261398968027656e+00 3.08075134196094277482e-13
1.09343434343434341827e+03 1.89963881064916662034e+00 2.98972397814618164171e-13
1.10505050505050508036e+03 1.89956500730865296411e+00 2.89869661433142050861e-13
1.11666666666666651508e+03 1.89949120396813930789e+00 2.80766925051665937550e-13
1.12828282828282817718e+03 1.89941740062762565167e+00 2.71664188670189824240e-13
1.13989898989898983928e+03 1.89934359728711199544e+00 2.62561452288713710930e-13
1.15151515151515150137e+03 1.89926979394659833922e+00 2.53458715907237597619e-13
1.16313131313131316347e+03 1.89919599060608468299e+00 2.44355979525761484309e-13
1.17474747474747482556e+03 1.89912218726557102677e+00 2.35253243144285370998e-13
1.18636363636363648766e+03 1.89904838392505737055e+00 2.26150506762809282931e-13
1.19797979797979792238e+03 1.89897458058454371432e+00 2.17047770381333169621e-13
1.20959595959595958448e+03 1.89890077724403005810e+00 2.07945033999857056310e-13
1.22121212121212124657e+03 1.89882697390351640188e+00 1.98842297618380943000e-13
1.23282828282828268129e+03 1.89875317056300274565e+00 1.89739561236904829689e-13
1.24444444444444434339e+03 1.89867936722248908943e+00 1.80636824855428716379e-13
1.25606060606060600549e+03 1.89860556388197543320e+00 1.71534088473952603068e-13
1.26767676767676766758e+03 1.89853176054146177698e+00 1.62431352092476489758e-13
1.27929292929292932968e+03 1.89845795720094812076e+00 1.53328615711000376448e-13
1.29090909090909099177e+03 1.89838415386043446453e+00 1.44225879329524263137e-13
1.30252525252525265387e+03 1.89831035051992080831e+00 1.35123142948048149827e-13
1.31414141414141408859e+03 1.89823654717940715209e+00 1.26020406566572036516e-13
1.32575757575757575069e+03 1.89816274383889349586e+00 1.16917670185095923206e-13
1.33737373737373718541e+03 1.89808894049837983964e+00 1.07814933803619809895e-13
1.34898989898989884750e+03 1.89801513715786618341e+00 9.87121974221436965848e-14
1.36060606060606050960e+03 1.89794133381735252719e+00 8.96094610406675832743e-14
1.37222222222222217169e+03 1.89786753047683887097e+00 8.05067246591914699639e-14
1.38383838383838383379e+03 1.89779372713632521474e+00 7.14039882777153818970e-14
1.39545454545454549589e+03 1.89771992379581155852e+00 6.23012518962392938300e-14
1.40707070707070715798e+03 1.89764612045529790230e+00 5.31985155264891624245e-14
1.41868686868686859270e+03 1.89757231711478424607e+00 4.40957791567390310189e-14
1.43030303030303025480e+03 1.89749851377427058985e+00 3.49930428065727439278e-14
1.44191919191919191690e+03 1.89742471043375693363e+00 2.58903064564064536812e-14
1.45353535353535357899e+03 1.89735090709324327740e+00 1.67875701062401602792e-14
1.46515151515151501371e+03 1.89727710375272962118e+00 8.40525288172449740124e-15
1.47676767676767667581e+03 1.89720330041221596495e+00 2.29356572088358636844e-17
1.48838383838383833790e+03 1.89712949707170230873e+00 2.29356572088358636844e-17
1.50000000000000000000e+03 1.89705569373118865251e+00 2.29356572088358636844e-17


TRANSMITTANCE WITH THE ESTIMATED THICKNESSES AND OPTICAL PARAMETERS

lambda                     t
3.50000000000000000000e+02 6.65999925473159337663e-01
3.61616161616161605252e+02 6.89656201195357865252e-01
3.73232323232323210505e+02 7.10096454935562393374e-01
3.84848484848484872600e+02 7.33273144373852048261e-01
3.96464646464646477853e+02 7.58330482131935879053e-01
4.08080808080808083105e+02 7.84384817121855260069e-01
4.19696969696969688357e+02 8.10567453987851016528e-01
4.31313131313131293609e+02 8.36066852021582151977e-01
4.42929292929292955705e+02 8.60168402011116439709e-01
4.54545454545454560957e+02 8.78563082999462063860e-01
4.66161616161616166210e+02 8.94559850830989100601e-01
4.77777777777777771462e+02 9.07961450850481410768e-01
4.89393939393939376714e+02 9.16112967501243158353e-01
5.01010101010101038810e+02 9.21817582889742803687e-01
5.12626262626262587219e+02 9.24084219325817302071e-01
5.24242424242424249314e+02 9.24440510189318387368e-01
5.35858585858585911410e+02 9.23176215609046280086e-01
5.47474747474747459819e+02 9.19184589267699969639e-01
5.59090909090909121915e+02 9.14257818645181297157e-01
5.70707070707070670323e+02 9.08647434472568016339e-01
5.82323232323232332419e+02 9.02573690585438903611e-01
5.93939393939393994515e+02 8.95690440986308789029e-01
6.05555555555555542924e+02 8.88731129635999095306e-01
6.17171717171717091333e+02 8.81818430284639132033e-01
6.28787878787878753428e+02 8.75048974861787787205e-01
6.40404040404040415524e+02 8.68496910595365601004e-01
6.52020202020202077620e+02 8.62217375091777871177e-01
6.63636363636363626028e+02 8.56249717544212640696e-01
6.75252525252525174437e+02 8.50620378089339879146e-01
6.86868686868686836533e+02 8.45345393869868733105e-01
6.98484848484848498629e+02 8.40432536088687842657e-01
7.10101010101010160724e+02 8.35883103085084289141e-01
7.21717171717171709133e+02 8.31693404946519998511e-01
7.33333333333333257542e+02 8.27855978970554184926e-01
7.44949494949494919638e+02 8.24360574938114099020e-01
7.56565656565656581733e+02 8.21194946834876593478e-01
7.68181818181818243829e+02 8.18059584039554144042e-01
7.79797979797979792238e+02 8.15183986822931139216e-01
7.91414141414141340647e+02 8.12556700620646332744e-01
8.03030303030303002743e+02 8.10166003526161637716e-01
8.14646464646464664838e+02 8.07998575635588744959e-01
8.26262626262626326934e+02 8.06044097617780508358e-01
8.37878787878787875343e+02 8.04291068553507959571e-01
8.49494949494949423752e+02 8.02728269874348310253e-01
8.61111111111111085847e+02 8.01344827767862644130e-01
8.72727272727272747943e+02 8.00130256854056143290e-01
8.84343434343434296352e+02 7.99055325077420164348e-01
8.95959595959595958448e+02 7.98128632545526350839e-01
9.07575757575757506856e+02 7.97341086161261869414e-01
9.19191919191919168952e+02 7.96684030096492912243e-01
9.30808080808080831048e+02 7.96149241679663832727e-01
9.42424242424242379457e+02 7.95728923255166309403e-01
9.54040404040404041552e+02 7.95415691066075236648e-01
9.65656565656565589961e+02 7.95202561997656154347e-01
9.77272727272727252057e+02 7.95082938845579678677e-01
9.88888888888888914153e+02 7.95050594632481177904e-01
1.00050505050505046256e+03 7.95099656383235653401e-01
1.01212121212121212466e+03 7.95224588678117960683e-01
1.02373737373737367307e+03 7.95420177229651303996e-01
1.03535353535353533516e+03 7.95681512670131430021e-01
1.04696969696969699726e+03 7.96003974689781790275e-01
1.05858585858585865935e+03 7.96383216627943646415e-01
1.07020202020202032145e+03 7.96815150589946119553e-01
1.08181818181818175617e+03 7.97295933138684520536e-01
1.09343434343434341827e+03 7.97821951591433875528e-01
1.10505050505050508036e+03 7.98389810937905397559e-01
1.11666666666666651508e+03 7.98996321384347396588e-01
1.12828282828282817718e+03 7.99638486519871682923e-01
1.13989898989898983928e+03 8.00313492094677947364e-01
1.15151515151515150137e+03 8.01018695395027569006e-01
1.16313131313131316347e+03 8.01751615196295452925e-01
1.17474747474747482556e+03 8.02509922273022646699e-01
1.18636363636363648766e+03 8.03291430443257126193e-01
1.19797979797979792238e+03 8.04094088123560757353e-01
1.20959595959595958448e+03 8.04915970370582933846e-01
1.22121212121212124657e+03 8.05755271385124149930e-01
1.23282828282828268129e+03 8.06610297454804170414e-01
1.24444444444444434339e+03 8.07479460312001351419e-01
1.25606060606060600549e+03 8.08361270884356164501e-01
1.26767676767676766758e+03 8.09254333415897142423e-01
1.27929292929292932968e+03 8.10157339937739640057e-01
1.29090909090909099177e+03 8.11069065068170003130e-01
1.30252525252525265387e+03 8.11988361122897184252e-01
1.31414141414141408859e+03 8.12914153517188542430e-01
1.32575757575757575069e+03 8.13845436442524272636e-01
1.33737373737373718541e+03 8.14781268801373803612e-01
1.34898989898989884750e+03 8.15720770384553373056e-01
1.36060606060606050960e+03 8.16663118276531596607e-01
1.37222222222222217169e+03 8.17607543474877185297e-01
1.38383838383838383379e+03 8.18553327710845768372e-01
1.39545454545454549589e+03 8.19499800458885818699e-01
1.40707070707070715798e+03 8.20446336123566211107e-01
1.41868686868686859270e+03 8.21392351393119390934e-01
1.43030303030303025480e+03 8.22337302749470810959e-01
1.44191919191919191690e+03 8.23280684125225592496e-01
1.45353535353535357899e+03 8.24222024698673116916e-01
1.46515151515151501371e+03 8.25160886818447791846e-01
1.47676767676767667581e+03 8.26096864049967516408e-01
1.48838383838383833790e+03 8.27029579336269193846e-01
1.50000000000000000000e+03 8.27958683266384110055e-01


QUADRATIC ERROR = 6.229087e-05
