ESTIMATED THICKNESSES

Thickness of film 1 = 131.00 nm

ESTIMATED INFLEXION POINTS

Inflexion point of the absorption coefficient of film 1 = 330.00 nm

ESTIMATED REFRACTIVE INDICES AND ABSORPTION COEFFICIENTS

Film 1

lambda                     n                          kappa
3.50000000000000000000e+02 1.99699073895495504694e+00 3.21745432046234569601e-02
3.61616161616161605252e+02 1.96896442063075749473e+00 2.89440422523160878487e-02
3.73232323232323210505e+02 1.96716667539908529605e+00 2.57135413000087222068e-02
3.84848484848484872600e+02 1.96536893016741309737e+00 2.24830403477013565650e-02
3.96464646464646477853e+02 1.96357118493574089868e+00 1.96151634247290068691e-02
4.08080808080808083105e+02 1.96177343970406870000e+00 1.67472865017566571733e-02
4.19696969696969688357e+02 1.95997569447239650131e+00 1.38794095787843074774e-02
4.31313131313131293609e+02 1.95817794924072430263e+00 1.13444205660482438924e-02
4.42929292929292955705e+02 1.95638020400905210394e+00 8.80943155331218030746e-03
4.54545454545454560957e+02 1.95458245877737990526e+00 7.16830225867742289181e-03
4.66161616161616166210e+02 1.95278471354570770657e+00 5.52717296404266547616e-03
4.77777777777777771462e+02 1.95098696831403550789e+00 4.49616318525886040497e-03
4.89393939393939376714e+02 1.94918922308236330920e+00 3.46515340647505576746e-03
5.01010101010101038810e+02 1.94739147785069111052e+00 2.75085937601104914968e-03
5.12626262626262587219e+02 1.94559373261901891183e+00 2.42998231317930043702e-03
5.24242424242424249314e+02 1.94379598738734671315e+00 2.10910525034755172435e-03
5.35858585858585911410e+02 1.94199824215567451446e+00 1.78822818751580301169e-03
5.47474747474747459819e+02 1.94020049692400231578e+00 1.46735112468405429903e-03
5.59090909090909121915e+02 1.93840275169233011709e+00 1.41647434906440328195e-03
5.70707070707070670323e+02 1.93660500646065791841e+00 1.36559757344475226487e-03
5.82323232323232332419e+02 1.93480726122898571973e+00 1.31472079782510124779e-03
5.93939393939393994515e+02 1.93300951599731352104e+00 1.26384402220545023071e-03
6.05555555555555542924e+02 1.93121177076564132236e+00 1.21296724658579921363e-03
6.17171717171717091333e+02 1.92941402553396912367e+00 1.16209047096614819655e-03
6.28787878787878753428e+02 1.92761628030229692499e+00 1.11121369534649717947e-03
6.40404040404040415524e+02 1.92581853507062472630e+00 1.06033691972684616239e-03
6.52020202020202077620e+02 1.92402078983895252762e+00 1.00946014410719514531e-03
6.63636363636363626028e+02 1.92222304460728032893e+00 9.58583368487544128234e-04
6.75252525252525174437e+02 1.92042529937560813025e+00 9.07706592867893002734e-04
6.86868686868686836533e+02 1.91862755414393593156e+00 8.56829817248241877234e-04
6.98484848484848498629e+02 1.91682980892572030207e+00 8.05953041628590751734e-04
7.10101010101010160724e+02 1.91503206370750467258e+00 7.55076266008939626234e-04
7.21717171717171709133e+02 1.91323431848928904309e+00 7.04199490389288500734e-04
7.33333333333333257542e+02 1.91143657327107341359e+00 6.53322714769637375234e-04
7.44949494949494919638e+02 1.90967231845930340839e+00 6.02445939149986249735e-04
7.56565656565656581733e+02 1.90790806364753340318e+00 5.51569163530335124235e-04
7.68181818181818243829e+02 1.90732148704088011471e+00 5.00692387910683998735e-04
7.79797979797979792238e+02 1.90673491043422682623e+00 4.49815612291032873235e-04
7.91414141414141340647e+02 1.90614833382757353775e+00 3.98938836671381747735e-04
8.03030303030303002743e+02 1.90556175722092024927e+00 3.48062061051730622235e-04
8.14646464646464664838e+02 1.90497518061426696079e+00 2.97185285432079496735e-04
8.26262626262626326934e+02 1.90438860400761367231e+00 2.46308509812428371236e-04
8.37878787878787875343e+02 1.90380202740096038383e+00 1.95431734192777272841e-04
8.49494949494949423752e+02 1.90321545079430709535e+00 1.44554958573126174446e-04
8.61111111111111085847e+02 1.90262887418765380687e+00 9.36781829534750760512e-05
8.72727272727272747943e+02 1.90204229758100051839e+00 4.28014073338239776564e-05
8.84343434343434296352e+02 1.90183356352149379731e+00 3.56678394448639037549e-05
8.95959595959595958448e+02 1.90162482946198707623e+00 2.85342715559038298534e-05
9.07575757575757506856e+02 1.90141609540248035515e+00 2.14007036669437559519e-05
9.19191919191919168952e+02 1.90126640292321358316e+00 1.42671357779836820504e-05
9.30808080808080831048e+02 1.90111671044394681118e+00 7.13356788902360899586e-06
9.42424242424242379457e+02 1.90096701796468003920e+00 6.35358539810271976342e-17
9.54040404040404041552e+02 1.90081732548541326722e+00 6.35358539810271976342e-17
9.65656565656565589961e+02 1.90066763300614649523e+00 6.35358539810271976342e-17
9.77272727272727252057e+02 1.90051794052687972325e+00 6.35358539810271976342e-17
9.88888888888888914153e+02 1.90036824804761295127e+00 6.35358539810271976342e-17
1.00050505050505046256e+03 1.90021855556834617929e+00 6.35358539810271976342e-17
1.01212121212121212466e+03 1.90006886308907940730e+00 6.35358539810271976342e-17
1.02373737373737367307e+03 1.89991917060981263532e+00 6.35358539810271976342e-17
1.03535353535353533516e+03 1.89976947813054586334e+00 6.35358539810271976342e-17
1.04696969696969699726e+03 1.89961978565127909135e+00 6.35358539810271976342e-17
1.05858585858585865935e+03 1.89947009317201231937e+00 6.35358539810271976342e-17
1.07020202020202032145e+03 1.89932040069274554739e+00 6.35358539810271976342e-17
1.08181818181818175617e+03 1.89917070821347877541e+00 6.35358539810271976342e-17
1.09343434343434341827e+03 1.89902101573421200342e+00 6.35358539810271976342e-17
1.10505050505050508036e+03 1.89887132325494523144e+00 6.35358539810271976342e-17
1.11666666666666651508e+03 1.89872163077567845946e+00 6.35358539810271976342e-17
1.12828282828282817718e+03 1.89857193829641168747e+00 6.35358539810271976342e-17
1.13989898989898983928e+03 1.89842224581714491549e+00 6.35358539810271976342e-17
1.15151515151515150137e+03 1.89827255333787814351e+00 6.35358539810271976342e-17
1.16313131313131316347e+03 1.89812286085861137153e+00 6.35358539810271976342e-17
1.17474747474747482556e+03 1.89797316837934459954e+00 6.35358539810271976342e-17
1.18636363636363648766e+03 1.89782347590007782756e+00 6.35358539810271976342e-17
1.19797979797979792238e+03 1.89767378342081105558e+00 6.35358539810271976342e-17
1.20959595959595958448e+03 1.89752409094154428360e+00 6.35358539810271976342e-17
1.22121212121212124657e+03 1.89737439846227751161e+00 6.35358539810271976342e-17
1.23282828282828268129e+03 1.89722470598301073963e+00 6.35358539810271976342e-17
1.24444444444444434339e+03 1.89707501350374396765e+00 6.35358539810271976342e-17
1.25606060606060600549e+03 1.89692532102447719566e+00 6.35358539810271976342e-17
1.26767676767676766758e+03 1.89677562854521042368e+00 6.35358539810271976342e-17
1.27929292929292932968e+03 1.89662593606594365170e+00 6.35358539810271976342e-17
1.29090909090909099177e+03 1.89647624358667687972e+00 6.35358539810271976342e-17
1.30252525252525265387e+03 1.89632655110741010773e+00 6.35358539810271976342e-17
1.31414141414141408859e+03 1.89617685862814333575e+00 6.35358539810271976342e-17
1.32575757575757575069e+03 1.89602716614887656377e+00 6.35358539810271976342e-17
1.33737373737373718541e+03 1.89587747366960979178e+00 6.35358539810271976342e-17
1.34898989898989884750e+03 1.89572778119034301980e+00 6.35358539810271976342e-17
1.36060606060606050960e+03 1.89557808871107624782e+00 6.35358539810271976342e-17
1.37222222222222217169e+03 1.89542839623180947584e+00 6.35358539810271976342e-17
1.38383838383838383379e+03 1.89527870375254270385e+00 6.35358539810271976342e-17
1.39545454545454549589e+03 1.89512901127327593187e+00 6.35358539810271976342e-17
1.40707070707070715798e+03 1.89497931879400915989e+00 6.35358539810271976342e-17
1.41868686868686859270e+03 1.89482962631474238790e+00 6.35358539810271976342e-17
1.43030303030303025480e+03 1.89467993383547561592e+00 6.35358539810271976342e-17
1.44191919191919191690e+03 1.89453024135620884394e+00 6.35358539810271976342e-17
1.45353535353535357899e+03 1.89438054887694207196e+00 6.35358539810271976342e-17
1.46515151515151501371e+03 1.89423085639767529997e+00 6.35358539810271976342e-17
1.47676767676767667581e+03 1.89408116391840852799e+00 6.35358539810271976342e-17
1.48838383838383833790e+03 1.89393147143914175601e+00 6.35358539810271976342e-17
1.50000000000000000000e+03 1.89378177895987498403e+00 6.35358539810271976342e-17


TRANSMITTANCE WITH THE ESTIMATED THICKNESSES AND OPTICAL PARAMETERS

lambda                     t
3.50000000000000000000e+02 6.66001488693624521531e-01
3.61616161616161605252e+02 6.89709304288822044882e-01
3.73232323232323210505e+02 7.09976356047333556631e-01
3.84848484848484872600e+02 7.33461262101319455553e-01
3.96464646464646477853e+02 7.58155711686465338950e-01
4.08080808080808083105e+02 7.84259304885153496478e-01
4.19696969696969688357e+02 8.10864790648557320907e-01
4.31313131313131293609e+02 8.35947972592602672748e-01
4.42929292929292955705e+02 8.59843862863140517838e-01
4.54545454545454560957e+02 8.78734900081038383668e-01
4.66161616161616166210e+02 8.95306116981828825629e-01
4.77777777777777771462e+02 9.07159367580205655557e-01
4.89393939393939376714e+02 9.16397485937226141672e-01
5.01010101010101038810e+02 9.22024286705245166296e-01
5.12626262626262587219e+02 9.24050029952233287212e-01
5.24242424242424249314e+02 9.24088564999365535968e-01
5.35858585858585911410e+02 9.22430916179208582051e-01
5.47474747474747459819e+02 9.19375681200060745901e-01
5.59090909090909121915e+02 9.14458114094751972623e-01
5.70707070707070670323e+02 9.08761582386898303376e-01
5.82323232323232332419e+02 9.02521423737891348438e-01
5.93939393939393994515e+02 8.95940261714821217787e-01
6.05555555555555542924e+02 8.89188191233741709318e-01
6.17171717171717091333e+02 8.82404693639444959175e-01
6.28787878787878753428e+02 8.75701549732894379829e-01
6.40404040404040415524e+02 8.69166211879794814443e-01
6.52020202020202077620e+02 8.62865264966680589609e-01
6.63636363636363626028e+02 8.56847740766714993654e-01
6.75252525252525174437e+02 8.51148150877133691239e-01
6.86868686868686836533e+02 8.45789174119900843962e-01
6.98484848484848498629e+02 8.40783981164748950299e-01
7.10101010101010160724e+02 8.36138208141028682618e-01
7.21717171717171709133e+02 8.31851607306975493472e-01
7.33333333333333257542e+02 8.27919410596666405233e-01
7.44949494949494919638e+02 8.24328423700588008849e-01
7.56565656565656581733e+02 8.21071867974900282405e-01
7.68181818181818243829e+02 8.17922824175173146521e-01
7.79797979797979792238e+02 8.15047506850068770312e-01
7.91414141414141340647e+02 8.12434382721235026636e-01
8.03030303030303002743e+02 8.10071475705708476944e-01
8.14646464646464664838e+02 8.07946607831436347524e-01
8.26262626262626326934e+02 8.06047586318179520859e-01
8.37878787878787875343e+02 8.04362347027529622778e-01
8.49494949494949423752e+02 8.02879062723465986018e-01
8.61111111111111085847e+02 8.01586223088072924448e-01
8.72727272727272747943e+02 8.00472692179064249096e-01
8.84343434343434296352e+02 7.99358772701942332795e-01
8.95959595959595958448e+02 7.98398583599725819582e-01
9.07575757575757506856e+02 7.97582774400743099719e-01
9.19191919191919168952e+02 7.96883831157325084327e-01
9.30808080808080831048e+02 7.96311156742459669289e-01
9.42424242424242379457e+02 7.95856778936303910221e-01
9.54040404040404041552e+02 7.95504209642459603202e-01
9.65656565656565589961e+02 7.95255358754244356945e-01
9.77272727272727252057e+02 7.95103447252832440384e-01
9.88888888888888914153e+02 7.95042071307367259614e-01
1.00050505050505046256e+03 7.95065186595274919767e-01
1.01212121212121212466e+03 7.95167092231460870266e-01
1.02373737373737367307e+03 7.95342414585784140968e-01
1.03535353535353533516e+03 7.95586091203279277551e-01
1.04696969696969699726e+03 7.95893354989479107076e-01
1.05858585858585865935e+03 7.96259718781555103639e-01
1.07020202020202032145e+03 7.96680960392780357360e-01
1.08181818181818175617e+03 7.97153108191474779609e-01
1.09343434343434341827e+03 7.97672427254740745717e-01
1.10505050505050508036e+03 7.98235406120964996468e-01
1.11666666666666651508e+03 7.98838744152282065336e-01
1.12828282828282817718e+03 7.99479339508334496678e-01
1.13989898989898983928e+03 8.00154277725127038856e-01
1.15151515151515150137e+03 8.00860820887110191890e-01
1.16313131313131316347e+03 8.01596397376416414104e-01
1.17474747474747482556e+03 8.02358592180216434464e-01
1.18636363636363648766e+03 8.03145137735063574524e-01
1.19797979797979792238e+03 8.03953905285817671533e-01
1.20959595959595958448e+03 8.04782896735963704238e-01
1.22121212121212124657e+03 8.05630236965914292568e-01
1.23282828282828268129e+03 8.06494166595889905302e-01
1.24444444444444434339e+03 8.07373035170360298096e-01
1.25606060606060600549e+03 8.08265294741515316623e-01
1.26767676767676766758e+03 8.09169493829938968332e-01
1.27929292929292932968e+03 8.10084271741422501378e-01
1.29090909090909099177e+03 8.11008353219694555492e-01
1.30252525252525265387e+03 8.11940543415740845212e-01
1.31414141414141408859e+03 8.12879723155298772319e-01
1.32575757575757575069e+03 8.13824844486994991577e-01
1.33737373737373718541e+03 8.14774926494546969380e-01
1.34898989898989884750e+03 8.15729051357290679825e-01
1.36060606060606050960e+03 8.16686360644192976821e-01
1.37222222222222217169e+03 8.17646051827330522244e-01
1.38383838383838383379e+03 8.18607375001623505106e-01
1.39545454545454549589e+03 8.19569629798380994146e-01
1.40707070707070715798e+03 8.20532162480960058915e-01
1.41868686868686859270e+03 8.21494363211519917911e-01
1.43030303030303025480e+03 8.22455663478533827160e-01
1.44191919191919191690e+03 8.23415533675341371200e-01
1.45353535353535357899e+03 8.24373480820612569708e-01
1.46515151515151501371e+03 8.25329046412162425916e-01
1.47676767676767667581e+03 8.26281804406075792713e-01
1.48838383838383833790e+03 8.27231359313598257899e-01
1.50000000000000000000e+03 8.28177344408716376023e-01


QUADRATIC ERROR = 5.057751e-05
