ESTIMATED THICKNESSES

Thickness of film 1 = 95.00 nm

ESTIMATED INFLEXION POINTS

Inflexion point of the absorption coefficient of film 1 = 350.00 nm

ESTIMATED REFRACTIVE INDICES AND ABSORPTION COEFFICIENTS

Film 1

lambda                     n                          kappa
3.50000000000000000000e+02 2.14212522917713421577e+00 1.21267640544053009570e-03
3.61616161616161605252e+02 2.07126104913022235365e+00 9.70141124352425811284e-04
3.73232323232323210505e+02 2.00039686908331049153e+00 7.27605843264321526867e-04
3.84848484848484872600e+02 1.98058529729035970313e+00 4.85070562176217242450e-04
3.96464646464646477853e+02 1.96077372549740869268e+00 2.42535281088113012244e-04
4.08080808080808083105e+02 1.94496060650453483909e+00 8.79225642656392708623e-18
4.19696969696969688357e+02 1.92914748751166098550e+00 8.79225642656392708623e-18
4.31313131313131293609e+02 1.91953009323097534278e+00 8.79225642656392708623e-18
4.42929292929292955705e+02 1.90991269895028970005e+00 8.79225642656392708623e-18
4.54545454545454560957e+02 1.90029530466960405732e+00 8.79225642656392708623e-18
4.66161616161616166210e+02 1.89067791256909045750e+00 8.79225642656392708623e-18
4.77777777777777771462e+02 1.88106052046857685767e+00 8.79225642656392708623e-18
4.89393939393939376714e+02 1.87620599149433897601e+00 8.79225642656392708623e-18
5.01010101010101038810e+02 1.87135146252010109436e+00 8.79225642656392708623e-18
5.12626262626262587219e+02 1.86649693354586321270e+00 8.79225642656392708623e-18
5.24242424242424249314e+02 1.86164241548436026896e+00 8.79225642656392708623e-18
5.35858585858585911410e+02 1.85678789742285732522e+00 8.79225642656392708623e-18
5.47474747474747459819e+02 1.85404395389391973836e+00 8.79225642656392708623e-18
5.59090909090909121915e+02 1.85130001036498215150e+00 8.79225642656392708623e-18
5.70707070707070670323e+02 1.84865870596449188845e+00 8.79225642656392708623e-18
5.82323232323232332419e+02 1.84601740156400162540e+00 8.79225642656392708623e-18
5.93939393939393994515e+02 1.84337609716351136235e+00 8.79225642656392708623e-18
6.05555555555555542924e+02 1.84153764759588356448e+00 8.79225642656392708623e-18
6.17171717171717091333e+02 1.83969919802825576660e+00 8.79225642656392708623e-18
6.28787878787878753428e+02 1.83786074846064662047e+00 8.79225642656392708623e-18
6.40404040404040415524e+02 1.83602229889303747434e+00 8.79225642656392708623e-18
6.52020202020202077620e+02 1.83418384932542832821e+00 8.79225642656392708623e-18
6.63636363636363626028e+02 1.83234539975782495524e+00 8.79225642656392708623e-18
6.75252525252525174437e+02 1.83050695019022158228e+00 8.79225642656392708623e-18
6.86868686868686836533e+02 1.82868249005411209751e+00 8.79225642656392708623e-18
6.98484848484848498629e+02 1.82685802991800261275e+00 8.79225642656392708623e-18
7.10101010101010160724e+02 1.82581737249496023345e+00 8.79225642656392708623e-18
7.21717171717171709133e+02 1.82477671507191785416e+00 8.79225642656392708623e-18
7.33333333333333257542e+02 1.82373605764887547487e+00 8.79225642656392708623e-18
7.44949494949494919638e+02 1.82269540022583309558e+00 8.79225642656392708623e-18
7.56565656565656581733e+02 1.82165474280279071628e+00 8.79225642656392708623e-18
7.68181818181818243829e+02 1.82061408537974833699e+00 8.79225642656392708623e-18
7.79797979797979792238e+02 1.81957342795670595770e+00 8.79225642656392708623e-18
7.91414141414141340647e+02 1.81853277053366357841e+00 8.79225642656392708623e-18
8.03030303030303002743e+02 1.81749211311062119911e+00 8.79225642656392708623e-18
8.14646464646464664838e+02 1.81645145568757881982e+00 8.79225642656392708623e-18
8.26262626262626326934e+02 1.81541079826453644053e+00 8.79225642656392708623e-18
8.37878787878787875343e+02 1.81437014084149406123e+00 8.79225642656392708623e-18
8.49494949494949423752e+02 1.81332948341845168194e+00 8.79225642656392708623e-18
8.61111111111111085847e+02 1.81228882599540930265e+00 8.79225642656392708623e-18
8.72727272727272747943e+02 1.81124816857236692336e+00 8.79225642656392708623e-18
8.84343434343434296352e+02 1.81020751114932454406e+00 8.79225642656392708623e-18
8.95959595959595958448e+02 1.80916685372628216477e+00 8.79225642656392708623e-18
9.07575757575757506856e+02 1.80812619630323978548e+00 8.79225642656392708623e-18
9.19191919191919168952e+02 1.80708553888019740619e+00 8.79225642656392708623e-18
9.30808080808080831048e+02 1.80604488145715502689e+00 8.79225642656392708623e-18
9.42424242424242379457e+02 1.80500422403411264760e+00 8.79225642656392708623e-18
9.54040404040404041552e+02 1.80396356661107026831e+00 8.79225642656392708623e-18
9.65656565656565589961e+02 1.80295001537807131342e+00 8.79225642656392708623e-18
9.77272727272727252057e+02 1.80193646414507235853e+00 8.79225642656392708623e-18
9.88888888888888914153e+02 1.80108798817731985409e+00 8.79225642656392708623e-18
1.00050505050505046256e+03 1.80023951220956734964e+00 8.79225642656392708623e-18
1.01212121212121212466e+03 1.79939103624181484520e+00 8.79225642656392708623e-18
1.02373737373737367307e+03 1.79854256027406234075e+00 8.79225642656392708623e-18
1.03535353535353533516e+03 1.79769408430630983631e+00 8.79225642656392708623e-18
1.04696969696969699726e+03 1.79695650221346747699e+00 8.79225642656392708623e-18
1.05858585858585865935e+03 1.79621892012062511768e+00 8.79225642656392708623e-18
1.07020202020202032145e+03 1.79556986422219022614e+00 8.79225642656392708623e-18
1.08181818181818175617e+03 1.79492080832375533461e+00 8.79225642656392708623e-18
1.09343434343434341827e+03 1.79427175242532044308e+00 8.79225642656392708623e-18
1.10505050505050508036e+03 1.79362269748079161680e+00 8.79225642656392708623e-18
1.11666666666666651508e+03 1.79297364253626279051e+00 8.79225642656392708623e-18
1.12828282828282817718e+03 1.79236573538356824820e+00 8.79225642656392708623e-18
1.13989898989898983928e+03 1.79175782823087370588e+00 8.79225642656392708623e-18
1.15151515151515150137e+03 1.79114992107817916356e+00 8.79225642656392708623e-18
1.16313131313131316347e+03 1.79054201392548462124e+00 8.79225642656392708623e-18
1.17474747474747482556e+03 1.78993410677279007892e+00 8.79225642656392708623e-18
1.18636363636363648766e+03 1.78940969479579026213e+00 8.79225642656392708623e-18
1.19797979797979792238e+03 1.78888528281879044535e+00 8.79225642656392708623e-18
1.20959595959595958448e+03 1.78836087084179062856e+00 8.79225642656392708623e-18
1.22121212121212124657e+03 1.78783645886479081177e+00 8.79225642656392708623e-18
1.23282828282828268129e+03 1.78731204688779099499e+00 8.79225642656392708623e-18
1.24444444444444434339e+03 1.78685068612620523432e+00 8.79225642656392708623e-18
1.25606060606060600549e+03 1.78638932536461947365e+00 8.79225642656392708623e-18
1.26767676767676766758e+03 1.78592796460303371298e+00 8.79225642656392708623e-18
1.27929292929292932968e+03 1.78546660384144795231e+00 8.79225642656392708623e-18
1.29090909090909099177e+03 1.78500524307986219164e+00 8.79225642656392708623e-18
1.30252525252525265387e+03 1.78454388231827643096e+00 8.79225642656392708623e-18
1.31414141414141408859e+03 1.78408252155669067029e+00 8.79225642656392708623e-18
1.32575757575757575069e+03 1.78362116079510490962e+00 8.79225642656392708623e-18
1.33737373737373718541e+03 1.78315980003351914895e+00 8.79225642656392708623e-18
1.34898989898989884750e+03 1.78269843927193338828e+00 8.79225642656392708623e-18
1.36060606060606050960e+03 1.78223707851034762761e+00 8.79225642656392708623e-18
1.37222222222222217169e+03 1.78177571774876186694e+00 8.79225642656392708623e-18
1.38383838383838383379e+03 1.78131435698717610627e+00 8.79225642656392708623e-18
1.39545454545454549589e+03 1.78085299622559034560e+00 8.79225642656392708623e-18
1.40707070707070715798e+03 1.78039163546400458493e+00 8.79225642656392708623e-18
1.41868686868686859270e+03 1.77993027470241882426e+00 8.79225642656392708623e-18
1.43030303030303025480e+03 1.77946891394083306359e+00 8.79225642656392708623e-18
1.44191919191919191690e+03 1.77900755317924730292e+00 8.79225642656392708623e-18
1.45353535353535357899e+03 1.77854619241766154225e+00 8.79225642656392708623e-18
1.46515151515151501371e+03 1.77808483165607578158e+00 8.79225642656392708623e-18
1.47676767676767667581e+03 1.77762347089449002091e+00 8.79225642656392708623e-18
1.48838383838383833790e+03 1.77716211013290426024e+00 8.79225642656392708623e-18
1.50000000000000000000e+03 1.77670074937131849957e+00 8.79225642656392708623e-18


TRANSMITTANCE WITH THE ESTIMATED THICKNESSES AND OPTICAL PARAMETERS

lambda                     t
3.50000000000000000000e+02 8.62930719499504172987e-01
3.61616161616161605252e+02 9.08143471610972197183e-01
3.73232323232323210505e+02 9.26244704488857761859e-01
3.84848484848484872600e+02 9.27220599184169214091e-01
3.96464646464646477853e+02 9.22829448857971024189e-01
4.08080808080808083105e+02 9.15487893438200472929e-01
4.19696969696969688357e+02 9.05863976017008298847e-01
4.31313131313131293609e+02 8.96281753530020375287e-01
4.42929292929292955705e+02 8.86746792065752464929e-01
4.54545454545454560957e+02 8.77693125822377906431e-01
4.66161616161616166210e+02 8.69405598261256740145e-01
4.77777777777777771462e+02 8.62053840967214268787e-01
4.89393939393939376714e+02 8.55375138414005919962e-01
5.01010101010101038810e+02 8.49450935887056224338e-01
5.12626262626262587219e+02 8.44284902587743801838e-01
5.24242424242424249314e+02 8.39859680772571004503e-01
5.35858585858585911410e+02 8.36143937837923956202e-01
5.47474747474747459819e+02 8.32677564795462732405e-01
5.59090909090909121915e+02 8.29750980817378414045e-01
5.70707070707070670323e+02 8.27303409197433836653e-01
5.82323232323232332419e+02 8.25318294774868399521e-01
5.93939393939393994515e+02 8.23758959947669011648e-01
6.05555555555555542924e+02 8.22364886529969196793e-01
6.17171717171717091333e+02 8.21307563089563097414e-01
6.28787878787878753428e+02 8.20557519997701545478e-01
6.40404040404040415524e+02 8.20086973344742342640e-01
6.52020202020202077620e+02 8.19869901107017406972e-01
6.63636363636363626028e+02 8.19882057798208108146e-01
6.75252525252525174437e+02 8.20100946604966241082e-01
6.86868686868686836533e+02 8.20501013825095548704e-01
6.98484848484848498629e+02 8.21067687669557622065e-01
7.10101010101010160724e+02 8.21510351020915297049e-01
7.21717171717171709133e+02 8.22080540798395098534e-01
7.33333333333333257542e+02 8.22764867853371772988e-01
7.44949494949494919638e+02 8.23551049941369517349e-01
7.56565656565656581733e+02 8.24427833375438678942e-01
7.68181818181818243829e+02 8.25384917527920647373e-01
7.79797979797979792238e+02 8.26412882874085985563e-01
7.91414141414141340647e+02 8.27503122981633532085e-01
8.03030303030303002743e+02 8.28647780641775133503e-01
8.14646464646464664838e+02 8.29839688189844548738e-01
8.26262626262626326934e+02 8.31072311960380782914e-01
8.37878787878787875343e+02 8.32339700751709377080e-01
8.49494949494949423752e+02 8.33636438129485290993e-01
8.61111111111111085847e+02 8.34957598370763776074e-01
8.72727272727272747943e+02 8.36298705835181066526e-01
8.84343434343434296352e+02 8.37655697543968180696e-01
8.95959595959595958448e+02 8.39024888748137631644e-01
9.07575757575757506856e+02 8.40402941272277659301e-01
9.19191919191919168952e+02 8.41786834428384311835e-01
9.30808080808080831048e+02 8.43173838304114853237e-01
9.42424242424242379457e+02 8.44561489240792218069e-01
9.54040404040404041552e+02 8.45947567328042548951e-01
9.65656565656565589961e+02 8.47320972385375070779e-01
9.77272727272727252057e+02 8.48689172016031001533e-01
9.88888888888888914153e+02 8.49996088725011755827e-01
1.00050505050505046256e+03 8.51295763323940080092e-01
1.01212121212121212466e+03 8.52586951271477544445e-01
1.02373737373737367307e+03 8.53868544830196030127e-01
1.03535353535353533516e+03 8.55139561307785345257e-01
1.04696969696969699726e+03 8.56364235469816326152e-01
1.05858585858585865935e+03 8.57577404185992375751e-01
1.07020202020202032145e+03 8.58751105792610047729e-01
1.08181818181818175617e+03 8.59912628630536302055e-01
1.09343434343434341827e+03 8.61061478209746655743e-01
1.10505050505050508036e+03 8.62197228677066385139e-01
1.11666666666666651508e+03 8.63319517585035778318e-01
1.12828282828282817718e+03 8.64416002683399020690e-01
1.13989898989898983928e+03 8.65498729302240477068e-01
1.15151515151515150137e+03 8.66567490983597643606e-01
1.16313131313131316347e+03 8.67622123903003750200e-01
1.17474747474747482556e+03 8.68662502959920757029e-01
1.18636363636363648766e+03 8.69665431131067645509e-01
1.19797979797979792238e+03 8.70654476744333383209e-01
1.20959595959595958448e+03 8.71629606533769529797e-01
1.22121212121212124657e+03 8.72590812706357077388e-01
1.23282828282828268129e+03 8.73538110471388851153e-01
1.24444444444444434339e+03 8.74455048183324423761e-01
1.25606060606060600549e+03 8.75358544154914985924e-01
1.26767676767676766758e+03 8.76248665366814560862e-01
1.27929292929292932968e+03 8.77125493548156387469e-01
1.29090909090909099177e+03 8.77989123612384680939e-01
1.30252525252525265387e+03 8.78839662224423778802e-01
1.31414141414141408859e+03 8.79677226488534524940e-01
1.32575757575757575069e+03 8.80501942747062282812e-01
1.33737373737373718541e+03 8.81313945481115301739e-01
1.34898989898989884750e+03 8.82113376304910934422e-01
1.36060606060606050960e+03 8.82900383046232972717e-01
1.37222222222222217169e+03 8.83675118906043222111e-01
1.38383838383838383379e+03 8.84437741690848211462e-01
1.39545454545454549589e+03 8.85188413111968719349e-01
1.40707070707070715798e+03 8.85927298146297559356e-01
1.41868686868686859270e+03 8.86654564453595250839e-01
1.43030303030303025480e+03 8.87370381845762001838e-01
1.44191919191919191690e+03 8.88074921803891803584e-01
1.45353535353535357899e+03 8.88768357039239953465e-01
1.46515151515151501371e+03 8.89450861094578604238e-01
1.47676767676767667581e+03 8.90122607982646973923e-01
1.48838383838383833790e+03 8.90783771858709272351e-01
1.50000000000000000000e+03 8.91434526724452447333e-01


QUADRATIC ERROR = 2.651887e-05
