ESTIMATED THICKNESSES

Thickness of film 1 = 95.00 nm

ESTIMATED INFLEXION POINTS

Inflexion point of the absorption coefficient of film 1 = 400.00 nm

ESTIMATED REFRACTIVE INDICES AND ABSORPTION COEFFICIENTS

Film 1

lambda                     n                          kappa
3.50000000000000000000e+02 2.14732383202502941089e+00 4.00390001266704440366e-04
3.61616161616161605252e+02 2.08302846887420223254e+00 3.60351003419429581371e-04
3.73232323232323210505e+02 2.01873310572337505420e+00 3.20312005572154722376e-04
3.84848484848484872600e+02 1.98752238675225334497e+00 2.80273007724879863380e-04
3.96464646464646477853e+02 1.95631166778113185778e+00 2.40234009877604977280e-04
4.08080808080808083105e+02 1.94482883002710082998e+00 2.00195012030330091179e-04
4.19696969696969688357e+02 1.93334599227306980218e+00 1.60156014183055205079e-04
4.31313131313131293609e+02 1.92304994259736372619e+00 1.20117016335780332531e-04
4.42929292929292955705e+02 1.91275389292165765021e+00 8.00780184885054599833e-05
4.54545454545454560957e+02 1.90245784324595157422e+00 4.00390206412305874354e-05
4.66161616161616166210e+02 1.89343706329763428187e+00 2.27939557135451910627e-11
4.77777777777777771462e+02 1.88441628334931698951e+00 2.25492364148210062969e-11
4.89393939393939376714e+02 1.87827151987794938037e+00 2.23045171160968215310e-11
5.01010101010101038810e+02 1.87212675640658177123e+00 2.20597978173726367652e-11
5.12626262626262587219e+02 1.86598199293521416209e+00 2.18150785186484519994e-11
5.24242424242424249314e+02 1.86127670884172169430e+00 2.15703592199242672335e-11
5.35858585858585911410e+02 1.85657142474822922651e+00 2.13256399212000824677e-11
5.47474747474747459819e+02 1.85371097815090091210e+00 2.10809206224758977019e-11
5.59090909090909121915e+02 1.85085053155357259769e+00 2.08362013237517129361e-11
5.70707070707070670323e+02 1.84850953876304835433e+00 2.05914820250275281702e-11
5.82323232323232332419e+02 1.84616854597252411097e+00 2.03467627263033434044e-11
5.93939393939393994515e+02 1.84382755318199986760e+00 2.01020434275791586386e-11
6.05555555555555542924e+02 1.84187508059476856559e+00 1.98573241288549738727e-11
6.17171717171717091333e+02 1.83992260800753726357e+00 1.96126048301307891069e-11
6.28787878787878753428e+02 1.83801446346404584453e+00 1.93678855314066043411e-11
6.40404040404040415524e+02 1.83610631892055442549e+00 1.91231662326824195752e-11
6.52020202020202077620e+02 1.83419817437706300645e+00 1.88784469339582348094e-11
6.63636363636363626028e+02 1.83230672083117562821e+00 1.86337276352340500436e-11
6.75252525252525174437e+02 1.83041526728528824997e+00 1.83890083365098652777e-11
6.86868686868686836533e+02 1.82864119299016758546e+00 1.81442890377856805119e-11
6.98484848484848498629e+02 1.82686711869504692096e+00 1.78995697390614957461e-11
7.10101010101010160724e+02 1.82581782187959573704e+00 1.76548504403373109802e-11
7.21717171717171709133e+02 1.82476852506414455313e+00 1.74101311416131262144e-11
7.33333333333333257542e+02 1.82371922824869336921e+00 1.71654118428889414486e-11
7.44949494949494919638e+02 1.82267823119464700277e+00 1.69206925441647566827e-11
7.56565656565656581733e+02 1.82163723414060063632e+00 1.66759732454405719169e-11
7.68181818181818243829e+02 1.82059623708655449192e+00 1.64312539467163871511e-11
7.79797979797979792238e+02 1.81955524003250834753e+00 1.61865346479922023852e-11
7.91414141414141340647e+02 1.81851424297846220313e+00 1.59418153492680176194e-11
8.03030303030303002743e+02 1.81747324592441605873e+00 1.56970960505438328536e-11
8.14646464646464664838e+02 1.81643224887036991433e+00 1.54523767518196480878e-11
8.26262626262626326934e+02 1.81539125181632376993e+00 1.52076574530954633219e-11
8.37878787878787875343e+02 1.81435025476227762553e+00 1.49629381543712785561e-11
8.49494949494949423752e+02 1.81330925770823148113e+00 1.47182188556470937903e-11
8.61111111111111085847e+02 1.81226826065418533673e+00 1.44734995569229106400e-11
8.72727272727272747943e+02 1.81122726360013919233e+00 1.42287802581987274898e-11
8.84343434343434296352e+02 1.81018626654609304794e+00 1.39840609594745443395e-11
8.95959595959595958448e+02 1.80914526949204690354e+00 1.37393416607503611893e-11
9.07575757575757506856e+02 1.80810427243800075914e+00 1.34946223620261780390e-11
9.19191919191919168952e+02 1.80706327538395461474e+00 1.32499030633019948888e-11
9.30808080808080831048e+02 1.80602227837600515237e+00 1.30051837645778117385e-11
9.42424242424242379457e+02 1.80498128136805569000e+00 1.27604644658536285883e-11
9.54040404040404041552e+02 1.80394028436010622762e+00 1.25157451671294454381e-11
9.65656565656565589961e+02 1.80300972411059556855e+00 1.22710258684052622878e-11
9.77272727272727252057e+02 1.80207916386108490947e+00 1.20263065696810791376e-11
9.88888888888888914153e+02 1.80116138365897282547e+00 1.17815872709568959873e-11
1.00050505050505046256e+03 1.80024360345686074147e+00 1.15368679722327128371e-11
1.01212121212121212466e+03 1.79932582325474865748e+00 1.12921486735085296868e-11
1.02373737373737367307e+03 1.79849428688547607891e+00 1.10474293747843465366e-11
1.03535353535353533516e+03 1.79766275051620350034e+00 1.08027100760601633863e-11
1.04696969696969699726e+03 1.79698143181524883083e+00 1.05579907773359802361e-11
1.05858585858585865935e+03 1.79630011311429416132e+00 1.03132714786117970859e-11
1.07020202020202032145e+03 1.79562112436462495424e+00 1.00685521798876139356e-11
1.08181818181818175617e+03 1.79494213561495574716e+00 9.82383288116343078537e-12
1.09343434343434341827e+03 1.79426314686528654008e+00 9.57911358243924763512e-12
1.10505050505050508036e+03 1.79361011742722120665e+00 9.33439428371506448488e-12
1.11666666666666651508e+03 1.79295708798915587323e+00 9.08967498499088133463e-12
1.12828282828282817718e+03 1.79234791955315087009e+00 8.84495568626669818439e-12
1.13989898989898983928e+03 1.79173875111714586694e+00 8.60023638754251503414e-12
1.15151515151515150137e+03 1.79112958268114086380e+00 8.35551708881833188390e-12
1.16313131313131316347e+03 1.79052041424513586065e+00 8.11079779009414873365e-12
1.17474747474747482556e+03 1.78991124580913085751e+00 7.86607849136996558341e-12
1.18636363636363648766e+03 1.78939546424453510554e+00 7.62135919264578243316e-12
1.19797979797979792238e+03 1.78887968267993935356e+00 7.37663989392159928292e-12
1.20959595959595958448e+03 1.78836390111534360159e+00 7.13192059519741613268e-12
1.22121212121212124657e+03 1.78784811955074784962e+00 6.88720129647323298243e-12
1.23282828282828268129e+03 1.78733233798615209764e+00 6.64248199774904983219e-12
1.24444444444444434339e+03 1.78687016509064244829e+00 6.39776269902486668194e-12
1.25606060606060600549e+03 1.78640799219513279894e+00 6.15304340030068353170e-12
1.26767676767676766758e+03 1.78594631394584579809e+00 5.90832410157650038145e-12
1.27929292929292932968e+03 1.78548463569655879724e+00 5.66360480285231723121e-12
1.29090909090909099177e+03 1.78502295744727179638e+00 5.41888550412813408096e-12
1.30252525252525265387e+03 1.78456127919798479553e+00 5.17416620540395093072e-12
1.31414141414141408859e+03 1.78409960094869779468e+00 4.92944690667976778047e-12
1.32575757575757575069e+03 1.78363792269941079383e+00 4.68472760795558463023e-12
1.33737373737373718541e+03 1.78317624445012379297e+00 4.44000830923140147998e-12
1.34898989898989884750e+03 1.78271456620083679212e+00 4.19528901050721832974e-12
1.36060606060606050960e+03 1.78225288795154979127e+00 3.95056971178303517950e-12
1.37222222222222217169e+03 1.78179120970226279042e+00 3.70585041305885202925e-12
1.38383838383838383379e+03 1.78132953145297578956e+00 3.46113111433466887901e-12
1.39545454545454549589e+03 1.78086785320368878871e+00 3.21641181561048532486e-12
1.40707070707070715798e+03 1.78040617495440178786e+00 2.97169251688630177072e-12
1.41868686868686859270e+03 1.77994449670511478701e+00 2.72697321816211821658e-12
1.43030303030303025480e+03 1.77948281845582778615e+00 2.48225391943793466244e-12
1.44191919191919191690e+03 1.77902114020654078530e+00 2.23753462071375110830e-12
1.45353535353535357899e+03 1.77855946195725378445e+00 1.99281532198956755416e-12
1.46515151515151501371e+03 1.77809778370796678360e+00 1.74809602326538400002e-12
1.47676767676767667581e+03 1.77763610545867978274e+00 1.50337672454120044588e-12
1.48838383838383833790e+03 1.77717442720939278189e+00 1.50337672454120044588e-12
1.50000000000000000000e+03 1.77671274896010578104e+00 1.50337672454120044588e-12


TRANSMITTANCE WITH THE ESTIMATED THICKNESSES AND OPTICAL PARAMETERS

lambda                     t
3.50000000000000000000e+02 8.63213025574690595576e-01
3.61616161616161605252e+02 9.07331756732687177980e-01
3.73232323232323210505e+02 9.26671908292255097628e-01
3.84848484848484872600e+02 9.28114626891806349107e-01
3.96464646464646477853e+02 9.22464333795567248409e-01
4.08080808080808083105e+02 9.14920934588030365653e-01
4.19696969696969688357e+02 9.05848037870209399358e-01
4.31313131313131293609e+02 8.96268488098444948697e-01
4.42929292929292955705e+02 8.86719323122340474796e-01
4.54545454545454560957e+02 8.77660845257940747111e-01
4.66161616161616166210e+02 8.69386503536594190678e-01
4.77777777777777771462e+02 8.61919031860994055982e-01
4.89393939393939376714e+02 8.55230077771253927033e-01
5.01010101010101038810e+02 8.49373825742656185511e-01
5.12626262626262587219e+02 8.44350497245585307482e-01
5.24242424242424249314e+02 8.39915711815236720739e-01
5.35858585858585911410e+02 8.36182323108320191274e-01
5.47474747474747459819e+02 8.32743656108323349052e-01
5.59090909090909121915e+02 8.29848974035465092314e-01
5.70707070707070670323e+02 8.27338579181137068197e-01
5.82323232323232332419e+02 8.25280207606419624611e-01
5.93939393939393994515e+02 8.23638546421785133766e-01
6.05555555555555542924e+02 8.22270463145452823461e-01
6.17171717171717091333e+02 8.21242407159524012705e-01
6.28787878787878753428e+02 8.20511062099999466390e-01
6.40404040404040415524e+02 8.20060785649138201947e-01
6.52020202020202077620e+02 8.19865316131147658929e-01
6.63636363636363626028e+02 8.19894723092024158007e-01
6.75252525252525174437e+02 8.20131559535421494900e-01
6.86868686868686836533e+02 8.20515033415822769847e-01
6.98484848484848498629e+02 8.21064558707553460160e-01
7.10101010101010160724e+02 8.21510194485185030189e-01
7.21717171717171709133e+02 8.22083420827077526738e-01
7.33333333333333257542e+02 8.22770832661588014112e-01
7.44949494949494919638e+02 8.23557173280302756702e-01
7.56565656565656581733e+02 8.24434107812527461334e-01
7.68181818181818243829e+02 8.25391335807102555222e-01
7.79797979797979792238e+02 8.26419437921000699099e-01
7.91414141414141340647e+02 8.27509807907281680350e-01
8.03030303030303002743e+02 8.28654588744899500696e-01
8.14646464646464664838e+02 8.29846612958237139779e-01
8.26262626262626326934e+02 8.31079347071289498139e-01
8.37878787878787875343e+02 8.32346840071482740875e-01
8.49494949494949423752e+02 8.33643675712578691162e-01
8.61111111111111085847e+02 8.34964928458202249040e-01
8.72727272727272747943e+02 8.36306122852566113934e-01
8.84343434343434296352e+02 8.37663196099095896940e-01
8.95959595959595958448e+02 8.39032463628295421820e-01
9.07575757575757506856e+02 8.40410587441262735275e-01
9.19191919191919168952e+02 8.41794547023298367350e-01
9.30808080808080831048e+02 8.43181612616116349379e-01
9.42424242424242379457e+02 8.44569320743496998460e-01
9.54040404040404041552e+02 8.45955451657772306007e-01
9.65656565656565589961e+02 8.47300918812626591148e-01
9.77272727272727252057e+02 8.48641655462096022866e-01
9.88888888888888914153e+02 8.49971863518722337005e-01
1.00050505050505046256e+03 8.51294425157889778077e-01
1.01212121212121212466e+03 8.52608082266138600502e-01
1.02373737373737367307e+03 8.53884038134329226288e-01
1.03535353535353533516e+03 8.55149519928842805072e-01
1.04696969696969699726e+03 8.56356389767382042422e-01
1.05858585858585865935e+03 8.57552106594388741101e-01
1.07020202020202032145e+03 8.58735295764787132100e-01
1.08181818181818175617e+03 8.59906118218103254769e-01
1.09343434343434341827e+03 8.61064077779081893382e-01
1.10505050505050508036e+03 8.62200988801161360975e-01
1.11666666666666651508e+03 8.63324412844096000796e-01
1.12828282828282817718e+03 8.64421214336143162171e-01
1.13989898989898983928e+03 8.65504249356335186860e-01
1.15151515151515150137e+03 8.66573311512345734187e-01
1.16313131313131316347e+03 8.67628237055390161281e-01
1.17474747474747482556e+03 8.68668900969474355733e-01
1.18636363636363648766e+03 8.69669369603582098627e-01
1.19797979797979792238e+03 8.70656009338928615904e-01
1.20959595959595958448e+03 8.71628786540419087103e-01
1.22121212121212124657e+03 8.72587692981828144667e-01
1.23282828282828268129e+03 8.73532743382265608467e-01
1.24444444444444434339e+03 8.74449954169289833672e-01
1.25606060606060600549e+03 8.75353717947249032605e-01
1.26767676767676766758e+03 8.76243975297163579796e-01
1.27929292929292932968e+03 8.77120937310220116778e-01
1.29090909090909099177e+03 8.77984698906531746410e-01
1.30252525252525265387e+03 8.78835366760607694658e-01
1.31414141414141408859e+03 8.79673057988925366502e-01
1.32575757575757575069e+03 8.80497898948418900034e-01
1.33737373737373718541e+03 8.81310024136919389903e-01
1.34898989898989884750e+03 8.82109575187279726372e-01
1.36060606060606050960e+03 8.82896699947629426397e-01
1.37222222222222217169e+03 8.83671551640797692251e-01
1.38383838383838383379e+03 8.84434288096508480770e-01
1.39545454545454549589e+03 8.85185071050488048172e-01
1.40707070707070715798e+03 8.85924065505080404748e-01
1.41868686868686859270e+03 8.86651439146406650238e-01
1.43030303030303025480e+03 8.87367361813511390523e-01
1.44191919191919191690e+03 8.88072005015303367337e-01
1.45353535353535357899e+03 8.88765541491422839115e-01
1.46515151515151501371e+03 8.89448144813494767646e-01
1.47676767676767667581e+03 8.90119989023496316349e-01
1.48838383838383833790e+03 8.90781248306008466287e-01
1.50000000000000000000e+03 8.91432096692712727659e-01


QUADRATIC ERROR = 2.889121e-05
