ESTIMATED THICKNESSES

Thickness of film 1 = 130.00 nm

ESTIMATED INFLEXION POINTS

Inflexion point of the absorption coefficient of film 1 = 350.00 nm

ESTIMATED REFRACTIVE INDICES AND ABSORPTION COEFFICIENTS

Film 1

lambda                     n                          kappa
3.50000000000000000000e+02 1.96074770426652467137e+00 3.61131515507636252638e-02
3.61616161616161605252e+02 1.95898106350164979972e+00 3.08748023313481119445e-02
3.73232323232323210505e+02 1.95721442273677492807e+00 2.80008930898419591826e-02
3.84848484848484872600e+02 1.95544778209708369765e+00 2.51269838483358064207e-02
3.96464646464646477853e+02 1.95368114145739246723e+00 2.22530746068296536588e-02
4.08080808080808083105e+02 1.95191450081770123681e+00 1.93791653653235633470e-02
4.19696969696969688357e+02 1.95014786017801000639e+00 1.65052561238174730351e-02
4.31313131313131293609e+02 1.94838121953840870404e+00 1.36313468823113827233e-02
4.42929292929292955705e+02 1.94661457889880740169e+00 1.07574376408052924115e-02
4.54545454545454560957e+02 1.94484793825920787569e+00 8.75650309814179905743e-03
4.66161616161616166210e+02 1.94308129761960834969e+00 6.75556855547830483605e-03
4.77777777777777771462e+02 1.94131465698000971187e+00 5.47784574028794060685e-03
4.89393939393939376714e+02 1.93954801634041107405e+00 4.20012292509757637765e-03
5.01010101010101038810e+02 1.93778137570089148412e+00 2.92240010990721214845e-03
5.12626262626262587219e+02 1.93601473506137189418e+00 2.25538663172282147218e-03
5.24242424242424249314e+02 1.93424809442186673714e+00 1.58837315353843057907e-03
5.35858585858585911410e+02 1.93248145378236158010e+00 9.21359675354039902792e-04
5.47474747474747459819e+02 1.93071481314285642306e+00 6.19213189558680135796e-04
5.59090909090909121915e+02 1.92894817250335148806e+00 3.17066703763320368800e-04
5.70707070707070670323e+02 1.92718153186384655307e+00 1.58533351943730785880e-04
5.82323232323232332419e+02 1.92541489122434161807e+00 1.24141207501380458078e-13
5.93939393939393994515e+02 1.92364825058483668307e+00 1.24141186723952056862e-13
6.05555555555555542924e+02 1.92188160994533174808e+00 1.24141165946523655647e-13
6.17171717171717091333e+02 1.92011496930582681308e+00 1.24141145169095254431e-13
6.28787878787878753428e+02 1.91834832866632454262e+00 1.24141124391666853216e-13
6.40404040404040415524e+02 1.91658168802682227216e+00 1.24141103614238452000e-13
6.52020202020202077620e+02 1.91481504753008535680e+00 1.24141082836810050785e-13
6.63636363636363626028e+02 1.91304840703334844143e+00 1.24141062059381649569e-13
6.75252525252525174437e+02 1.91128399476027621695e+00 1.24141041281953248353e-13
6.86868686868686836533e+02 1.90951958248720399247e+00 1.24141020504524847138e-13
6.98484848484848498629e+02 1.90775517021413176799e+00 1.24140999727096445922e-13
7.10101010101010160724e+02 1.90662627625050973279e+00 1.24140978949668044707e-13
7.21717171717171709133e+02 1.90549738228688769759e+00 1.24140958172239643491e-13
7.33333333333333257542e+02 1.90469419723957966717e+00 1.24140937394811242275e-13
7.44949494949494919638e+02 1.90389101219227163675e+00 1.24140916617382841060e-13
7.56565656565656581733e+02 1.90338655976231607703e+00 1.24140895839954439844e-13
7.68181818181818243829e+02 1.90288210733236051730e+00 1.24140875062526038629e-13
7.79797979797979792238e+02 1.90267281198654414354e+00 1.24140854285097637413e-13
7.91414141414141340647e+02 1.90246351664072776977e+00 1.24140833507669236197e-13
8.03030303030303002743e+02 1.90225517443224889647e+00 1.24140812730240834982e-13
8.14646464646464664838e+02 1.90204683222377002316e+00 1.24140791952812433766e-13
8.26262626262626326934e+02 1.90183849134430471572e+00 1.24140771175384032551e-13
8.37878787878787875343e+02 1.90163015046483940829e+00 1.24140750397955631335e-13
8.49494949494949423752e+02 1.90142180960121254252e+00 1.24140729620527230120e-13
8.61111111111111085847e+02 1.90121346873758567675e+00 1.24140708843098828904e-13
8.72727272727272747943e+02 1.90100512787395881098e+00 1.24140688065670427688e-13
8.84343434343434296352e+02 1.90093232090002484114e+00 1.24140667288242026473e-13
8.95959595959595958448e+02 1.90085951392609087129e+00 1.24140646510813625257e-13
9.07575757575757506856e+02 1.90078670933148896616e+00 1.24140625733385224042e-13
9.19191919191919168952e+02 1.90071390473688706102e+00 1.24140604955956822826e-13
9.30808080808080831048e+02 1.90064110014228515588e+00 1.24140584178528421610e-13
9.42424242424242379457e+02 1.90056829554768325075e+00 1.24140563401100020395e-13
9.54040404040404041552e+02 1.90049549095308134561e+00 1.24140542623671619179e-13
9.65656565656565589961e+02 1.90042268635847944047e+00 1.24140521846243217964e-13
9.77272727272727252057e+02 1.90034988176387753533e+00 1.24140501068814816748e-13
9.88888888888888914153e+02 1.90027707716927563020e+00 1.24140480291386415532e-13
1.00050505050505046256e+03 1.90020427257467372506e+00 1.24140459513958014317e-13
1.01212121212121212466e+03 1.90013146798007181992e+00 1.24140438736529613101e-13
1.02373737373737367307e+03 1.90005866338546991479e+00 1.24140417959101211886e-13
1.03535353535353533516e+03 1.89998585879086800965e+00 1.24140397181672810670e-13
1.04696969696969699726e+03 1.89991305419626610451e+00 1.24140376404244409455e-13
1.05858585858585865935e+03 1.89984024960166419937e+00 1.24140355626816008239e-13
1.07020202020202032145e+03 1.89976744500706229424e+00 1.24140334849387607023e-13
1.08181818181818175617e+03 1.89969464041246038910e+00 1.24140314071959205808e-13
1.09343434343434341827e+03 1.89962183581785848396e+00 1.24140293294530804592e-13
1.10505050505050508036e+03 1.89954903122325657883e+00 1.24140272517102403377e-13
1.11666666666666651508e+03 1.89947622662865467369e+00 1.24140251739674002161e-13
1.12828282828282817718e+03 1.89940342203405276855e+00 1.24140230962245600945e-13
1.13989898989898983928e+03 1.89933061743945086342e+00 1.24140210184818966778e-13
1.15151515151515150137e+03 1.89925781284484895828e+00 1.24140189407392332611e-13
1.16313131313131316347e+03 1.89918500825024705314e+00 1.24140168629965698444e-13
1.17474747474747482556e+03 1.89911220365564514800e+00 1.24140147852539064277e-13
1.18636363636363648766e+03 1.89903939906104324287e+00 1.24140127075112430110e-13
1.19797979797979792238e+03 1.89896659446644133773e+00 1.24140106297685795942e-13
1.20959595959595958448e+03 1.89889378987183943259e+00 1.24140085520259161775e-13
1.22121212121212124657e+03 1.89882098527723752746e+00 1.24140064742832527608e-13
1.23282828282828268129e+03 1.89874818068263562232e+00 1.24140043965405893441e-13
1.24444444444444434339e+03 1.89867537608803371718e+00 1.24140023187979259274e-13
1.25606060606060600549e+03 1.89860257149343181204e+00 1.24140002410552625107e-13
1.26767676767676766758e+03 1.89852976689882990691e+00 1.24139981633125990940e-13
1.27929292929292932968e+03 1.89845696230422800177e+00 1.24139960855699356772e-13
1.29090909090909099177e+03 1.89838415770962609663e+00 1.24139940078272722605e-13
1.30252525252525265387e+03 1.89831135311502419150e+00 1.24139919300846088438e-13
1.31414141414141408859e+03 1.89823854852042228636e+00 1.24139898523419454271e-13
1.32575757575757575069e+03 1.89816574392582038122e+00 1.24139877745992820104e-13
1.33737373737373718541e+03 1.89809293933121847608e+00 1.24139856968566185937e-13
1.34898989898989884750e+03 1.89802013473661657095e+00 1.24139836191139551769e-13
1.36060606060606050960e+03 1.89794733014201466581e+00 1.24139815413712917602e-13
1.37222222222222217169e+03 1.89787452554741276067e+00 1.24139794636286283435e-13
1.38383838383838383379e+03 1.89780172095281085554e+00 1.24139773859092117110e-13
1.39545454545454549589e+03 1.89772891635820895040e+00 1.24139753081897950786e-13
1.40707070707070715798e+03 1.89765611176360704526e+00 1.24139746337870233321e-13
1.41868686868686859270e+03 1.89758330716900514012e+00 1.24139739593842515856e-13
1.43030303030303025480e+03 1.89751050257440323499e+00 1.24139739593842515856e-13
1.44191919191919191690e+03 1.89743769797980132985e+00 1.24139739593842515856e-13
1.45353535353535357899e+03 1.89736489338519942471e+00 1.24139739593842515856e-13
1.46515151515151501371e+03 1.89729208879059751958e+00 1.24139739593842515856e-13
1.47676767676767667581e+03 1.89721928419599561444e+00 1.24139739593842515856e-13
1.48838383838383833790e+03 1.89714647960139370930e+00 1.24139739593842515856e-13
1.50000000000000000000e+03 1.89707367500679180417e+00 1.24139739593842515856e-13


TRANSMITTANCE WITH THE ESTIMATED THICKNESSES AND OPTICAL PARAMETERS

lambda                     t
3.50000000000000000000e+02 6.65998185540504494817e-01
3.61616161616161605252e+02 6.89767641496770611553e-01
3.73232323232323210505e+02 7.10127958650523916084e-01
3.84848484848484872600e+02 7.33252803613953174633e-01
3.96464646464646477853e+02 7.58276230902441561454e-01
4.08080808080808083105e+02 7.84304943016287059443e-01
4.19696969696969688357e+02 8.10461554641577541780e-01
4.31313131313131293609e+02 8.35927296947536091487e-01
4.42929292929292955705e+02 8.59982275703001675105e-01
4.54545454545454560957e+02 8.78962020022234669092e-01
4.66161616161616166210e+02 8.95522626937002685921e-01
4.77777777777777771462e+02 9.06952358053879748034e-01
4.89393939393939376714e+02 9.15787177547119801702e-01
5.01010101010101038810e+02 9.22133968679940796420e-01
5.12626262626262587219e+02 9.24230265302232290026e-01
5.24242424242424249314e+02 9.24420391548544051474e-01
5.35858585858585911410e+02 9.22998714318943647150e-01
5.47474747474747459819e+02 9.19217858788232367040e-01
5.59090909090909121915e+02 9.14487710972398004650e-01
5.70707070707070670323e+02 9.08685408832371477317e-01
5.82323232323232332419e+02 9.02442110940751551773e-01
5.93939393939393994515e+02 8.95563068321441169140e-01
6.05555555555555542924e+02 8.88616715800215062337e-01
6.17171717171717091333e+02 8.81725579196023900863e-01
6.28787878787878753428e+02 8.74985914261535047132e-01
6.40404040404040415524e+02 8.68471339493765870365e-01
6.52020202020202077620e+02 8.62236371395397216411e-01
6.63636363636363626028e+02 8.56319691599564003504e-01
6.75252525252525174437e+02 8.50746946960144190264e-01
6.86868686868686836533e+02 8.45533527211123403511e-01
6.98484848484848498629e+02 8.40686563968729538843e-01
7.10101010101010160724e+02 8.36136756289515115093e-01
7.21717171717171709133e+02 8.31926442628170281779e-01
7.33333333333333257542e+02 8.28001705896286632758e-01
7.44949494949494919638e+02 8.24389947363132424840e-01
7.56565656565656581733e+02 8.21027864088142544929e-01
7.68181818181818243829e+02 8.17948001397627466602e-01
7.79797979797979792238e+02 8.15077813059382760841e-01
7.91414141414141340647e+02 8.12458061974118406212e-01
8.03030303030303002743e+02 8.10076654724077305225e-01
8.14646464646464664838e+02 8.07921848719241775250e-01
8.26262626262626326934e+02 8.05981790506547834951e-01
8.37878787878787875343e+02 8.04244829483632628353e-01
8.49494949494949423752e+02 8.02699603666701566596e-01
8.61111111111111085847e+02 8.01335102901927331942e-01
8.72727272727272747943e+02 8.00140712773788398415e-01
8.84343434343434296352e+02 7.99065762781768995637e-01
8.95959595959595958448e+02 7.98139018459415594542e-01
9.07575757575757506856e+02 7.97351388385239112644e-01
9.19191919191919168952e+02 7.96694219743230847008e-01
9.30808080808080831048e+02 7.96159292041952681984e-01
9.42424242424242379457e+02 7.95738809686344805705e-01
9.54040404040404041552e+02 7.95425390863450099133e-01
9.65656565656565589961e+02 7.95212054289717085176e-01
9.77272727272727252057e+02 7.95092204483549336302e-01
9.88888888888888914153e+02 7.95059616086538190061e-01
1.00050505050505046256e+03 7.95108417643592857438e-01
1.01212121212121212466e+03 7.95233075161025593225e-01
1.02373737373737367307e+03 7.95428375688301048108e-01
1.03535353535353533516e+03 7.95689411110379385406e-01
1.04696969696969699726e+03 7.96011562290556917709e-01
1.05858585858585865935e+03 7.96390483666188697676e-01
1.07020202020202032145e+03 7.96822088369893100079e-01
1.08181818181818175617e+03 7.97302533925287382210e-01
1.09343434343434341827e+03 7.97828208547740169720e-01
1.10505050505050508036e+03 7.98395718066176374172e-01
1.11666666666666651508e+03 7.99001873470716605929e-01
1.12828282828282817718e+03 7.99643679082349012610e-01
1.13989898989898983928e+03 8.00318321334306359560e-01
1.15151515151515150137e+03 8.01023158150009906286e-01
1.16313131313131316347e+03 8.01755708898912899940e-01
1.17474747474747482556e+03 8.02513644909179202358e-01
1.18636363636363648766e+03 8.03294780514493877988e-01
1.19797979797979792238e+03 8.04097064611381751043e-01
1.20959595959595958448e+03 8.04918572702962853427e-01
1.22121212121212124657e+03 8.05757499405054145036e-01
1.23282828282828268129e+03 8.06612151390754150704e-01
1.24444444444444434339e+03 8.07480940750188058708e-01
1.25606060606060600549e+03 8.08362378742692677669e-01
1.26767676767676766758e+03 8.09255069919534220091e-01
1.27929292929292932968e+03 8.10157706596092319629e-01
1.29090909090909099177e+03 8.11069063653345856402e-01
1.30252525252525265387e+03 8.11987993649438966060e-01
1.31414141414141408859e+03 8.12913422223045634141e-01
1.32575757575757575069e+03 8.13844343771190081860e-01
1.33737373737373718541e+03 8.14779817385110405326e-01
1.34898989898989884750e+03 8.15718963028639887369e-01
1.36060606060606050960e+03 8.16660957944479570791e-01
1.37222222222222217169e+03 8.17605033274548254063e-01
1.38383838383838383379e+03 8.18550470881424074854e-01
1.39545454545454549589e+03 8.19496600358654236906e-01
1.40707070707070715798e+03 8.20442796218432746080e-01
1.41868686868686859270e+03 8.21388475245860005813e-01
1.43030303030303025480e+03 8.22333094009637499688e-01
1.44191919191919191690e+03 8.23276146519682949787e-01
1.45353535353535357899e+03 8.24217162022734317617e-01
1.46515151515151501371e+03 8.25155702927564571603e-01
1.47676767676767667581e+03 8.26091362851944510659e-01
1.48838383838383833790e+03 8.27023764783989756566e-01
1.50000000000000000000e+03 8.27952559350970340724e-01


QUADRATIC ERROR = 6.179613e-05
