ESTIMATED THICKNESSES

Thickness of film 1 = 95.00 nm

ESTIMATED INFLEXION POINTS

Inflexion point of the absorption coefficient of film 1 = 400.00 nm

ESTIMATED REFRACTIVE INDICES AND ABSORPTION COEFFICIENTS

Film 1

lambda                     n                          kappa
3.50000000000000000000e+02 2.15019269213173380706e+00 4.52918003914902020175e-10
3.61616161616161605252e+02 2.08775616529786312014e+00 4.48058012626042047894e-10
3.73232323232323210505e+02 2.02531963846399243323e+00 4.43198021337182075614e-10
3.84848484848484872600e+02 1.96288311163012174632e+00 4.38338030048322103334e-10
3.96464646464646477853e+02 1.95125517086978805814e+00 4.33478038759462131054e-10
4.08080808080808083105e+02 1.93962723010945436997e+00 4.28618047470602158774e-10
4.19696969696969688357e+02 1.92799928934912068179e+00 4.23758056181742186494e-10
4.31313131313131293609e+02 1.91637134858878699362e+00 4.18898064892882214214e-10
4.42929292929292955705e+02 1.90474340782845330544e+00 4.14038073604022241934e-10
4.54545454545454560957e+02 1.89861041932602359061e+00 4.09178082315168266713e-10
4.66161616161616166210e+02 1.89247743082359387579e+00 4.04318091026314291492e-10
4.77777777777777771462e+02 1.88634444232116416096e+00 3.99458099737460316272e-10
4.89393939393939376714e+02 1.88021145381873444613e+00 3.94598108448606341051e-10
5.01010101010101038810e+02 1.87407846531630473130e+00 3.89738117159752365830e-10
5.12626262626262587219e+02 1.86871257897134768200e+00 3.84878125870898390610e-10
5.24242424242424249314e+02 1.86334669262639063270e+00 3.80018134582044415389e-10
5.35858585858585911410e+02 1.85798080628143358339e+00 3.75158143293190440168e-10
5.47474747474747459819e+02 1.85261491993647653409e+00 3.70298152004336464948e-10
5.59090909090909121915e+02 1.85037750973282855149e+00 3.65438160715482489727e-10
5.70707070707070670323e+02 1.84814009952918056889e+00 3.60578169426628514506e-10
5.82323232323232332419e+02 1.84590268932553258630e+00 3.55718178137774539286e-10
5.93939393939393994515e+02 1.84366527912188460370e+00 3.50858186848920564065e-10
6.05555555555555542924e+02 1.84142786891823662110e+00 3.45998195560066588844e-10
6.17171717171717091333e+02 1.83959075803630089929e+00 3.41138204271212613624e-10
6.28787878787878753428e+02 1.83775364715436517749e+00 3.36278212982358638403e-10
6.40404040404040415524e+02 1.83591653627242945568e+00 3.31418221693504663182e-10
6.52020202020202077620e+02 1.83407942539049373387e+00 3.26558230404650687962e-10
6.63636363636363626028e+02 1.83224231450855801207e+00 3.21698239115796712741e-10
6.75252525252525174437e+02 1.83070302292695097357e+00 3.16838247826942737520e-10
6.86868686868686836533e+02 1.82916373134534393508e+00 3.11978256538088762300e-10
6.98484848484848498629e+02 1.82762443976373689658e+00 3.07118265249234787079e-10
7.10101010101010160724e+02 1.82608514818212985809e+00 3.02258273960380811858e-10
7.21717171717171709133e+02 1.82454585660052281959e+00 2.97398282671526836638e-10
7.33333333333333257542e+02 1.82352402472881047757e+00 2.92538291382672861417e-10
7.44949494949494919638e+02 1.82250219285709813555e+00 2.87678300093818886196e-10
7.56565656565656581733e+02 1.82148036098538579353e+00 2.82818308804964910976e-10
7.68181818181818243829e+02 1.82045852911367345150e+00 2.77958317516110935755e-10
7.79797979797979792238e+02 1.81943669724196110948e+00 2.73098326227256960534e-10
7.91414141414141340647e+02 1.81841486537024876746e+00 2.68238334938402985314e-10
8.03030303030303002743e+02 1.81739303349853642544e+00 2.63378343649549010093e-10
8.14646464646464664838e+02 1.81637120162682408342e+00 2.58518352360695034872e-10
8.26262626262626326934e+02 1.81534936975511174140e+00 2.53658361071841059652e-10
8.37878787878787875343e+02 1.81432753788339939938e+00 2.48798369782987084431e-10
8.49494949494949423752e+02 1.81330570601168705736e+00 2.43938378494133109210e-10
8.61111111111111085847e+02 1.81228387413997471533e+00 2.39078387205279133990e-10
8.72727272727272747943e+02 1.81126204226826237331e+00 2.34218395916425158769e-10
8.84343434343434296352e+02 1.81024021039655003129e+00 2.29358404627571183548e-10
8.95959595959595958448e+02 1.80921837852483768927e+00 2.24498413338717208328e-10
9.07575757575757506856e+02 1.80819654665312534725e+00 2.19638422049863233107e-10
9.19191919191919168952e+02 1.80717471478141300523e+00 2.14778430761009257886e-10
9.30808080808080831048e+02 1.80615288290970066321e+00 2.09918439472155282666e-10
9.42424242424242379457e+02 1.80513105103798832118e+00 2.05058448183301307445e-10
9.54040404040404041552e+02 1.80410981008691351235e+00 2.00198456894447332224e-10
9.65656565656565589961e+02 1.80308856913583870352e+00 1.95338465605593357004e-10
9.77272727272727252057e+02 1.80206732818476389468e+00 1.90478474316739381783e-10
9.88888888888888914153e+02 1.80104608723368908585e+00 1.85618483027885406562e-10
1.00050505050505046256e+03 1.80002484628261427702e+00 1.80758491739031431342e-10
1.01212121212121212466e+03 1.79926207455357078935e+00 1.75898500450177456121e-10
1.02373737373737367307e+03 1.79849930282452730168e+00 1.71038509161323480900e-10
1.03535353535353533516e+03 1.79773653109548381401e+00 1.66178517872469505680e-10
1.04696969696969699726e+03 1.79697375936644032635e+00 1.61318526583615530459e-10
1.05858585858585865935e+03 1.79621098763739683868e+00 1.56458535294761555238e-10
1.07020202020202032145e+03 1.79554539574943361480e+00 1.51598544005907580018e-10
1.08181818181818175617e+03 1.79487980386147039091e+00 1.46738552717053604797e-10
1.09343434343434341827e+03 1.79421421197350716703e+00 1.41878561428199629576e-10
1.10505050505050508036e+03 1.79354862008554394315e+00 1.37018570139345654356e-10
1.11666666666666651508e+03 1.79295383206376435226e+00 1.32158578850491679135e-10
1.12828282828282817718e+03 1.79235904404198476136e+00 1.27298587561637703914e-10
1.13989898989898983928e+03 1.79176425602020517047e+00 1.22438596272783728694e-10
1.15151515151515150137e+03 1.79116946799842557958e+00 1.17578604983929753473e-10
1.16313131313131316347e+03 1.79061217081427037634e+00 1.12718613695075778252e-10
1.17474747474747482556e+03 1.79005487363011517310e+00 1.07858622406221803032e-10
1.18636363636363648766e+03 1.78949805279187224016e+00 1.02998631117367827811e-10
1.19797979797979792238e+03 1.78894123195362930723e+00 9.81386398285138525902e-11
1.20959595959595958448e+03 1.78838441111538637429e+00 9.32786485396598773695e-11
1.22121212121212124657e+03 1.78782780487739501041e+00 8.84186572508059021488e-11
1.23282828282828268129e+03 1.78727119863940364652e+00 8.35586659619519269282e-11
1.24444444444444434339e+03 1.78681252523280398314e+00 7.86986746730979517075e-11
1.25606060606060600549e+03 1.78635385182620431976e+00 7.38386833842439764868e-11
1.26767676767676766758e+03 1.78589517841960465638e+00 6.89786920953900012662e-11
1.27929292929292932968e+03 1.78543657943966649349e+00 6.41187008065360260455e-11
1.29090909090909099177e+03 1.78497798045972833059e+00 5.92587095176820508248e-11
1.30252525252525265387e+03 1.78451938147979460858e+00 5.43987182288280756042e-11
1.31414141414141408859e+03 1.78406078249986088657e+00 4.95387269399741003835e-11
1.32575757575757575069e+03 1.78360218351992716457e+00 4.46787356511201251628e-11
1.33737373737373718541e+03 1.78314358453999344256e+00 3.98187443622661499421e-11
1.34898989898989884750e+03 1.78268498556005972056e+00 3.49587530734121747215e-11
1.36060606060606050960e+03 1.78222638658012599855e+00 3.00987617845581995008e-11
1.37222222222222217169e+03 1.78176778760019227654e+00 2.52387704957042210490e-11
1.38383838383838383379e+03 1.78130918862025855454e+00 2.03787792068502458283e-11
1.39545454545454549589e+03 1.78085058964032483253e+00 1.55187879179962706076e-11
1.40707070707070715798e+03 1.78039199066039111052e+00 1.06587966291422953870e-11
1.41868686868686859270e+03 1.77993339168045738852e+00 5.79880534028832016629e-12
1.43030303030303025480e+03 1.77947479270052366651e+00 5.79880534028832016629e-12
1.44191919191919191690e+03 1.77901619372058994450e+00 5.79880534028832016629e-12
1.45353535353535357899e+03 1.77855759474065622250e+00 5.79880534028832016629e-12
1.46515151515151501371e+03 1.77809899576072250049e+00 5.79880534028832016629e-12
1.47676767676767667581e+03 1.77764039678078877849e+00 5.79880534028832016629e-12
1.48838383838383833790e+03 1.77718179780085505648e+00 5.79880534028832016629e-12
1.50000000000000000000e+03 1.77672319882092200061e+00 5.79880534028832016629e-12


TRANSMITTANCE WITH THE ESTIMATED THICKNESSES AND OPTICAL PARAMETERS

lambda                     t
3.50000000000000000000e+02 8.63184519118324611320e-01
3.61616161616161605252e+02 9.07331121832604226007e-01
3.73232323232323210505e+02 9.27306855206534330627e-01
3.84848484848484872600e+02 9.27957480301521808741e-01
3.96464646464646477853e+02 9.22744288126148171081e-01
4.08080808080808083105e+02 9.14961656301324421925e-01
4.19696969696969688357e+02 9.05756018420053599094e-01
4.31313131313131293609e+02 8.96037345802516038695e-01
4.42929292929292955705e+02 8.86477220075936100940e-01
4.54545454545454560957e+02 8.77653101926557654977e-01
4.66161616161616166210e+02 8.69392447980557037113e-01
4.77777777777777771462e+02 8.61845670558831766783e-01
4.89393939393939376714e+02 8.55096889019684058830e-01
5.01010101010101038810e+02 8.49181717412509140530e-01
5.12626262626262587219e+02 8.44004829811191847888e-01
5.24242424242424249314e+02 8.39599746154555681699e-01
5.35858585858585911410e+02 8.35932932797962213733e-01
5.47474747474747459819e+02 8.32961660089961197784e-01
5.59090909090909121915e+02 8.29952215080373645328e-01
5.70707070707070670323e+02 8.27425729842480195408e-01
5.82323232323232332419e+02 8.25347207458093423682e-01
5.93939393939393994515e+02 8.23681818837742274475e-01
6.05555555555555542924e+02 8.22395613845118500507e-01
6.17171717171717091333e+02 8.21339193914160770049e-01
6.28787878787878753428e+02 8.20589892926938069273e-01
6.40404040404040415524e+02 8.20119939682179110996e-01
6.52020202020202077620e+02 8.19903324321050397394e-01
6.63636363636363626028e+02 8.19915812894224549368e-01
6.75252525252525174437e+02 8.20035480901638913487e-01
6.86868686868686836533e+02 8.20337651959327396334e-01
6.98484848484848498629e+02 8.20803857008051362953e-01
7.10101010101010160724e+02 8.21417090257870796677e-01
7.21717171717171709133e+02 8.22161722807143058311e-01
7.33333333333333257542e+02 8.22840017594915429378e-01
7.44949494949494919638e+02 8.23619956397233843326e-01
7.56565656565656581733e+02 8.24490323987715378884e-01
7.68181818181818243829e+02 8.25440854618163299961e-01
7.79797979797979792238e+02 8.26462160346337681993e-01
7.91414141414141340647e+02 8.27545663291575972487e-01
8.03030303030303002743e+02 8.28683532013790968840e-01
8.14646464646464664838e+02 8.29868622064082406276e-01
8.26262626262626326934e+02 8.31094420652578325104e-01
8.37878787878787875343e+02 8.32354995309389278368e-01
8.49494949494949423752e+02 8.33644946369109129947e-01
8.61111111111111085847e+02 8.34959363081456684696e-01
8.72727272727272747943e+02 8.36293783135643953308e-01
8.84343434343434296352e+02 8.37644155380203425665e-01
8.95959595959595958448e+02 8.39006805520572718216e-01
9.07575757575757506856e+02 8.40378404581740956480e-01
9.19191919191919168952e+02 8.41755939931273622356e-01
9.30808080808080831048e+02 8.43136688667838640754e-01
9.42424242424242379457e+02 8.44518193191322597002e-01
9.54040404040404041552e+02 8.45898038639324223453e-01
9.65656565656565589961e+02 8.47274436053848556405e-01
9.77272727272727252057e+02 8.48645596615035358035e-01
9.88888888888888914153e+02 8.50009917599734987625e-01
1.00050505050505046256e+03 8.51365966502045212749e-01
1.01212121212121212466e+03 8.52628737027305905194e-01
1.02373737373737367307e+03 8.53882428134106530315e-01
1.03535353535353533516e+03 8.55126069887020889837e-01
1.04696969696969699726e+03 8.56358804252002725477e-01
1.05858585858585865935e+03 8.57579875419659853897e-01
1.07020202020202032145e+03 8.58758651983931642349e-01
1.08181818181818175617e+03 8.59925145023611614548e-01
1.09343434343434341827e+03 8.61078859366249282914e-01
1.10505050505050508036e+03 8.62219369042236949419e-01
1.11666666666666651508e+03 8.63325375492243751729e-01
1.12828282828282817718e+03 8.64417959979775440971e-01
1.13989898989898983928e+03 8.65496869221559661511e-01
1.15151515151515150137e+03 8.66561896661399599928e-01
1.16313131313131316347e+03 8.67602266524638676692e-01
1.17474747474747482556e+03 8.68628700483234261753e-01
1.18636363636363648766e+03 8.69640974886078499395e-01
1.19797979797979792238e+03 8.70639164169130008730e-01
1.20959595959595958448e+03 8.71623236380820398672e-01
1.22121212121212124657e+03 8.72593127877690721839e-01
1.23282828282828268129e+03 8.73548914376411356209e-01
1.24444444444444434339e+03 8.74465027202159350672e-01
1.25606060606060600549e+03 8.75367715139495961019e-01
1.26767676767676766758e+03 8.76257045029303682782e-01
1.27929292929292932968e+03 8.77133079640518342757e-01
1.29090909090909099177e+03 8.77995932952582713860e-01
1.30252525252525265387e+03 8.78845711442657773205e-01
1.31414141414141408859e+03 8.79682532016141771614e-01
1.32575757575757575069e+03 8.80506520806827563952e-01
1.33737373737373718541e+03 8.81317812078870943537e-01
1.34898989898989884750e+03 8.82116547222318470034e-01
1.36060606060606050960e+03 8.82902873834650492313e-01
1.37222222222222217169e+03 8.83676944881381487562e-01
1.38383838383838383379e+03 8.84438917929330492562e-01
1.39545454545454549589e+03 8.85188954446715192681e-01
1.40707070707070715798e+03 8.85927219164665324946e-01
1.41868686868686859270e+03 8.86653879495201802108e-01
1.43030303030303025480e+03 8.87369104996584834311e-01
1.44191919191919191690e+03 8.88073066904628172225e-01
1.45353535353535357899e+03 8.88765937680441764357e-01
1.46515151515151501371e+03 8.89447890616844927258e-01
1.47676767676767667581e+03 8.90119099477238884255e-01
1.48838383838383833790e+03 8.90779738168548274047e-01
1.50000000000000000000e+03 8.91429980445453740145e-01


QUADRATIC ERROR = 3.042337e-05
