ESTIMATED THICKNESSES

Thickness of film 1 = 105.00 nm

ESTIMATED INFLEXION POINTS

Inflexion point of the absorption coefficient of film 1 = 700.00 nm

ESTIMATED REFRACTIVE INDICES AND ABSORPTION COEFFICIENTS

Film 1

lambda                     n                          kappa
3.50000000000000000000e+02 2.69761340011012151763e+00 9.19656823228615638577e-02
3.61616161616161605252e+02 2.69184992785574461749e+00 9.25112396999531044761e-02
3.73232323232323210505e+02 2.68608645560136771735e+00 9.30567970770446450945e-02
3.84848484848484872600e+02 2.68032298335525798194e+00 9.36023544541361857130e-02
3.96464646464646477853e+02 2.67455951110914824653e+00 9.41479118312277263314e-02
4.08080808080808083105e+02 2.67455951109018696954e+00 9.46934692083192669498e-02
4.19696969696969688357e+02 2.67455951107122569255e+00 9.52390265854108075683e-02
4.31313131313131293609e+02 2.67455951107122569255e+00 9.57845839625023481867e-02
4.42929292929292955705e+02 2.67455951107122569255e+00 9.63301413395938888051e-02
4.54545454545454560957e+02 2.67455951107122569255e+00 9.68756987166854294236e-02
4.66161616161616166210e+02 2.67455951107122569255e+00 9.74212560937769700420e-02
4.77777777777777771462e+02 2.67455951107122569255e+00 9.79668134708685106604e-02
4.89393939393939376714e+02 2.67455951107122569255e+00 9.85123708479600512788e-02
5.01010101010101038810e+02 2.67455951107122569255e+00 9.90579282250515918973e-02
5.12626262626262587219e+02 2.67455951107122569255e+00 9.96034856021431325157e-02
5.24242424242424249314e+02 2.67455951107122569255e+00 1.00149042979234673134e-01
5.35858585858585911410e+02 2.67455951107122569255e+00 1.00694600356326213753e-01
5.47474747474747459819e+02 2.67455951107122569255e+00 1.01240157733417754371e-01
5.59090909090909121915e+02 2.67455951107122569255e+00 1.01785715110509294989e-01
5.70707070707070670323e+02 2.67455951107122569255e+00 1.02331272487600835608e-01
5.82323232323232332419e+02 2.67455951107122569255e+00 1.02876829864692376226e-01
5.93939393939393994515e+02 2.67455951107122569255e+00 1.03420380216154877973e-01
6.05555555555555542924e+02 2.67455951107122569255e+00 1.00973399846532349566e-01
6.17171717171717091333e+02 2.67455951107122569255e+00 9.85264194769098211601e-02
6.28787878787878753428e+02 2.67455951107122569255e+00 9.60794391072872927539e-02
6.40404040404040415524e+02 2.67455951107122569255e+00 9.12989137765591318718e-02
6.52020202020202077620e+02 2.67455951107122569255e+00 8.65183884458309709897e-02
6.63636363636363626028e+02 2.67455951107122569255e+00 8.17378631151028101076e-02
6.75252525252525174437e+02 2.67455951107122569255e+00 7.54063224131926168603e-02
6.86868686868686836533e+02 2.67455951107122569255e+00 6.90747817112824236130e-02
6.98484848484848498629e+02 2.67455951107122569255e+00 6.27432410093722303657e-02
7.10101010101010160724e+02 2.67455951107122569255e+00 5.53208585290436427595e-02
7.21717171717171709133e+02 2.67455951107122569255e+00 4.78984760487150620922e-02
7.33333333333333257542e+02 2.67455951107122569255e+00 4.04760935683864814250e-02
7.44949494949494919638e+02 2.67455951107122569255e+00 3.30537110880583795414e-02
7.56565656565656581733e+02 2.67455951107122569255e+00 2.56313286077302776578e-02
7.68181818181818243829e+02 2.67455951107122569255e+00 1.82089461274021757742e-02
7.79797979797979792238e+02 2.67455951107122569255e+00 1.21392974218279200982e-02
7.91414141414141340647e+02 2.67455951107122569255e+00 6.06964871625366355484e-03
8.03030303030303002743e+02 2.67455951107122569255e+00 1.06794067427449367505e-11
8.14646464646464664838e+02 2.67455951107122569255e+00 1.06794056700571119294e-11
8.26262626262626326934e+02 2.67455951107122569255e+00 1.06794045973692871083e-11
8.37878787878787875343e+02 2.67455951107122569255e+00 1.06794035246814622872e-11
8.49494949494949423752e+02 2.67455951107122569255e+00 1.06794024519936374661e-11
8.61111111111111085847e+02 2.67455951107122569255e+00 1.06794013793058126449e-11
8.72727272727272747943e+02 2.67455951107122569255e+00 1.06794003066179878238e-11
8.84343434343434296352e+02 2.67455951107122569255e+00 1.06793992339301630027e-11
8.95959595959595958448e+02 2.67455951107122569255e+00 1.06793981612423381816e-11
9.07575757575757506856e+02 2.67455951107122569255e+00 1.06793970885545133605e-11
9.19191919191919168952e+02 2.67455951107122569255e+00 1.06793960158666885394e-11
9.30808080808080831048e+02 2.67455951107122569255e+00 1.06793949431788637183e-11
9.42424242424242379457e+02 2.67455951107122569255e+00 1.06793938704910388971e-11
9.54040404040404041552e+02 2.67455951107122569255e+00 1.06793927978032140760e-11
9.65656565656565589961e+02 2.67455951107122569255e+00 1.06793917251153892549e-11
9.77272727272727252057e+02 2.67455951107122569255e+00 1.06793906524275644338e-11
9.88888888888888914153e+02 2.67455951107122569255e+00 1.06793895797397396127e-11
1.00050505050505046256e+03 2.67455951107122569255e+00 1.06793885070519147916e-11
1.01212121212121212466e+03 2.67455951107122569255e+00 1.06793874343640899705e-11
1.02373737373737367307e+03 2.67455951107122569255e+00 1.06793863616762651493e-11
1.03535353535353533516e+03 2.67455951107122569255e+00 1.06793852889884403282e-11
1.04696969696969699726e+03 2.67455951107122569255e+00 1.06793842163006155071e-11
1.05858585858585865935e+03 2.67455951107122569255e+00 1.06793831436127906860e-11
1.07020202020202032145e+03 2.67455951107122569255e+00 1.06793820709249658649e-11
1.08181818181818175617e+03 2.67455951107122569255e+00 1.06793809982371410438e-11
1.09343434343434341827e+03 2.67455951107122569255e+00 1.06793799255493162227e-11
1.10505050505050508036e+03 2.67455951107122569255e+00 1.06793788528614914015e-11
1.11666666666666651508e+03 2.67455951107122569255e+00 1.06793777801736665804e-11
1.12828282828282817718e+03 2.67455951107122569255e+00 1.06793767074858417593e-11
1.13989898989898983928e+03 2.67455951107122569255e+00 1.06793756347980169382e-11
1.15151515151515150137e+03 2.67455951107122569255e+00 1.06793745621101921171e-11
1.16313131313131316347e+03 2.67455951107122569255e+00 1.06793734894223672960e-11
1.17474747474747482556e+03 2.67455951107122569255e+00 1.06793724167345424748e-11
1.18636363636363648766e+03 2.67455951107122569255e+00 1.06793713440467176537e-11
1.19797979797979792238e+03 2.67455951107122569255e+00 1.06793702713588928326e-11
1.20959595959595958448e+03 2.67455951107122569255e+00 1.06793691986710680115e-11
1.22121212121212124657e+03 2.67455951107122569255e+00 1.06793681259832431904e-11
1.23282828282828268129e+03 2.67455951107122569255e+00 1.06793670532954183693e-11
1.24444444444444434339e+03 2.67455951107122569255e+00 1.06793659806075935482e-11
1.25606060606060600549e+03 2.67455951107122569255e+00 1.06793649079197687270e-11
1.26767676767676766758e+03 2.67455951107122569255e+00 1.06793638352319439059e-11
1.27929292929292932968e+03 2.67455951107122569255e+00 1.06793627625441190848e-11
1.29090909090909099177e+03 2.67455951107122569255e+00 1.06793616898562942637e-11
1.30252525252525265387e+03 2.67455951107122569255e+00 1.06793606171684694426e-11
1.31414141414141408859e+03 2.67455951107122569255e+00 1.06793595444806446215e-11
1.32575757575757575069e+03 2.67455951107122569255e+00 1.06793584717928214159e-11
1.33737373737373718541e+03 2.67455951107122569255e+00 1.06793573991049982104e-11
1.34898989898989884750e+03 2.67455951107122569255e+00 1.06793563264171750049e-11
1.36060606060606050960e+03 2.67455951107122569255e+00 1.06793552537293517994e-11
1.37222222222222217169e+03 2.67455951107122569255e+00 1.06793541810415285938e-11
1.38383838383838383379e+03 2.67455951107122569255e+00 1.06793531083537053883e-11
1.39545454545454549589e+03 2.67455951107122569255e+00 1.06793520356658821828e-11
1.40707070707070715798e+03 2.67455951107122569255e+00 1.06793509629780589772e-11
1.41868686868686859270e+03 2.67455951107122569255e+00 1.06793498902902357717e-11
1.43030303030303025480e+03 2.67455951107122569255e+00 1.06793488176024125662e-11
1.44191919191919191690e+03 2.67455951107122569255e+00 1.06793477449145893607e-11
1.45353535353535357899e+03 2.67455951107122569255e+00 1.06793466722267661551e-11
1.46515151515151501371e+03 2.67455951107122569255e+00 1.06793455995389429496e-11
1.47676767676767667581e+03 2.67455951107122569255e+00 1.06793445268511197441e-11
1.48838383838383833790e+03 2.67455951107122569255e+00 1.06793434541632965386e-11
1.50000000000000000000e+03 2.67455951107122569255e+00 1.06793434541632965386e-11


TRANSMITTANCE WITH THE ESTIMATED THICKNESSES AND OPTICAL PARAMETERS

lambda                     t
3.50000000000000000000e+02 4.36542708519211342111e-01
3.61616161616161605252e+02 4.26118804254581873270e-01
3.73232323232323210505e+02 4.23167811078480116116e-01
3.84848484848484872600e+02 4.26758197041415265893e-01
3.96464646464646477853e+02 4.35994469646318438816e-01
4.08080808080808083105e+02 4.48153740190358362838e-01
4.19696969696969688357e+02 4.63856976614596849817e-01
4.31313131313131293609e+02 4.82480897812956166515e-01
4.42929292929292955705e+02 5.03383726659256569569e-01
4.54545454545454560957e+02 5.25885780603712382764e-01
4.66161616161616166210e+02 5.49264527458538265314e-01
4.77777777777777771462e+02 5.72765657626106095002e-01
4.89393939393939376714e+02 5.95629353291519114677e-01
5.01010101010101038810e+02 6.17128233955565930202e-01
5.12626262626262587219e+02 6.36610905047820252456e-01
5.24242424242424249314e+02 6.53543461803969050194e-01
5.35858585858585911410e+02 6.67541419905940847102e-01
5.47474747474747459819e+02 6.78386532286924692770e-01
5.59090909090909121915e+02 6.86026271762191663939e-01
5.70707070707070670323e+02 6.90557370811967330404e-01
5.82323232323232332419e+02 6.92197635809142508556e-01
5.93939393939393994515e+02 6.91255314853401303665e-01
6.05555555555555542924e+02 6.93368004257517989153e-01
6.17171717171717091333e+02 6.93178998345463481812e-01
6.28787878787878753428e+02 6.91029115908378566147e-01
6.40404040404040415524e+02 6.90903641661071210578e-01
6.52020202020202077620e+02 6.89150929330527350913e-01
6.63636363636363626028e+02 6.86078694829873603211e-01
6.75252525252525174437e+02 6.84075170445574975986e-01
6.86868686868686836533e+02 6.81091640031000755684e-01
6.98484848484848498629e+02 6.77366555786797941430e-01
7.10101010101010160724e+02 6.74385530856725257109e-01
7.21717171717171709133e+02 6.70930382436766170606e-01
7.33333333333333257542e+02 6.67164122493130284930e-01
7.44949494949494919638e+02 6.63224340549885882368e-01
7.56565656565656581733e+02 6.59225261747049984251e-01
7.68181818181818243829e+02 6.55260226603876394513e-01
7.79797979797979792238e+02 6.50205865895290724410e-01
7.91414141414141340647e+02 6.45417752038396685954e-01
8.03030303030303002743e+02 6.40929382899230848381e-01
8.14646464646464664838e+02 6.32003563459676787062e-01
8.26262626262626326934e+02 6.23762013932996906007e-01
8.37878787878787875343e+02 6.16163556682825963584e-01
8.49494949494949423752e+02 6.09168240156130691432e-01
8.61111111111111085847e+02 6.02737727893509656063e-01
8.72727272727272747943e+02 5.96835536280131861986e-01
8.84343434343434296352e+02 5.91427161838387061010e-01
8.95959595959595958448e+02 5.86480129011889617097e-01
9.07575757575757506856e+02 5.81963981752884995657e-01
9.19191919191919168952e+02 5.77850236349932044888e-01
9.30808080808080831048e+02 5.74112308442340624204e-01
9.42424242424242379457e+02 5.70725423754679939137e-01
9.54040404040404041552e+02 5.67666519503182032125e-01
9.65656565656565589961e+02 5.64914141482582232712e-01
9.77272727272727252057e+02 5.62448340386071499175e-01
9.88888888888888914153e+02 5.60250569825901711951e-01
1.00050505050505046256e+03 5.58303587718056215650e-01
1.01212121212121212466e+03 5.56591362102548559143e-01
1.02373737373737367307e+03 5.55098982038944144257e-01
1.03535353535353533516e+03 5.53812573904757132759e-01
1.04696969696969699726e+03 5.52719223202188247868e-01
1.05858585858585865935e+03 5.51806901823357898174e-01
1.07020202020202032145e+03 5.51064400618431871059e-01
1.08181818181818175617e+03 5.50481267041834865239e-01
1.09343434343434341827e+03 5.50047747609208936836e-01
1.10505050505050508036e+03 5.49754734874641992626e-01
1.11666666666666651508e+03 5.49593718628335170528e-01
1.12828282828282817718e+03 5.49556741015323035882e-01
1.13989898989898983928e+03 5.49636355282919097931e-01
1.15151515151515150137e+03 5.49825587876109800334e-01
1.16313131313131316347e+03 5.50117903614402603552e-01
1.17474747474747482556e+03 5.50507173699532281752e-01
1.18636363636363648766e+03 5.50987646320041268844e-01
1.19797979797979792238e+03 5.51553919635444866998e-01
1.20959595959595958448e+03 5.52200916939111219328e-01
1.22121212121212124657e+03 5.52923863814813065787e-01
1.23282828282828268129e+03 5.53718267116906415204e-01
1.24444444444444434339e+03 5.54579895618295348747e-01
1.25606060606060600549e+03 5.55504762183534506192e-01
1.26767676767676766758e+03 5.56489107336721633423e-01
1.27929292929292932968e+03 5.57529384105170056074e-01
1.29090909090909099177e+03 5.58622244030299919260e-01
1.30252525252525265387e+03 5.59764524246768702120e-01
1.31414141414141408859e+03 5.60953235539636274609e-01
1.32575757575757575069e+03 5.62185551297364471957e-01
1.33737373737373718541e+03 5.63458797285778967279e-01
1.34898989898989884750e+03 5.64770442174751141629e-01
1.36060606060606050960e+03 5.66118088755444559546e-01
1.37222222222222217169e+03 5.67499465791462376352e-01
1.38383838383838383379e+03 5.68912420452247546976e-01
1.39545454545454549589e+03 5.70354911281633292219e-01
1.40707070707070715798e+03 5.71825001658586629105e-01
1.41868686868686859270e+03 5.73320853710920674828e-01
1.43030303030303025480e+03 5.74840722646186019773e-01
1.44191919191919191690e+03 5.76382951467026338754e-01
1.45353535353535357899e+03 5.77945966041114700396e-01
1.46515151515151501371e+03 5.79528270498333553107e-01
1.47676767676767667581e+03 5.81128442930187838478e-01
1.48838383838383833790e+03 5.82745131368556545937e-01
1.50000000000000000000e+03 5.84377050022808153251e-01


QUADRATIC ERROR = 5.120267e-03
