ESTIMATED THICKNESSES

Thickness of film 1 = 95.00 nm

ESTIMATED INFLEXION POINTS

Inflexion point of the absorption coefficient of film 1 = 380.00 nm

ESTIMATED REFRACTIVE INDICES AND ABSORPTION COEFFICIENTS

Film 1

lambda                     n                          kappa
3.50000000000000000000e+02 2.14214180512284846358e+00 1.21021976950060972458e-03
3.61616161616161605252e+02 2.07130016625864898927e+00 9.68175815604207807424e-04
3.73232323232323210505e+02 2.00045852739444951496e+00 7.26131861707805890266e-04
3.84848484848484872600e+02 1.98057424834392326041e+00 4.84087907811403918897e-04
3.96464646464646477853e+02 1.96068996929339700586e+00 2.42043953915001920424e-04
4.08080808080808083105e+02 1.94493805839628586263e+00 1.85999042067288438904e-14
4.19696969696969688357e+02 1.92918614749917471940e+00 1.85999042067288438904e-14
4.31313131313131293609e+02 1.91955024278439734253e+00 1.85999042067288438904e-14
4.42929292929292955705e+02 1.90991433806961996567e+00 1.85999042067288438904e-14
4.54545454545454560957e+02 1.90027843335484258880e+00 1.85999042067288438904e-14
4.66161616161616166210e+02 1.89066054450690024247e+00 1.85999042067288438904e-14
4.77777777777777771462e+02 1.88104265565895789614e+00 1.85999042067288438904e-14
4.89393939393939376714e+02 1.87619297443026944450e+00 1.85999042067288438904e-14
5.01010101010101038810e+02 1.87134329320158099286e+00 1.85999042067288438904e-14
5.12626262626262587219e+02 1.86649361197289254122e+00 1.85999042067288438904e-14
5.24242424242424249314e+02 1.86165538471863079018e+00 1.85999042067288438904e-14
5.35858585858585911410e+02 1.85681715746436903913e+00 1.85999042067288438904e-14
5.47474747474747459819e+02 1.85404551415472140796e+00 1.85999042067288438904e-14
5.59090909090909121915e+02 1.85127387084507377679e+00 1.85999042067288438904e-14
5.70707070707070670323e+02 1.84864411097519232285e+00 1.85999042067288438904e-14
5.82323232323232332419e+02 1.84601435110531086892e+00 1.85999042067288438904e-14
5.93939393939393994515e+02 1.84338459123542941498e+00 1.85999042067288438904e-14
6.05555555555555542924e+02 1.84154404308763508524e+00 1.85999042067288438904e-14
6.17171717171717091333e+02 1.83970349493984075551e+00 1.85999042067288438904e-14
6.28787878787878753428e+02 1.83786296802863535760e+00 1.85999042067288438904e-14
6.40404040404040415524e+02 1.83602244111742995969e+00 1.85999042067288438904e-14
6.52020202020202077620e+02 1.83418191420622456178e+00 1.85999042067288438904e-14
6.63636363636363626028e+02 1.83234138950959102310e+00 1.85999042067288438904e-14
6.75252525252525174437e+02 1.83050086481295748442e+00 1.85999042067288438904e-14
6.86868686868686836533e+02 1.82868044383666705777e+00 1.85999042067288438904e-14
6.98484848484848498629e+02 1.82686002286037663112e+00 1.85999042067288438904e-14
7.10101010101010160724e+02 1.82581916874861116540e+00 1.85999042067288438904e-14
7.21717171717171709133e+02 1.82477831463684569968e+00 1.85999042067288438904e-14
7.33333333333333257542e+02 1.82373746052508023396e+00 1.85999042067288438904e-14
7.44949494949494919638e+02 1.82269660642512465465e+00 1.85999042067288438904e-14
7.56565656565656581733e+02 1.82165575232516907533e+00 1.85999042067288438904e-14
7.68181818181818243829e+02 1.82061489822521349602e+00 1.85999042067288438904e-14
7.79797979797979792238e+02 1.81957404412525791670e+00 1.85999042067288438904e-14
7.91414141414141340647e+02 1.81853319002530233739e+00 1.85999042067288438904e-14
8.03030303030303002743e+02 1.81749233592534675807e+00 1.85999042067288438904e-14
8.14646464646464664838e+02 1.81645148182539117876e+00 1.85999042067288438904e-14
8.26262626262626326934e+02 1.81541062772543559944e+00 1.85999042067288438904e-14
8.37878787878787875343e+02 1.81436977362548002013e+00 1.85999042067288438904e-14
8.49494949494949423752e+02 1.81332891952552444081e+00 1.85999042067288438904e-14
8.61111111111111085847e+02 1.81228806542556886150e+00 1.85999042067288438904e-14
8.72727272727272747943e+02 1.81124721132561328218e+00 1.85999042067288438904e-14
8.84343434343434296352e+02 1.81020635722565770287e+00 1.85999042067288438904e-14
8.95959595959595958448e+02 1.80916550312570212355e+00 1.85999042067288438904e-14
9.07575757575757506856e+02 1.80812464902574654424e+00 1.85999042067288438904e-14
9.19191919191919168952e+02 1.80708379492579096492e+00 1.85999042067288438904e-14
9.30808080808080831048e+02 1.80604294082583538561e+00 1.85999042067288438904e-14
9.42424242424242379457e+02 1.80500208672587980629e+00 1.85999042067288438904e-14
9.54040404040404041552e+02 1.80396123262592422698e+00 1.85999042067288438904e-14
9.65656565656565589961e+02 1.80295498039227020115e+00 1.85999042067288438904e-14
9.77272727272727252057e+02 1.80194872815861617532e+00 1.85999042067288438904e-14
9.88888888888888914153e+02 1.80109356140093135323e+00 1.85999042067288438904e-14
1.00050505050505046256e+03 1.80023839464324653115e+00 1.85999042067288438904e-14
1.01212121212121212466e+03 1.79938322788556170906e+00 1.85999042067288438904e-14
1.02373737373737367307e+03 1.79852806202427784044e+00 1.85999042067288438904e-14
1.03535353535353533516e+03 1.79767289616299397181e+00 1.85999042067288438904e-14
1.04696969696969699726e+03 1.79695868611395859205e+00 1.85999042067288438904e-14
1.05858585858585865935e+03 1.79624447606492321228e+00 1.85999042067288438904e-14
1.07020202020202032145e+03 1.79558725180474354488e+00 1.85999042067288438904e-14
1.08181818181818175617e+03 1.79493002754456387748e+00 1.85999042067288438904e-14
1.09343434343434341827e+03 1.79427280328438421009e+00 1.85999042067288438904e-14
1.10505050505050508036e+03 1.79361754218482705170e+00 1.85999042067288438904e-14
1.11666666666666651508e+03 1.79296228108526989331e+00 1.85999042067288438904e-14
1.12828282828282817718e+03 1.79235754072566377815e+00 1.85999042067288438904e-14
1.13989898989898983928e+03 1.79175280036605766298e+00 1.85999042067288438904e-14
1.15151515151515150137e+03 1.79114806000645154782e+00 1.85999042067288438904e-14
1.16313131313131316347e+03 1.79054331964684543266e+00 1.85999042067288438904e-14
1.17474747474747482556e+03 1.78993857928723931749e+00 1.85999042067288438904e-14
1.18636363636363648766e+03 1.78941313512228594718e+00 1.85999042067288438904e-14
1.19797979797979792238e+03 1.78888769095733257686e+00 1.85999042067288438904e-14
1.20959595959595958448e+03 1.78836224679237920654e+00 1.85999042067288438904e-14
1.22121212121212124657e+03 1.78783680262742583622e+00 1.85999042067288438904e-14
1.23282828282828268129e+03 1.78731135846247246590e+00 1.85999042067288438904e-14
1.24444444444444434339e+03 1.78685004510810063749e+00 1.85999042067288438904e-14
1.25606060606060600549e+03 1.78638873175372880908e+00 1.85999042067288438904e-14
1.26767676767676766758e+03 1.78592741839935698067e+00 1.85999042067288438904e-14
1.27929292929292932968e+03 1.78546610504498515226e+00 1.85999042067288438904e-14
1.29090909090909099177e+03 1.78500479169061332385e+00 1.85999042067288438904e-14
1.30252525252525265387e+03 1.78454347833624149544e+00 1.85999042067288438904e-14
1.31414141414141408859e+03 1.78408216498186966703e+00 1.85999042067288438904e-14
1.32575757575757575069e+03 1.78362085162749783862e+00 1.85999042067288438904e-14
1.33737373737373718541e+03 1.78315953827312601021e+00 1.85999042067288438904e-14
1.34898989898989884750e+03 1.78269822491875418180e+00 1.85999042067288438904e-14
1.36060606060606050960e+03 1.78223691156438235339e+00 1.85999042067288438904e-14
1.37222222222222217169e+03 1.78177559821001052498e+00 1.85999042067288438904e-14
1.38383838383838383379e+03 1.78131428485563869657e+00 1.85999042067288438904e-14
1.39545454545454549589e+03 1.78085297150126686816e+00 1.85999042067288438904e-14
1.40707070707070715798e+03 1.78039165814689503975e+00 1.85999042067288438904e-14
1.41868686868686859270e+03 1.77993034479252321134e+00 1.85999042067288438904e-14
1.43030303030303025480e+03 1.77946903143815138293e+00 1.85999042067288438904e-14
1.44191919191919191690e+03 1.77900771808377955452e+00 1.85999042067288438904e-14
1.45353535353535357899e+03 1.77854640472940772611e+00 1.85999042067288438904e-14
1.46515151515151501371e+03 1.77808509137503589770e+00 1.85999042067288438904e-14
1.47676767676767667581e+03 1.77762377802066406929e+00 1.85999042067288438904e-14
1.48838383838383833790e+03 1.77716246466629224088e+00 1.85999042067288438904e-14
1.50000000000000000000e+03 1.77670115131192041247e+00 1.85999042067288438904e-14


TRANSMITTANCE WITH THE ESTIMATED THICKNESSES AND OPTICAL PARAMETERS

lambda                     t
3.50000000000000000000e+02 8.62931262551996036692e-01
3.61616161616161605252e+02 9.08140984703255216282e-01
3.73232323232323210505e+02 9.26247154426011909401e-01
3.84848484848484872600e+02 9.27223270865951465503e-01
3.96464646464646477853e+02 9.22823958248481068800e-01
4.08080808080808083105e+02 9.15485659004430685215e-01
4.19696969696969688357e+02 9.05867620826637076625e-01
4.31313131313131293609e+02 8.96283332047106529039e-01
4.42929292929292955705e+02 8.86746880595123299074e-01
4.54545454545454560957e+02 8.77692714066899970504e-01
4.66161616161616166210e+02 8.69405737890771357357e-01
4.77777777777777771462e+02 8.62054582862517237984e-01
4.89393939393939376714e+02 8.55376063207945125377e-01
5.01010101010101038810e+02 8.49451750812420636194e-01
5.12626262626262587219e+02 8.44285325092771432587e-01
5.24242424242424249314e+02 8.39857695360937683837e-01
5.35858585858585911410e+02 8.36138751637062416222e-01
5.47474747474747459819e+02 8.32677255254568482457e-01
5.59090909090909121915e+02 8.29756676697965489531e-01
5.70707070707070670323e+02 8.27306849867111560037e-01
5.82323232323232332419e+02 8.25319063568282995647e-01
5.93939393939393994515e+02 8.23756693646357285310e-01
6.05555555555555542924e+02 8.22363096517497393911e-01
6.17171717171717091333e+02 8.21306309780484578020e-01
6.28787878787878753428e+02 8.20556849123808662583e-01
6.40404040404040415524e+02 8.20086929014319010456e-01
6.52020202020202077620e+02 8.19870520474264341537e-01
6.63636363636363626028e+02 8.19883370933106703227e-01
6.75252525252525174437e+02 8.20102978482503353064e-01
6.86868686868686836533e+02 8.20501708475698809941e-01
6.98484848484848498629e+02 8.21067001570915055986e-01
7.10101010101010160724e+02 8.21509725418393066398e-01
7.21717171717171709133e+02 8.22079978304505631925e-01
7.33333333333333257542e+02 8.22764370632763086810e-01
7.44949494949494919638e+02 8.23550619747996037745e-01
7.56565656565656581733e+02 8.24427471599146088899e-01
7.68181818181818243829e+02 8.25384625225469514831e-01
7.79797979797979792238e+02 8.26412660801492560125e-01
7.91414141414141340647e+02 8.27502971623850558380e-01
8.03030303030303002743e+02 8.28647700239911744191e-01
8.14646464646464664838e+02 8.29839678766101429552e-01
8.26262626262626326934e+02 8.31072373340876580095e-01
8.37878787878787875343e+02 8.32339832587365324734e-01
8.49494949494949423752e+02 8.33636639915118715649e-01
8.61111111111111085847e+02 8.34957869462540580585e-01
8.72727272727272747943e+02 8.36299045466554535899e-01
8.84343434343434296352e+02 8.37656104840232007547e-01
8.95959595959595958448e+02 8.39025362739705959925e-01
9.07575757575757506856e+02 8.40403480906792843541e-01
9.19191919191919168952e+02 8.41787438581754643430e-01
9.30808080808080831048e+02 8.43174505790566852781e-01
9.42424242424242379457e+02 8.44562218822016319564e-01
9.54040404040404041552e+02 8.45948357721515775687e-01
9.65656565656565589961e+02 8.47319304902025005610e-01
9.77272727272727252057e+02 8.48685088602721626749e-01
9.88888888888888914153e+02 8.49994249275840219049e-01
1.00050505050505046256e+03 8.51296128853068934106e-01
1.01212121212121212466e+03 8.52589481504803292644e-01
1.02373737373737367307e+03 8.53873198131185562332e-01
1.03535353535353533516e+03 8.55146295452769877876e-01
1.04696969696969699726e+03 8.56363548176095390474e-01
1.05858585858585865935e+03 8.57569441922302666548e-01
1.07020202020202032145e+03 8.58745743112309889433e-01
1.08181818181818175617e+03 8.59909814380212078611e-01
1.09343434343434341827e+03 8.61061160762603639007e-01
1.10505050505050508036e+03 8.62198769585145630145e-01
1.11666666666666651508e+03 8.63322877239893982093e-01
1.12828282828282817718e+03 8.64418399882295296344e-01
1.13989898989898983928e+03 8.65500184156543506120e-01
1.15151515151515150137e+03 8.66568023601209103113e-01
1.16313131313131316347e+03 8.67621754350075380380e-01
1.17474747474747482556e+03 8.68661251226403918757e-01
1.18636363636363648766e+03 8.69664478965049503323e-01
1.19797979797979792238e+03 8.70653817699557297516e-01
1.20959595959595958448e+03 8.71629234204767122662e-01
1.22121212121212124657e+03 8.72590720736416525227e-01
1.23282828282828268129e+03 8.73538292559655094038e-01
1.24444444444444434339e+03 8.74455215815222119957e-01
1.25606060606060600549e+03 8.75358697627073634173e-01
1.26767676767676766758e+03 8.76248804973360440052e-01
1.27929292929292932968e+03 8.77125619580440107903e-01
1.29090909090909099177e+03 8.77989236358735380961e-01
1.30252525252525265387e+03 8.78839761969934407659e-01
1.31414141414141408859e+03 8.79677313514872660782e-01
1.32575757575757575069e+03 8.80502017332305042530e-01
1.33737373737373718541e+03 8.81314007899606233210e-01
1.34898989898989884750e+03 8.82113426827137003805e-01
1.36060606060606050960e+03 8.82900421938720758597e-01
1.37222222222222217169e+03 8.83675146431271429925e-01
1.38383838383838383379e+03 8.84437758107176064115e-01
1.39545454545454549589e+03 8.85188418673578780727e-01
1.40707070707070715798e+03 8.85927293103147883713e-01
1.41868686868686859270e+03 8.86654549051389295755e-01
1.43030303030303025480e+03 8.87370356325926090690e-01
1.44191919191919191690e+03 8.88074886403558139136e-01
1.45353535353535357899e+03 8.88768311991249726489e-01
1.46515151515151501371e+03 8.89450806627478995914e-01
1.47676767676767667581e+03 8.90122544320705255672e-01
1.48838383838383833790e+03 8.90783699221930347356e-01
1.50000000000000000000e+03 8.91434445328602831360e-01


QUADRATIC ERROR = 2.652037e-05
