ESTIMATED THICKNESSES

Thickness of film 1 = 130.00 nm

ESTIMATED INFLEXION POINTS

Inflexion point of the absorption coefficient of film 1 = 350.00 nm

ESTIMATED REFRACTIVE INDICES AND ABSORPTION COEFFICIENTS

Film 1

lambda                     n                          kappa
3.50000000000000000000e+02 1.97865901589409420858e+00 3.42550444857382327402e-02
3.61616161616161605252e+02 1.95575803958468741328e+00 3.13365527473204799613e-02
3.73232323232323210505e+02 1.95418917260472335684e+00 2.84180610089027271825e-02
3.84848484848484872600e+02 1.95262030562475930040e+00 2.54995692704849744037e-02
3.96464646464646477853e+02 1.95105143864479524396e+00 2.25863052567340585886e-02
4.08080808080808083105e+02 1.94948257166483118752e+00 1.96730412429831427734e-02
4.19696969696969688357e+02 1.94791370468486713108e+00 1.67597772292322269583e-02
4.31313131313131293609e+02 1.94634483770490307464e+00 1.38465132154813128779e-02
4.42929292929292955705e+02 1.94477597072493901820e+00 1.09332492017303987974e-02
4.54545454545454560957e+02 1.94320710374497496176e+00 8.91595151190057583213e-03
4.66161616161616166210e+02 1.94163823676501090532e+00 6.89865382207075373416e-03
4.77777777777777771462e+02 1.94006936978504684888e+00 5.46681118234224917851e-03
4.89393939393939376714e+02 1.93850050280508279243e+00 4.03496854261374462286e-03
5.01010101010101038810e+02 1.93693163582511873599e+00 2.95516761954885782623e-03
5.12626262626262587219e+02 1.93536276884515467955e+00 2.32156597424973496629e-03
5.24242424242424249314e+02 1.93379390186519062311e+00 1.68796432895061210636e-03
5.35858585858585911410e+02 1.93222503488522656667e+00 1.05436268365148924642e-03
5.47474747474747459819e+02 1.93065616790526251023e+00 4.20761038352366494898e-04
5.59090909090909121915e+02 1.92908730092529845379e+00 2.80507358901678548278e-04
5.70707070707070670323e+02 1.92751843394533439735e+00 1.40253679450990628762e-04
5.82323232323232332419e+02 1.92594956696537034091e+00 3.02693516008909318155e-16
5.93939393939393994515e+02 1.92438069998540628447e+00 3.02693516008909318155e-16
6.05555555555555542924e+02 1.92281183300544222803e+00 3.02693516008909318155e-16
6.17171717171717091333e+02 1.92124296602547817159e+00 3.02693516008909318155e-16
6.28787878787878753428e+02 1.91967409904551411515e+00 3.02693516008909318155e-16
6.40404040404040415524e+02 1.91810523206555005871e+00 3.02693516008909318155e-16
6.52020202020202077620e+02 1.91653636508558600227e+00 3.02693516008909318155e-16
6.63636363636363626028e+02 1.91496749810562194583e+00 3.02693516008909318155e-16
6.75252525252525174437e+02 1.91339863112565788938e+00 3.02693516008909318155e-16
6.86868686868686836533e+02 1.91182976414569383294e+00 3.02693516008909318155e-16
6.98484848484848498629e+02 1.91026089716573910238e+00 3.02693516008909318155e-16
7.10101010101010160724e+02 1.90869203018578437181e+00 3.02693516008909318155e-16
7.21717171717171709133e+02 1.90712316320582964124e+00 3.02693516008909318155e-16
7.33333333333333257542e+02 1.90555429622587491068e+00 3.02693516008909318155e-16
7.44949494949494919638e+02 1.90401759180692309315e+00 3.02693516008909318155e-16
7.56565656565656581733e+02 1.90248088738797127561e+00 3.02693516008909318155e-16
7.68181818181818243829e+02 1.90233651893898447760e+00 3.02693516008909318155e-16
7.79797979797979792238e+02 1.90219215048999767959e+00 3.02693516008909318155e-16
7.91414141414141340647e+02 1.90204778204101088157e+00 3.02693516008909318155e-16
8.03030303030303002743e+02 1.90190341359202408356e+00 3.02693516008909318155e-16
8.14646464646464664838e+02 1.90175940660842290875e+00 3.02693516008909318155e-16
8.26262626262626326934e+02 1.90161539962482173394e+00 3.02693516008909318155e-16
8.37878787878787875343e+02 1.90147139264122055913e+00 3.02693516008909318155e-16
8.49494949494949423752e+02 1.90132738565761938432e+00 3.02693516008909318155e-16
8.61111111111111085847e+02 1.90118337867401820951e+00 3.02693516008909318155e-16
8.72727272727272747943e+02 1.90103937169041703470e+00 3.02693516008909318155e-16
8.84343434343434296352e+02 1.90096562093196874699e+00 3.02693516008909318155e-16
8.95959595959595958448e+02 1.90089187017352045928e+00 3.02693516008909318155e-16
9.07575757575757506856e+02 1.90081811941507217156e+00 3.02693516008909318155e-16
9.19191919191919168952e+02 1.90074436865662388385e+00 3.02693516008909318155e-16
9.30808080808080831048e+02 1.90067061789817559614e+00 3.02693516008909318155e-16
9.42424242424242379457e+02 1.90059686713972730843e+00 3.02693516008909318155e-16
9.54040404040404041552e+02 1.90052311638127902071e+00 3.02693516008909318155e-16
9.65656565656565589961e+02 1.90044936562283073300e+00 3.02693516008909318155e-16
9.77272727272727252057e+02 1.90037561486438244529e+00 3.02693516008909318155e-16
9.88888888888888914153e+02 1.90030186410593415758e+00 3.02693516008909318155e-16
1.00050505050505046256e+03 1.90022811334748586987e+00 3.02693516008909318155e-16
1.01212121212121212466e+03 1.90015436258903758215e+00 3.02693516008909318155e-16
1.02373737373737367307e+03 1.90008061183058929444e+00 3.02693516008909318155e-16
1.03535353535353533516e+03 1.90000686107214100673e+00 3.02693516008909318155e-16
1.04696969696969699726e+03 1.89993311031369271902e+00 3.02693516008909318155e-16
1.05858585858585865935e+03 1.89985935955524443131e+00 3.02693516008909318155e-16
1.07020202020202032145e+03 1.89978560879679614359e+00 3.02693516008909318155e-16
1.08181818181818175617e+03 1.89971185803834785588e+00 3.02693516008909318155e-16
1.09343434343434341827e+03 1.89963810727989956817e+00 3.02693516008909318155e-16
1.10505050505050508036e+03 1.89956435652145128046e+00 3.02693516008909318155e-16
1.11666666666666651508e+03 1.89949060576300299275e+00 3.02693516008909318155e-16
1.12828282828282817718e+03 1.89941685500455470503e+00 3.02693516008909318155e-16
1.13989898989898983928e+03 1.89934310424610641732e+00 3.02693516008909318155e-16
1.15151515151515150137e+03 1.89926935348765812961e+00 3.02693516008909318155e-16
1.16313131313131316347e+03 1.89919560272920984190e+00 3.02693516008909318155e-16
1.17474747474747482556e+03 1.89912185197076155418e+00 3.02693516008909318155e-16
1.18636363636363648766e+03 1.89904810121231326647e+00 3.02693516008909318155e-16
1.19797979797979792238e+03 1.89897435045386497876e+00 3.02693516008909318155e-16
1.20959595959595958448e+03 1.89890059969541669105e+00 3.02693516008909318155e-16
1.22121212121212124657e+03 1.89882684893696840334e+00 3.02693516008909318155e-16
1.23282828282828268129e+03 1.89875309817852011562e+00 3.02693516008909318155e-16
1.24444444444444434339e+03 1.89867934742007182791e+00 3.02693516008909318155e-16
1.25606060606060600549e+03 1.89860559666162354020e+00 3.02693516008909318155e-16
1.26767676767676766758e+03 1.89853184590317525249e+00 3.02693516008909318155e-16
1.27929292929292932968e+03 1.89845809514472696478e+00 3.02693516008909318155e-16
1.29090909090909099177e+03 1.89838434438627867706e+00 3.02693516008909318155e-16
1.30252525252525265387e+03 1.89831059362783038935e+00 3.02693516008909318155e-16
1.31414141414141408859e+03 1.89823684286938210164e+00 3.02693516008909318155e-16
1.32575757575757575069e+03 1.89816309211093381393e+00 3.02693516008909318155e-16
1.33737373737373718541e+03 1.89808934135248552622e+00 3.02693516008909318155e-16
1.34898989898989884750e+03 1.89801559059403723850e+00 3.02693516008909318155e-16
1.36060606060606050960e+03 1.89794183983558895079e+00 3.02693516008909318155e-16
1.37222222222222217169e+03 1.89786808907714066308e+00 3.02693516008909318155e-16
1.38383838383838383379e+03 1.89779433831869237537e+00 3.02693516008909318155e-16
1.39545454545454549589e+03 1.89772058756024408765e+00 3.02693516008909318155e-16
1.40707070707070715798e+03 1.89764683680179579994e+00 3.02693516008909318155e-16
1.41868686868686859270e+03 1.89757308604334751223e+00 3.02693516008909318155e-16
1.43030303030303025480e+03 1.89749933528489922452e+00 3.02693516008909318155e-16
1.44191919191919191690e+03 1.89742558452645093681e+00 3.02693516008909318155e-16
1.45353535353535357899e+03 1.89735183376800264909e+00 3.02693516008909318155e-16
1.46515151515151501371e+03 1.89727808300955436138e+00 3.02693516008909318155e-16
1.47676767676767667581e+03 1.89720433225110607367e+00 3.02693516008909318155e-16
1.48838383838383833790e+03 1.89713058149265778596e+00 3.02693516008909318155e-16
1.50000000000000000000e+03 1.89705683073420949825e+00 3.02693516008909318155e-16


TRANSMITTANCE WITH THE ESTIMATED THICKNESSES AND OPTICAL PARAMETERS

lambda                     t
3.50000000000000000000e+02 6.65994066335914403076e-01
3.61616161616161605252e+02 6.89593509132959248120e-01
3.73232323232323210505e+02 7.10117553584704963576e-01
3.84848484848484872600e+02 7.33335815024159010100e-01
3.96464646464646477853e+02 7.58381170502339108097e-01
4.08080808080808083105e+02 7.84392347916100796112e-01
4.19696969696969688357e+02 8.10508018346627223671e-01
4.31313131313131293609e+02 8.35924688025525997048e-01
4.42929292929292955705e+02 8.59935989138547740573e-01
4.54545454545454560957e+02 8.78808582367435642269e-01
4.66161616161616166210e+02 8.95286967141832090711e-01
4.77777777777777771462e+02 9.07141867543115099082e-01
4.89393939393939376714e+02 9.16414231601581086295e-01
5.01010101010101038810e+02 9.22037628622917715404e-01
5.12626262626262587219e+02 9.24001076521761333105e-01
5.24242424242424249314e+02 9.24086273646994693642e-01
5.35858585858585911410e+02 9.22582344490696204531e-01
5.47474747474747459819e+02 9.19779591267870899607e-01
5.59090909090909121915e+02 9.14601682539585070231e-01
5.70707070707070670323e+02 9.08766453758929393381e-01
5.82323232323232332419e+02 9.02491156674845917962e-01
5.93939393939393994515e+02 8.95622270920300667107e-01
6.05555555555555542924e+02 8.88678674434300930329e-01
6.17171717171717091333e+02 8.81781863184009306877e-01
6.28787878787878753428e+02 8.75027562915474343974e-01
6.40404040404040415524e+02 8.68489249343756486432e-01
6.52020202020202077620e+02 8.62221584793548156966e-01
6.63636363636363626028e+02 8.56263602882016527928e-01
6.75252525252525174437e+02 8.50641555100816404433e-01
6.86868686868686836533e+02 8.45371388619102215323e-01
6.98484848484848498629e+02 8.40460859684827976679e-01
7.10101010101010160724e+02 8.35911307361119626513e-01
7.21717171717171709133e+02 8.31719122626481288663e-01
7.33333333333333257542e+02 8.27876951601226873656e-01
7.44949494949494919638e+02 8.24369469044409552971e-01
7.56565656565656581733e+02 8.21188729146660967295e-01
7.68181818181818243829e+02 8.18052880931368964212e-01
7.79797979797979792238e+02 8.15176827599567777050e-01
7.91414141414141340647e+02 8.12549114035634123532e-01
8.03030303030303002743e+02 8.10158017588355372496e-01
8.14646464646464664838e+02 8.07991657411746611039e-01
8.26262626262626326934e+02 8.06038402004513931942e-01
8.37878787878787875343e+02 8.04286737584189559414e-01
8.49494949494949423752e+02 8.02725433280906841560e-01
8.61111111111111085847e+02 8.01343603584021901831e-01
8.72727272727272747943e+02 8.00130752040792203594e-01
8.84343434343434296352e+02 7.99055817791889277935e-01
8.95959595959595958448e+02 7.98129121119400597451e-01
9.07575757575757506856e+02 7.97341569049021425819e-01
9.19191919191919168952e+02 7.96684505869147630008e-01
9.30808080808080831048e+02 7.96149709018508344727e-01
9.42424242424242379457e+02 7.95729380945642161826e-01
9.54040404040404041552e+02 7.95416137991801552865e-01
9.65656565656565589961e+02 7.95202997134661804246e-01
9.77272727272727252057e+02 7.95083361256766929515e-01
9.88888888888888914153e+02 7.95051003462331040694e-01
1.00050505050505046256e+03 7.95100050852769912879e-01
1.01212121212121212466e+03 7.95224968080114003044e-01
1.02373737373737367307e+03 7.95420540924107966063e-01
1.03535353535353533516e+03 7.95681860079991198909e-01
1.04696969696969699726e+03 7.96004305296883041265e-01
1.05858585858585865935e+03 7.96383529969215020472e-01
1.07020202020202032145e+03 7.96815446253814618771e-01
1.08181818181818175617e+03 7.97296210761703982861e-01
1.09343434343434341827e+03 7.97822210855108626681e-01
1.10505050505050508036e+03 7.98390051565708525061e-01
1.11666666666666651508e+03 7.98996543138920212179e-01
1.12828282828282817718e+03 7.99638689200388830258e-01
1.13989898989898983928e+03 8.00313675534379154186e-01
1.15151515151515150137e+03 8.01018859458898391246e-01
1.16313131313131316347e+03 8.01751759778888017927e-01
1.17474747474747482556e+03 8.02510047296411399564e-01
1.18636363636363648766e+03 8.03291535855122584842e-01
1.19797979797979792238e+03 8.04094173895385733175e-01
1.20959595959595958448e+03 8.04916036495964881681e-01
1.22121212121212124657e+03 8.05755317878187327096e-01
1.23282828282828268129e+03 8.06610324348709273323e-01
1.24444444444444434339e+03 8.07479467657550187276e-01
1.25606060606060600549e+03 8.08361258748676814179e-01
1.26767676767676766758e+03 8.09254301881214832548e-01
1.27929292929292932968e+03 8.10157289100219224487e-01
1.29090909090909099177e+03 8.11068995036828721545e-01
1.30252525252525265387e+03 8.11988272018590806489e-01
1.31414141414141408859e+03 8.12914045471649360231e-01
1.32575757575757575069e+03 8.13845309597469146468e-01
1.33737373737373718541e+03 8.14781123307658616817e-01
1.34898989898989884750e+03 8.15720606401383774298e-01
1.36060606060606050960e+03 8.16662935970721592938e-01
1.37222222222222217169e+03 8.17607343020154364588e-01
1.38383838383838383379e+03 8.18553109287197266930e-01
1.39545454545454549589e+03 8.19499564251947587579e-01
1.40707070707070715798e+03 8.20446082324048253653e-01
1.41868686868686859270e+03 8.21392080196270191195e-01
1.43030303030303025480e+03 8.22337014354572515273e-01
1.44191919191919191690e+03 8.23280378735119944267e-01
1.45353535353535357899e+03 8.24221702519322474423e-01
1.46515151515151501371e+03 8.25160548058520459946e-01
1.47676767676767667581e+03 8.26096508920449057456e-01
1.48838383838383833790e+03 8.27029208050110820061e-01
1.50000000000000000000e+03 8.27958296038143526374e-01


QUADRATIC ERROR = 6.179247e-05
