ESTIMATED THICKNESSES

Thickness of film 1 = 105.00 nm

ESTIMATED INFLEXION POINTS

Inflexion point of the absorption coefficient of film 1 = 550.00 nm

ESTIMATED REFRACTIVE INDICES AND ABSORPTION COEFFICIENTS

Film 1

lambda                     n                          kappa
3.50000000000000000000e+02 2.66087022798580186134e+00 9.12272382066645071141e-02
3.61616161616161605252e+02 2.66087022798580186134e+00 9.22824546399131501184e-02
3.73232323232323210505e+02 2.66087022798580186134e+00 9.33376710731617931227e-02
3.84848484848484872600e+02 2.66087022798580186134e+00 9.43928875064104361270e-02
3.96464646464646477853e+02 2.66087022798580186134e+00 9.54481039396590791313e-02
4.08080808080808083105e+02 2.66087022798580186134e+00 9.65033203729077221356e-02
4.19696969696969688357e+02 2.66087022798580186134e+00 9.75585368061563651398e-02
4.31313131313131293609e+02 2.66087022798580186134e+00 9.86137532394050081441e-02
4.42929292929292955705e+02 2.66087022798580186134e+00 9.96689696726536511484e-02
4.54545454545454560957e+02 2.66087022798580186134e+00 1.00724186105902294153e-01
4.66161616161616166210e+02 2.66087022798580186134e+00 1.01779402539150937157e-01
4.77777777777777771462e+02 2.66087022798580186134e+00 1.02834618972399580161e-01
4.89393939393939376714e+02 2.66087022798580186134e+00 1.03889835405648223166e-01
5.01010101010101038810e+02 2.66087022798580186134e+00 1.04945051838896866170e-01
5.12626262626262587219e+02 2.66087022798580186134e+00 1.06000268272145509174e-01
5.24242424242424249314e+02 2.66087022798580186134e+00 1.07055484705394152178e-01
5.35858585858585911410e+02 2.66087022798580186134e+00 1.08110701138642795183e-01
5.47474747474747459819e+02 2.66087022798580186134e+00 1.09165917571891438187e-01
5.59090909090909121915e+02 2.66087022798580186134e+00 1.10221134005140081191e-01
5.70707070707070670323e+02 2.66087022798580186134e+00 1.05795863078826907211e-01
5.82323232323232332419e+02 2.66087022798580186134e+00 1.01370592152513733231e-01
5.93939393939393994515e+02 2.66087022798580186134e+00 9.69453212262005592503e-02
6.05555555555555542924e+02 2.66087022798580186134e+00 9.25200502998873852700e-02
6.17171717171717091333e+02 2.66087022798580186134e+00 8.80947793735742112897e-02
6.28787878787878753428e+02 2.66087022798580186134e+00 8.36695084472610373094e-02
6.40404040404040415524e+02 2.66087022798580186134e+00 7.92442375209478633291e-02
6.52020202020202077620e+02 2.66087022798580186134e+00 7.48189665946346893488e-02
6.63636363636363626028e+02 2.66087022798580186134e+00 7.03936956683215153685e-02
6.75252525252525174437e+02 2.66087022798580186134e+00 6.59684247420083413882e-02
6.86868686868686836533e+02 2.66087022798580186134e+00 6.15431538156951674079e-02
6.98484848484848498629e+02 2.66087022798580186134e+00 5.71178828893820003665e-02
7.10101010101010160724e+02 2.66087022798580186134e+00 5.26926119630688333251e-02
7.21717171717171709133e+02 2.66087022798580186134e+00 4.82673410367556662837e-02
7.33333333333333257542e+02 2.66087022798580186134e+00 4.38420701104424992423e-02
7.44949494949494919638e+02 2.66087022798580186134e+00 3.94167991841293322008e-02
7.56565656565656581733e+02 2.66087022798580186134e+00 3.49915282578161651594e-02
7.68181818181818243829e+02 2.66087022798580186134e+00 3.05662573315029981180e-02
7.79797979797979792238e+02 2.66087022798580186134e+00 2.61409864051898345461e-02
7.91414141414141340647e+02 2.66087022798580186134e+00 2.17157154788766709741e-02
8.03030303030303002743e+02 2.66087022798580186134e+00 1.72904445525635074021e-02
8.14646464646464664838e+02 2.66087022798580186134e+00 1.28651736262503420954e-02
8.26262626262626326934e+02 2.66087022798580186134e+00 8.43990269993717678876e-03
8.37878787878787875343e+02 2.66087022798580186134e+00 4.01463177362401148207e-03
8.49494949494949423752e+02 2.66087022798580186134e+00 4.01463174718870528107e-03
8.61111111111111085847e+02 2.66087022798580186134e+00 4.01463172075339908007e-03
8.72727272727272747943e+02 2.66087022798580186134e+00 4.01463172062936114737e-03
8.84343434343434296352e+02 2.66087022798580186134e+00 4.01463172050532321466e-03
8.95959595959595958448e+02 2.66087022798580186134e+00 4.01463172038128528196e-03
9.07575757575757506856e+02 2.66087022798580186134e+00 4.01463172025724734926e-03
9.19191919191919168952e+02 2.66087022798580186134e+00 4.01463172013320941656e-03
9.30808080808080831048e+02 2.66087022798580186134e+00 4.01463172000917148385e-03
9.42424242424242379457e+02 2.66087022798580186134e+00 4.01463171988513355115e-03
9.54040404040404041552e+02 2.66087022798580186134e+00 4.01463171976109561845e-03
9.65656565656565589961e+02 2.66087022798580186134e+00 4.01463171963705768575e-03
9.77272727272727252057e+02 2.66087022798580186134e+00 4.01463171951301975304e-03
9.88888888888888914153e+02 2.66087022798580186134e+00 4.01463171938898182034e-03
1.00050505050505046256e+03 2.66087022798580186134e+00 4.01463171926494388764e-03
1.01212121212121212466e+03 2.66087022798580186134e+00 4.01463171914090595493e-03
1.02373737373737367307e+03 2.66087022798580186134e+00 4.01463171901686802223e-03
1.03535353535353533516e+03 2.66087022798580186134e+00 4.01463171889283008953e-03
1.04696969696969699726e+03 2.66087022798580186134e+00 4.01463171876879215683e-03
1.05858585858585865935e+03 2.66087022798580186134e+00 4.01463171864475422412e-03
1.07020202020202032145e+03 2.66087022798580186134e+00 4.01463171852071629142e-03
1.08181818181818175617e+03 2.66087022798580186134e+00 4.01463171839667835872e-03
1.09343434343434341827e+03 2.66087022798580186134e+00 4.01463171827264042602e-03
1.10505050505050508036e+03 2.66087022798580186134e+00 4.01463171814860249331e-03
1.11666666666666651508e+03 2.66087022798580186134e+00 4.01463171802456456061e-03
1.12828282828282817718e+03 2.66087022798580186134e+00 4.01463171790052662791e-03
1.13989898989898983928e+03 2.66087022798580186134e+00 4.01463171777648869520e-03
1.15151515151515150137e+03 2.66087022798580186134e+00 4.01463171765245076250e-03
1.16313131313131316347e+03 2.66087022798580186134e+00 4.01463171752841282980e-03
1.17474747474747482556e+03 2.66087022798580186134e+00 4.01463171740437489710e-03
1.18636363636363648766e+03 2.66087022798580186134e+00 4.01463171728033696439e-03
1.19797979797979792238e+03 2.66087022798580186134e+00 4.01463171715629903169e-03
1.20959595959595958448e+03 2.66087022798580186134e+00 4.01463171703226196635e-03
1.22121212121212124657e+03 2.66087022798580186134e+00 4.01463171690822490101e-03
1.23282828282828268129e+03 2.66087022798580186134e+00 4.01463171678418783567e-03
1.24444444444444434339e+03 2.66087022798580186134e+00 4.01463171666015077033e-03
1.25606060606060600549e+03 2.66087022798580186134e+00 4.01463171653611370499e-03
1.26767676767676766758e+03 2.66087022798580186134e+00 4.01463171653021998198e-03
1.27929292929292932968e+03 2.66087022798580186134e+00 4.01463171652432625897e-03
1.29090909090909099177e+03 2.66087022798580186134e+00 4.01463171651843427068e-03
1.30252525252525265387e+03 2.66087022798580186134e+00 4.01463171651254228239e-03
1.31414141414141408859e+03 2.66087022798580186134e+00 4.01463171650665029411e-03
1.32575757575757575069e+03 2.66087022798580186134e+00 4.01463171650075830582e-03
1.33737373737373718541e+03 2.66087022798580186134e+00 4.01463171649486631754e-03
1.34898989898989884750e+03 2.66087022798580186134e+00 4.01463171648897432925e-03
1.36060606060606050960e+03 2.66087022798580186134e+00 4.01463171648308234096e-03
1.37222222222222217169e+03 2.66087022798580186134e+00 4.01463171647719035268e-03
1.38383838383838383379e+03 2.66087022798580186134e+00 4.01463171647129836439e-03
1.39545454545454549589e+03 2.66087022798580186134e+00 4.01463171646540637610e-03
1.40707070707070715798e+03 2.66087022798580186134e+00 4.01463171645951438782e-03
1.41868686868686859270e+03 2.66087022798580186134e+00 4.01463171645951352046e-03
1.43030303030303025480e+03 2.66087022798580186134e+00 4.01463171645951265309e-03
1.44191919191919191690e+03 2.66087022798580186134e+00 4.01463171645951178573e-03
1.45353535353535357899e+03 2.66087022798580186134e+00 4.01463171645951178573e-03
1.46515151515151501371e+03 2.66087022798580186134e+00 4.01463171645951178573e-03
1.47676767676767667581e+03 2.66087022798580186134e+00 4.01463171645951178573e-03
1.48838383838383833790e+03 2.66087022798580186134e+00 4.01463171645951178573e-03
1.50000000000000000000e+03 2.66087022798580186134e+00 4.01463171645951178573e-03


TRANSMITTANCE WITH THE ESTIMATED THICKNESSES AND OPTICAL PARAMETERS

lambda                     t
3.50000000000000000000e+02 4.37346057343187544220e-01
3.61616161616161605252e+02 4.28868161361237010265e-01
3.73232323232323210505e+02 4.26735054968080507187e-01
3.84848484848484872600e+02 4.30107284837389691745e-01
3.96464646464646477853e+02 4.38202987365803708908e-01
4.08080808080808083105e+02 4.50312343659169167509e-01
4.19696969696969688357e+02 4.65772012333233620396e-01
4.31313131313131293609e+02 4.83931730844695873195e-01
4.42929292929292955705e+02 5.04126876469267237724e-01
4.54545454545454560957e+02 5.25663220968206723605e-01
4.66161616161616166210e+02 5.47816669102272557623e-01
4.77777777777777771462e+02 5.69848399988141851580e-01
4.89393939393939376714e+02 5.91033416671758571326e-01
5.01010101010101038810e+02 6.10698016946904287394e-01
5.12626262626262587219e+02 6.28259693698112409166e-01
5.24242424242424249314e+02 6.43262190095445829385e-01
5.35858585858585911410e+02 6.55399332083306362939e-01
5.47474747474747459819e+02 6.64523710582168414263e-01
5.59090909090909121915e+02 6.70639567615295417724e-01
5.70707070707070670323e+02 6.84370454046731135911e-01
5.82323232323232332419e+02 6.94976395391759260711e-01
5.93939393939393994515e+02 7.02565889540619825659e-01
6.05555555555555542924e+02 7.07349917912732162328e-01
6.17171717171717091333e+02 7.09612397147506679396e-01
6.28787878787878753428e+02 7.09680659908852429218e-01
6.40404040404040415524e+02 7.07899191083131595903e-01
6.52020202020202077620e+02 7.04608487663240801169e-01
6.63636363636363626028e+02 7.00129670915331403513e-01
6.75252525252525174437e+02 6.94754563621823639785e-01
6.86868686868686836533e+02 6.88740402925560268876e-01
6.98484848484848498629e+02 6.82308138398169505834e-01
7.10101010101010160724e+02 6.75643270057740830126e-01
7.21717171717171709133e+02 6.68898315784500541170e-01
7.33333333333333257542e+02 6.62196186013922272195e-01
7.44949494949494919638e+02 6.55633935873729201127e-01
7.56565656565656581733e+02 6.49286534027667450175e-01
7.68181818181818243829e+02 6.43210422681690485724e-01
7.79797979797979792238e+02 6.37446743742715371539e-01
7.91414141414141340647e+02 6.32024176295168271800e-01
8.03030303030303002743e+02 6.26961376515858037628e-01
8.14646464646464664838e+02 6.22269039043402139022e-01
8.26262626262626326934e+02 6.17951613977428149127e-01
8.37878787878787875343e+02 6.14008720315228129216e-01
8.49494949494949423752e+02 6.07321656632411999155e-01
8.61111111111111085847e+02 6.01177745346258451953e-01
8.72727272727272747943e+02 5.95542171253639396333e-01
8.84343434343434296352e+02 5.90381989406820184563e-01
8.95959595959595958448e+02 5.85666170513776007667e-01
9.07575757575757506856e+02 5.81365593978721673096e-01
9.19191919191919168952e+02 5.77453004628746824345e-01
9.30808080808080831048e+02 5.73902945156513299985e-01
9.42424242424242379457e+02 5.70691673147852407411e-01
9.54040404040404041552e+02 5.67797069180898117402e-01
9.65656565656565589961e+02 5.65198540685838080044e-01
9.77272727272727252057e+02 5.62876924904307074371e-01
9.88888888888888914153e+02 5.60814393278491696293e-01
1.00050505050505046256e+03 5.58994358850182115894e-01
1.01212121212121212466e+03 5.57401387696433769925e-01
1.02373737373737367307e+03 5.56021115023083267737e-01
1.03535353535353533516e+03 5.54840166243433019488e-01
1.04696969696969699726e+03 5.53846083159153512732e-01
1.05858585858585865935e+03 5.53027255212640178605e-01
1.07020202020202032145e+03 5.52372855678696983439e-01
1.08181818181818175617e+03 5.51872782596440125680e-01
1.09343434343434341827e+03 5.51517604200499445000e-01
1.10505050505050508036e+03 5.51298508587162228167e-01
1.11666666666666651508e+03 5.51207257340845635518e-01
1.12828282828282817718e+03 5.51236142845328846995e-01
1.13989898989898983928e+03 5.51377949009724699359e-01
1.15151515151515150137e+03 5.51625915149011825100e-01
1.16313131313131316347e+03 5.51973702771557106495e-01
1.17474747474747482556e+03 5.52415365040308414812e-01
1.18636363636363648766e+03 5.52945318689348153107e-01
1.19797979797979792238e+03 5.53558318192740927977e-01
1.20959595959595958448e+03 5.54249431997623331903e-01
1.22121212121212124657e+03 5.55014020648039618777e-01
1.23282828282828268129e+03 5.55847716639877864608e-01
1.24444444444444434339e+03 5.56746405860403581478e-01
1.25606060606060600549e+03 5.57706210478103647787e-01
1.26767676767676766758e+03 5.58723473159968064827e-01
1.27929292929292932968e+03 5.59794742504213127532e-01
1.29090909090909099177e+03 5.60916759585342594718e-01
1.30252525252525265387e+03 5.62086445518564903345e-01
1.31414141414141408859e+03 5.63300889957915829065e-01
1.32575757575757575069e+03 5.64557340450298372758e-01
1.33737373737373718541e+03 5.65853192574459096242e-01
1.34898989898989884750e+03 5.67185980800162470317e-01
1.36060606060606050960e+03 5.68553370008544556313e-01
1.37222222222222217169e+03 5.69953147619797984014e-01
1.38383838383838383379e+03 5.71383216279073180566e-01
1.39545454545454549589e+03 5.72841587055774481563e-01
1.40707070707070715798e+03 5.74326373115320976126e-01
1.41868686868686859270e+03 5.75835783826013969389e-01
1.43030303030303025480e+03 5.77368119266867485528e-01
1.44191919191919191690e+03 5.78921765105169572330e-01
1.45353535353535357899e+03 5.80495187815253887997e-01
1.46515151515151501371e+03 5.82086930212358688586e-01
1.47676767676767667581e+03 5.83695607277649020084e-01
1.48838383838383833790e+03 5.85319902252507962004e-01
1.50000000000000000000e+03 5.86958562982011211595e-01


QUADRATIC ERROR = 9.679895e-03
