ESTIMATED THICKNESSES

Thickness of film 1 = 131.00 nm

ESTIMATED INFLEXION POINTS

Inflexion point of the absorption coefficient of film 1 = 340.00 nm

ESTIMATED REFRACTIVE INDICES AND ABSORPTION COEFFICIENTS

Film 1

lambda                     n                          kappa
3.50000000000000000000e+02 1.99526767918040959238e+00 3.23253364198280851438e-02
3.61616161616161605252e+02 1.96776244510476239213e+00 2.91005102898874781769e-02
3.73232323232323210505e+02 1.96599149103653303428e+00 2.58756841599468677406e-02
3.84848484848484872600e+02 1.96422053696830367642e+00 2.26508580300062573043e-02
3.96464646464646477853e+02 1.96244958290007431856e+00 1.97739451128475483832e-02
4.08080808080808083105e+02 1.96067862883184496070e+00 1.68970321956888394621e-02
4.19696969696969688357e+02 1.95890767476361560284e+00 1.40201192785301305410e-02
4.31313131313131293609e+02 1.95713672069538624498e+00 1.14644346548216976428e-02
4.42929292929292955705e+02 1.95536576662715688713e+00 8.90875003111326474459e-03
4.54545454545454560957e+02 1.95359481255892752927e+00 7.24799117612422941909e-03
4.66161616161616166210e+02 1.95182385849069817141e+00 5.58723232113519409359e-03
4.77777777777777771462e+02 1.95005290442246881355e+00 4.53786259722079900192e-03
4.89393939393939376714e+02 1.94828195035423945569e+00 3.48849287330640434393e-03
5.01010101010101038810e+02 1.94651099628601009783e+00 2.76064513025857643375e-03
5.12626262626262587219e+02 1.94474004221778073997e+00 2.42941488424648979749e-03
5.24242424242424249314e+02 1.94296908814955138212e+00 2.09818463823440316124e-03
5.35858585858585911410e+02 1.94119813408132202426e+00 1.76695439222231652499e-03
5.47474747474747459819e+02 1.93942718001309266640e+00 1.43572414621022967189e-03
5.59090909090909121915e+02 1.93765622594486330854e+00 1.38816202769552390212e-03
5.70707070707070670323e+02 1.93588527187663395068e+00 1.34059990918081813234e-03
5.82323232323232332419e+02 1.93411431780840459282e+00 1.29303779066611236256e-03
5.93939393939393994515e+02 1.93234336374017523497e+00 1.24547567215140659279e-03
6.05555555555555542924e+02 1.93057240967194587711e+00 1.19791355363670082301e-03
6.17171717171717091333e+02 1.92880145560371651925e+00 1.15035143512199505324e-03
6.28787878787878753428e+02 1.92703050153548716139e+00 1.10278931660728928346e-03
6.40404040404040415524e+02 1.92525954746725780353e+00 1.05522719809258351369e-03
6.52020202020202077620e+02 1.92348859339902844567e+00 1.00766507957787774391e-03
6.63636363636363626028e+02 1.92171763933079908782e+00 9.60102961063171974135e-04
6.75252525252525174437e+02 1.91994668526256972996e+00 9.12540842548466204359e-04
6.86868686868686836533e+02 1.91817573119434037210e+00 8.64978724033760434584e-04
6.98484848484848498629e+02 1.91640477712611101424e+00 8.17416605519054664808e-04
7.10101010101010160724e+02 1.91463382305788165638e+00 7.69854487004348895032e-04
7.21717171717171709133e+02 1.91286286898965229852e+00 7.22292368489643125257e-04
7.33333333333333257542e+02 1.91109191492142294067e+00 6.74730249974937355481e-04
7.44949494949494919638e+02 1.90932127094645998078e+00 6.27168131460231585705e-04
7.56565656565656581733e+02 1.90755062697149702089e+00 5.79606012945525815930e-04
7.68181818181818243829e+02 1.90697937950721452260e+00 5.32043894430820046154e-04
7.79797979797979792238e+02 1.90640813204293202432e+00 4.84481775916114276379e-04
7.91414141414141340647e+02 1.90583688457864952603e+00 4.36919657401408506603e-04
8.03030303030303002743e+02 1.90526563711436702775e+00 3.89357538886702736827e-04
8.14646464646464664838e+02 1.90469453889943429736e+00 3.41795420371996967052e-04
8.26262626262626326934e+02 1.90412344068450156698e+00 2.94233301857291197276e-04
8.37878787878787875343e+02 1.90355234246956883659e+00 2.46671183342585427500e-04
8.49494949494949423752e+02 1.90298124425463610621e+00 1.99109064827879630620e-04
8.61111111111111085847e+02 1.90241014603970337582e+00 1.51546946313173860844e-04
8.72727272727272747943e+02 1.90183904782477064543e+00 1.03984827798468091068e-04
8.84343434343434296352e+02 1.90169009798615018525e+00 8.66540231654328160435e-05
8.95959595959595958448e+02 1.90154114814752972507e+00 6.93232185323975410186e-05
9.07575757575757506856e+02 1.90139219830890926488e+00 5.19924138993622727699e-05
9.19191919191919168952e+02 1.90124324847028880470e+00 3.46616092663269977450e-05
9.30808080808080831048e+02 1.90109429863166834451e+00 1.73308046332917227200e-05
9.42424242424242379457e+02 1.90094534879304788433e+00 2.56444639316097318892e-16
9.54040404040404041552e+02 1.90079639895442742414e+00 2.56444639316097318892e-16
9.65656565656565589961e+02 1.90064744911580696396e+00 2.56444639316097318892e-16
9.77272727272727252057e+02 1.90049849927718650378e+00 2.56444639316097318892e-16
9.88888888888888914153e+02 1.90034954943856604359e+00 2.56444639316097318892e-16
1.00050505050505046256e+03 1.90020059959994558341e+00 2.56444639316097318892e-16
1.01212121212121212466e+03 1.90005164976132512322e+00 2.56444639316097318892e-16
1.02373737373737367307e+03 1.89990269992270466304e+00 2.56444639316097318892e-16
1.03535353535353533516e+03 1.89975375008408420285e+00 2.56444639316097318892e-16
1.04696969696969699726e+03 1.89960480024546374267e+00 2.56444639316097318892e-16
1.05858585858585865935e+03 1.89945585040684328249e+00 2.56444639316097318892e-16
1.07020202020202032145e+03 1.89930690056822282230e+00 2.56444639316097318892e-16
1.08181818181818175617e+03 1.89915795072960236212e+00 2.56444639316097318892e-16
1.09343434343434341827e+03 1.89900900089098190193e+00 2.56444639316097318892e-16
1.10505050505050508036e+03 1.89886005105236144175e+00 2.56444639316097318892e-16
1.11666666666666651508e+03 1.89871110121374098156e+00 2.56444639316097318892e-16
1.12828282828282817718e+03 1.89856215137512052138e+00 2.56444639316097318892e-16
1.13989898989898983928e+03 1.89841320153650006120e+00 2.56444639316097318892e-16
1.15151515151515150137e+03 1.89826425169787960101e+00 2.56444639316097318892e-16
1.16313131313131316347e+03 1.89811530185925914083e+00 2.56444639316097318892e-16
1.17474747474747482556e+03 1.89796635202063868064e+00 2.56444639316097318892e-16
1.18636363636363648766e+03 1.89781740218201822046e+00 2.56444639316097318892e-16
1.19797979797979792238e+03 1.89766845234339776027e+00 2.56444639316097318892e-16
1.20959595959595958448e+03 1.89751950250477730009e+00 2.56444639316097318892e-16
1.22121212121212124657e+03 1.89737055266615683990e+00 2.56444639316097318892e-16
1.23282828282828268129e+03 1.89722160282753637972e+00 2.56444639316097318892e-16
1.24444444444444434339e+03 1.89707265298891591954e+00 2.56444639316097318892e-16
1.25606060606060600549e+03 1.89692370315029545935e+00 2.56444639316097318892e-16
1.26767676767676766758e+03 1.89677475331167499917e+00 2.56444639316097318892e-16
1.27929292929292932968e+03 1.89662580347305453898e+00 2.56444639316097318892e-16
1.29090909090909099177e+03 1.89647685363443407880e+00 2.56444639316097318892e-16
1.30252525252525265387e+03 1.89632790379581361861e+00 2.56444639316097318892e-16
1.31414141414141408859e+03 1.89617895395719315843e+00 2.56444639316097318892e-16
1.32575757575757575069e+03 1.89603000411857269825e+00 2.56444639316097318892e-16
1.33737373737373718541e+03 1.89588105427995223806e+00 2.56444639316097318892e-16
1.34898989898989884750e+03 1.89573210444133177788e+00 2.56444639316097318892e-16
1.36060606060606050960e+03 1.89558315460271131769e+00 2.56444639316097318892e-16
1.37222222222222217169e+03 1.89543420476409085751e+00 2.56444639316097318892e-16
1.38383838383838383379e+03 1.89528525492547039732e+00 2.56444639316097318892e-16
1.39545454545454549589e+03 1.89513630508684993714e+00 2.56444639316097318892e-16
1.40707070707070715798e+03 1.89498735524822947696e+00 2.56444639316097318892e-16
1.41868686868686859270e+03 1.89483840540960901677e+00 2.56444639316097318892e-16
1.43030303030303025480e+03 1.89468945557098855659e+00 2.56444639316097318892e-16
1.44191919191919191690e+03 1.89454050573236809640e+00 2.56444639316097318892e-16
1.45353535353535357899e+03 1.89439155589374763622e+00 2.56444639316097318892e-16
1.46515151515151501371e+03 1.89424260605512717603e+00 2.56444639316097318892e-16
1.47676767676767667581e+03 1.89409365621650671585e+00 2.56444639316097318892e-16
1.48838383838383833790e+03 1.89394470637788625567e+00 2.56444639316097318892e-16
1.50000000000000000000e+03 1.89379575653926579548e+00 2.56444639316097318892e-16


TRANSMITTANCE WITH THE ESTIMATED THICKNESSES AND OPTICAL PARAMETERS

lambda                     t
3.50000000000000000000e+02 6.66027387398222758819e-01
3.61616161616161605252e+02 6.89680217287214181177e-01
3.73232323232323210505e+02 7.09973053948690036030e-01
3.84848484848484872600e+02 7.33455385316573060805e-01
3.96464646464646477853e+02 7.58167625975668779681e-01
4.08080808080808083105e+02 7.84268515759743212179e-01
4.19696969696969688357e+02 8.10854726038790496467e-01
4.31313131313131293609e+02 8.35946907351857171342e-01
4.42929292929292955705e+02 8.59845869634286219529e-01
4.54545454545454560957e+02 8.78734465609258275087e-01
4.66161616161616166210e+02 8.95304990502872155567e-01
4.77777777777777771462e+02 9.07157920629162672910e-01
4.89393939393939376714e+02 9.16401890639006677652e-01
5.01010101010101038810e+02 9.22025659436196520780e-01
5.12626262626262587219e+02 9.24046203999762005843e-01
5.24242424242424249314e+02 9.24087449166177465898e-01
5.35858585858585911410e+02 9.22439486107539341475e-01
5.47474747474747459819e+02 9.19399738350026529687e-01
5.59090909090909121915e+02 9.14464340740280934305e-01
5.70707070707070670323e+02 9.08756392721788652800e-01
5.82323232323232332419e+02 9.02509923438259642481e-01
5.93939393939393994515e+02 8.95926349377245911931e-01
6.05555555555555542924e+02 8.89174698797041362930e-01
6.17171717171717091333e+02 8.82393542373451578165e-01
6.28787878787878753428e+02 8.75693905799998617567e-01
6.40404040404040415524e+02 8.69162631567558796597e-01
6.52020202020202077620e+02 8.62865824272708081821e-01
6.63636363636363626028e+02 8.56852147215203086006e-01
6.75252525252525174437e+02 8.51155837516055169267e-01
6.86868686868686836533e+02 8.45799376869473595875e-01
6.98484848484848498629e+02 8.40795801314872970345e-01
7.10101010101010160724e+02 8.36150662023576685122e-01
7.21717171717171709133e+02 8.31863665167212107399e-01
7.33333333333333257542e+02 8.27930026535180996206e-01
7.44949494949494919638e+02 8.24341532179858949014e-01
7.56565656565656581733e+02 8.21087564189705632067e-01
7.68181818181818243829e+02 8.17936961043364108015e-01
7.79797979797979792238e+02 8.15059495302903891378e-01
7.91414141414141340647e+02 8.12443652643719649298e-01
8.03030303030303002743e+02 8.10077480002618477428e-01
8.14646464646464664838e+02 8.07948790114270676277e-01
8.26262626262626326934e+02 8.06045449439679484449e-01
8.37878787878787875343e+02 8.04355422709444156659e-01
8.49494949494949423752e+02 8.02866911932080262737e-01
8.61111111111111085847e+02 8.01568435952544011691e-01
8.72727272727272747943e+02 8.00448887567495992457e-01
8.84343434343434296352e+02 7.99333456664405583858e-01
8.95959595959595958448e+02 7.98370395797554199824e-01
9.07575757575757506856e+02 7.97550486033511418782e-01
9.19191919191919168952e+02 7.96864934596678953227e-01
9.30808080808080831048e+02 7.96305374221454420613e-01
9.42424242424242379457e+02 7.95863857812405428582e-01
9.54040404040404041552e+02 7.95511154243539353459e-01
9.65656565656565589961e+02 7.95262153236565016989e-01
9.77272727272727252057e+02 7.95110077068837073355e-01
9.88888888888888914153e+02 7.95048523128685236117e-01
1.00050505050505046256e+03 7.95071448239161426841e-01
1.01212121212121212466e+03 7.95173152590757048586e-01
1.02373737373737367307e+03 7.95348263562426716078e-01
1.03535353535353533516e+03 7.95591719645310058162e-01
1.04696969696969699726e+03 7.95898754631483629218e-01
1.05858585858585865935e+03 7.96264882188429168330e-01
1.07020202020202032145e+03 7.96685880906698673520e-01
1.08181818181818175617e+03 7.97157779881921602083e-01
1.09343434343434341827e+03 7.97676844871470946963e-01
1.10505050505050508036e+03 7.98239565049739807634e-01
1.11666666666666651508e+03 7.98842640373243040308e-01
1.12828282828282817718e+03 7.99482969556862599347e-01
1.13989898989898983928e+03 8.00157638655059511024e-01
1.15151515151515150137e+03 8.00863910236166764989e-01
1.16313131313131316347e+03 8.01599213133719956659e-01
1.17474747474747482556e+03 8.02361132755771810920e-01
1.18636363636363648766e+03 8.03147401931086246663e-01
1.19797979797979792238e+03 8.03955892269794802907e-01
1.20959595959595958448e+03 8.04784606015349068819e-01
1.22121212121212124657e+03 8.05631668364351294365e-01
1.23282828282828268129e+03 8.06495320230875445411e-01
1.24444444444444434339e+03 8.07373911432256785581e-01
1.25606060606060600549e+03 8.08265894273835217021e-01
1.26767676767676766758e+03 8.09169817510818845108e-01
1.27929292929292932968e+03 8.10084320666215162987e-01
1.29090909090909099177e+03 8.11008128684617135562e-01
1.30252525252525265387e+03 8.11940046902508649751e-01
1.31414141414141408859e+03 8.12878956316685830075e-01
1.32575757575757575069e+03 8.13823809133275122285e-01
1.33737373737373718541e+03 8.14773624580748978552e-01
1.34898989898989884750e+03 8.15727484971230487609e-01
1.36060606060606050960e+03 8.16684531995230167389e-01
1.37222222222222217169e+03 8.17643963235811011003e-01
1.38383838383838383379e+03 8.18605028888961694378e-01
1.39545454545454549589e+03 8.19567028677753106614e-01
1.40707070707070715798e+03 8.20529308948564461978e-01
1.41868686868686859270e+03 8.21491259938374351890e-01
1.43030303030303025480e+03 8.22452313202780560530e-01
1.44191919191919191690e+03 8.23411939195028641514e-01
1.45353535353535357899e+03 8.24369644986923555408e-01
1.46515151515151501371e+03 8.25324972123069655616e-01
1.47676767676767667581e+03 8.26277494600392681257e-01
1.48838383838383833790e+03 8.27226816965407119042e-01
1.50000000000000000000e+03 8.28172572522153038754e-01


QUADRATIC ERROR = 5.063822e-05
