955.000000   1.951039   0.006961
956.000000   1.950950   0.006806
957.000000   1.950861   0.006652
958.000000   1.950771   0.006497
959.000000   1.950682   0.006342
960.000000   1.950593   0.006187
961.000000   1.950504   0.006033
962.000000   1.950414   0.005878
963.000000   1.950325   0.005723
964.000000   1.950236   0.005569
965.000000   1.950147   0.005414
966.000000   1.950057   0.005259
967.000000   1.949968   0.005105
968.000000   1.949879   0.004950
969.000000   1.949790   0.004795
970.000000   1.949700   0.004641
971.000000   1.949611   0.004486
972.000000   1.949522   0.004331
973.000000   1.949433   0.004177
974.000000   1.949343   0.004022
975.000000   1.949254   0.003867
976.000000   1.949165   0.003712
977.000000   1.949076   0.003558
978.000000   1.948986   0.003403
979.000000   1.948897   0.003248
980.000000   1.948808   0.003094
981.000000   1.948719   0.002939
982.000000   1.948629   0.002784
983.000000   1.948540   0.002630
984.000000   1.948451   0.002475
985.000000   1.948362   0.002320
986.000000   1.948272   0.002166
987.000000   1.948183   0.002011
988.000000   1.948094   0.001856
989.000000   1.948004   0.001702
990.000000   1.947915   0.001547
991.000000   1.947826   0.001392
992.000000   1.947737   0.001237
993.000000   1.947647   0.001083
994.000000   1.947558   0.000928
995.000000   1.947469   0.000773
