0.9550E+03  0.1948E+01  0.3909E-02
0.9560E+03  0.1948E+01  0.3887E-02
0.9570E+03  0.1948E+01  0.3865E-02
0.9580E+03  0.1948E+01  0.3786E-02
0.9590E+03  0.1948E+01  0.3764E-02
0.9600E+03  0.1948E+01  0.3744E-02
0.9610E+03  0.1948E+01  0.3724E-02
0.9620E+03  0.1948E+01  0.3645E-02
0.9630E+03  0.1948E+01  0.3626E-02
0.9640E+03  0.1948E+01  0.3607E-02
0.9650E+03  0.1948E+01  0.3588E-02
0.9660E+03  0.1948E+01  0.3569E-02
0.9670E+03  0.1948E+01  0.3493E-02
0.9680E+03  0.1948E+01  0.3475E-02
0.9690E+03  0.1948E+01  0.3458E-02
0.9700E+03  0.1948E+01  0.3441E-02
0.9710E+03  0.1948E+01  0.3424E-02
0.9720E+03  0.1948E+01  0.3407E-02
0.9730E+03  0.1949E+01  0.3391E-02
0.9740E+03  0.1949E+01  0.3434E-02
0.9750E+03  0.1949E+01  0.3418E-02
0.9760E+03  0.1949E+01  0.3403E-02
0.9770E+03  0.1949E+01  0.3388E-02
0.9780E+03  0.1949E+01  0.3373E-02
0.9790E+03  0.1949E+01  0.3439E-02
0.9800E+03  0.1949E+01  0.3430E-02
0.9810E+03  0.1949E+01  0.3417E-02
0.9820E+03  0.1949E+01  0.3462E-02
0.9830E+03  0.1949E+01  0.3449E-02
0.9840E+03  0.1949E+01  0.3436E-02
0.9850E+03  0.1950E+01  0.3482E-02
0.9860E+03  0.1950E+01  0.3470E-02
0.9870E+03  0.1950E+01  0.3516E-02
0.9880E+03  0.1950E+01  0.3504E-02
0.9890E+03  0.1950E+01  0.3551E-02
0.9900E+03  0.1950E+01  0.3598E-02
0.9910E+03  0.1950E+01  0.3586E-02
0.9920E+03  0.1951E+01  0.3634E-02
0.9930E+03  0.1951E+01  0.3681E-02
0.9940E+03  0.1951E+01  0.3671E-02
0.9950E+03  0.1951E+01  0.3718E-02
