955.000000   0.812900
956.000000   0.812700
957.000000   0.812500
958.000000   0.812400
959.000000   0.812200
960.000000   0.812000
961.000000   0.811800
962.000000   0.811700
963.000000   0.811500
964.000000   0.811300
965.000000   0.811100
966.000000   0.810900
967.000000   0.810800
968.000000   0.810600
969.000000   0.810400
970.000000   0.810200
971.000000   0.810000
972.000000   0.809800
973.000000   0.809600
974.000000   0.809300
975.000000   0.809100
976.000000   0.808900
977.000000   0.808700
978.000000   0.808500
979.000000   0.808200
980.000000   0.808000
981.000000   0.807800
982.000000   0.807500
983.000000   0.807300
984.000000   0.807100
985.000000   0.806800
986.000000   0.806600
987.000000   0.806300
988.000000   0.806100
989.000000   0.805800
990.000000   0.805500
991.000000   0.805300
992.000000   0.805000
993.000000   0.804700
994.000000   0.804500
995.000000   0.804200
