726
3.750e+02 8.628e-01
3.760e+02 8.612e-01
3.770e+02 8.618e-01
3.780e+02 8.630e-01
3.790e+02 8.612e-01
3.800e+02 8.598e-01
3.810e+02 8.611e-01
3.820e+02 8.625e-01
3.830e+02 8.609e-01
3.840e+02 8.599e-01
3.850e+02 8.606e-01
3.860e+02 8.602e-01
3.870e+02 8.598e-01
3.880e+02 8.600e-01
3.890e+02 8.587e-01
3.900e+02 8.575e-01
3.910e+02 8.567e-01
3.920e+02 8.549e-01
3.930e+02 8.540e-01
3.940e+02 8.522e-01
3.950e+02 8.500e-01
3.960e+02 8.483e-01
3.970e+02 8.462e-01
3.980e+02 8.448e-01
3.990e+02 8.429e-01
4.000e+02 8.393e-01
4.010e+02 8.363e-01
4.020e+02 8.348e-01
4.030e+02 8.330e-01
4.040e+02 8.309e-01
4.050e+02 8.286e-01
4.060e+02 8.259e-01
4.070e+02 8.232e-01
4.080e+02 8.214e-01
4.090e+02 8.191e-01
4.100e+02 8.171e-01
4.110e+02 8.153e-01
4.120e+02 8.128e-01
4.130e+02 8.098e-01
4.140e+02 8.078e-01
4.150e+02 8.062e-01
4.160e+02 8.042e-01
4.170e+02 8.011e-01
4.180e+02 7.986e-01
4.190e+02 7.973e-01
4.200e+02 7.956e-01
4.210e+02 7.938e-01
4.220e+02 7.922e-01
4.230e+02 7.899e-01
4.240e+02 7.880e-01
4.250e+02 7.867e-01
4.260e+02 7.857e-01
4.270e+02 7.841e-01
4.280e+02 7.820e-01
4.290e+02 7.810e-01
4.300e+02 7.796e-01
4.310e+02 7.774e-01
4.320e+02 7.761e-01
4.330e+02 7.751e-01
4.340e+02 7.745e-01
4.350e+02 7.736e-01
4.360e+02 7.726e-01
4.370e+02 7.711e-01
4.380e+02 7.699e-01
4.390e+02 7.698e-01
4.400e+02 7.694e-01
4.410e+02 7.685e-01
4.420e+02 7.677e-01
4.430e+02 7.666e-01
4.440e+02 7.661e-01
4.450e+02 7.663e-01
4.460e+02 7.652e-01
4.470e+02 7.649e-01
4.480e+02 7.649e-01
4.490e+02 7.647e-01
4.500e+02 7.641e-01
4.510e+02 7.636e-01
4.520e+02 7.635e-01
4.530e+02 7.631e-01
4.540e+02 7.633e-01
4.550e+02 7.634e-01
4.560e+02 7.634e-01
4.570e+02 7.636e-01
4.580e+02 7.634e-01
4.590e+02 7.641e-01
4.600e+02 7.645e-01
4.610e+02 7.641e-01
4.620e+02 7.641e-01
4.630e+02 7.642e-01
4.640e+02 7.644e-01
4.650e+02 7.652e-01
4.660e+02 7.659e-01
4.670e+02 7.661e-01
4.680e+02 7.666e-01
4.690e+02 7.673e-01
4.700e+02 7.687e-01
4.710e+02 7.685e-01
4.720e+02 7.685e-01
4.730e+02 7.697e-01
4.740e+02 7.703e-01
4.750e+02 7.710e-01
4.760e+02 7.715e-01
4.770e+02 7.722e-01
4.780e+02 7.727e-01
4.790e+02 7.736e-01
4.800e+02 7.744e-01
4.810e+02 7.755e-01
4.820e+02 7.764e-01
4.830e+02 7.768e-01
4.840e+02 7.778e-01
4.850e+02 7.787e-01
4.860e+02 7.796e-01
4.870e+02 7.804e-01
4.880e+02 7.815e-01
4.890e+02 7.821e-01
4.900e+02 7.843e-01
4.910e+02 7.847e-01
4.920e+02 7.860e-01
4.930e+02 7.866e-01
4.940e+02 7.884e-01
4.950e+02 7.891e-01
4.960e+02 7.904e-01
4.970e+02 7.911e-01
4.980e+02 7.921e-01
4.990e+02 7.941e-01
5.000e+02 7.951e-01
5.010e+02 7.957e-01
5.020e+02 7.969e-01
5.030e+02 7.992e-01
5.040e+02 7.993e-01
5.050e+02 8.005e-01
5.060e+02 8.018e-01
5.070e+02 8.031e-01
5.080e+02 8.044e-01
5.090e+02 8.056e-01
5.100e+02 8.069e-01
5.110e+02 8.077e-01
5.120e+02 8.088e-01
5.130e+02 8.101e-01
5.140e+02 8.125e-01
5.150e+02 8.132e-01
5.160e+02 8.143e-01
5.170e+02 8.156e-01
5.180e+02 8.169e-01
5.190e+02 8.179e-01
5.200e+02 8.193e-01
5.210e+02 8.206e-01
5.220e+02 8.216e-01
5.230e+02 8.229e-01
5.240e+02 8.242e-01
5.250e+02 8.254e-01
5.260e+02 8.265e-01
5.270e+02 8.275e-01
5.280e+02 8.286e-01
5.290e+02 8.305e-01
5.300e+02 8.313e-01
5.310e+02 8.331e-01
5.320e+02 8.338e-01
5.330e+02 8.352e-01
5.340e+02 8.362e-01
5.350e+02 8.376e-01
5.360e+02 8.391e-01
5.370e+02 8.401e-01
5.380e+02 8.416e-01
5.390e+02 8.421e-01
5.400e+02 8.429e-01
5.410e+02 8.445e-01
5.420e+02 8.454e-01
5.430e+02 8.468e-01
5.440e+02 8.474e-01
5.450e+02 8.490e-01
5.460e+02 8.502e-01
5.470e+02 8.506e-01
5.480e+02 8.521e-01
5.490e+02 8.534e-01
5.500e+02 8.544e-01
5.510e+02 8.553e-01
5.520e+02 8.564e-01
5.530e+02 8.570e-01
5.540e+02 8.577e-01
5.550e+02 8.587e-01
5.560e+02 8.605e-01
5.570e+02 8.613e-01
5.580e+02 8.616e-01
5.590e+02 8.626e-01
5.600e+02 8.635e-01
5.610e+02 8.649e-01
5.620e+02 8.655e-01
5.630e+02 8.663e-01
5.640e+02 8.674e-01
5.650e+02 8.681e-01
5.660e+02 8.683e-01
5.670e+02 8.692e-01
5.680e+02 8.698e-01
5.690e+02 8.708e-01
5.700e+02 8.716e-01
5.710e+02 8.724e-01
5.720e+02 8.731e-01
5.730e+02 8.740e-01
5.740e+02 8.746e-01
5.750e+02 8.751e-01
5.760e+02 8.755e-01
5.770e+02 8.767e-01
5.780e+02 8.768e-01
5.790e+02 8.773e-01
5.800e+02 8.783e-01
5.810e+02 8.788e-01
5.820e+02 8.790e-01
5.830e+02 8.799e-01
5.840e+02 8.803e-01
5.850e+02 8.807e-01
5.860e+02 8.812e-01
5.870e+02 8.813e-01
5.880e+02 8.817e-01
5.890e+02 8.824e-01
5.900e+02 8.825e-01
5.910e+02 8.828e-01
5.920e+02 8.834e-01
5.930e+02 8.844e-01
5.940e+02 8.844e-01
5.950e+02 8.849e-01
5.960e+02 8.851e-01
5.970e+02 8.853e-01
5.980e+02 8.853e-01
5.990e+02 8.857e-01
6.000e+02 8.861e-01
6.010e+02 8.862e-01
6.020e+02 8.867e-01
6.030e+02 8.872e-01
6.040e+02 8.872e-01
6.050e+02 8.879e-01
6.060e+02 8.873e-01
6.070e+02 8.879e-01
6.080e+02 8.876e-01
6.090e+02 8.879e-01
6.100e+02 8.879e-01
6.110e+02 8.879e-01
6.120e+02 8.883e-01
6.130e+02 8.890e-01
6.140e+02 8.888e-01
6.150e+02 8.888e-01
6.160e+02 8.892e-01
6.170e+02 8.889e-01
6.180e+02 8.887e-01
6.190e+02 8.889e-01
6.200e+02 8.885e-01
6.210e+02 8.880e-01
6.220e+02 8.882e-01
6.230e+02 8.889e-01
6.240e+02 8.884e-01
6.250e+02 8.881e-01
6.260e+02 8.885e-01
6.270e+02 8.884e-01
6.280e+02 8.884e-01
6.290e+02 8.879e-01
6.300e+02 8.879e-01
6.310e+02 8.879e-01
6.320e+02 8.879e-01
6.330e+02 8.885e-01
6.340e+02 8.874e-01
6.350e+02 8.867e-01
6.360e+02 8.874e-01
6.370e+02 8.875e-01
6.380e+02 8.873e-01
6.390e+02 8.865e-01
6.400e+02 8.857e-01
6.410e+02 8.863e-01
6.420e+02 8.857e-01
6.430e+02 8.854e-01
6.440e+02 8.854e-01
6.450e+02 8.851e-01
6.460e+02 8.851e-01
6.470e+02 8.852e-01
6.480e+02 8.849e-01
6.490e+02 8.848e-01
6.500e+02 8.840e-01
6.510e+02 8.839e-01
6.520e+02 8.834e-01
6.530e+02 8.830e-01
6.540e+02 8.825e-01
6.550e+02 8.827e-01
6.560e+02 8.823e-01
6.570e+02 8.815e-01
6.580e+02 8.807e-01
6.590e+02 8.811e-01
6.600e+02 8.815e-01
6.610e+02 8.807e-01
6.620e+02 8.805e-01
6.630e+02 8.801e-01
6.640e+02 8.787e-01
6.650e+02 8.785e-01
6.660e+02 8.788e-01
6.670e+02 8.783e-01
6.680e+02 8.779e-01
6.690e+02 8.779e-01
6.700e+02 8.777e-01
6.710e+02 8.776e-01
6.720e+02 8.775e-01
6.730e+02 8.768e-01
6.740e+02 8.755e-01
6.750e+02 8.751e-01
6.760e+02 8.754e-01
6.770e+02 8.745e-01
6.780e+02 8.742e-01
6.790e+02 8.741e-01
6.800e+02 8.742e-01
6.810e+02 8.736e-01
6.820e+02 8.726e-01
6.830e+02 8.730e-01
6.840e+02 8.724e-01
6.850e+02 8.716e-01
6.860e+02 8.714e-01
6.870e+02 8.706e-01
6.880e+02 8.698e-01
6.890e+02 8.685e-01
6.900e+02 8.677e-01
6.910e+02 8.675e-01
6.920e+02 8.675e-01
6.930e+02 8.671e-01
6.940e+02 8.672e-01
6.950e+02 8.671e-01
6.960e+02 8.663e-01
6.970e+02 8.654e-01
6.980e+02 8.651e-01
6.990e+02 8.647e-01
7.000e+02 8.642e-01
7.010e+02 8.644e-01
7.020e+02 8.639e-01
7.030e+02 8.632e-01
7.040e+02 8.626e-01
7.050e+02 8.621e-01
7.060e+02 8.622e-01
7.070e+02 8.617e-01
7.080e+02 8.611e-01
7.090e+02 8.610e-01
7.100e+02 8.608e-01
7.110e+02 8.600e-01
7.120e+02 8.595e-01
7.130e+02 8.594e-01
7.140e+02 8.585e-01
7.150e+02 8.579e-01
7.160e+02 8.576e-01
7.170e+02 8.572e-01
7.180e+02 8.575e-01
7.190e+02 8.571e-01
7.200e+02 8.563e-01
7.210e+02 8.560e-01
7.220e+02 8.556e-01
7.230e+02 8.553e-01
7.240e+02 8.551e-01
7.250e+02 8.549e-01
7.260e+02 8.539e-01
7.270e+02 8.536e-01
7.280e+02 8.528e-01
7.290e+02 8.518e-01
7.300e+02 8.517e-01
7.310e+02 8.514e-01
7.320e+02 8.512e-01
7.330e+02 8.509e-01
7.340e+02 8.498e-01
7.350e+02 8.492e-01
7.360e+02 8.493e-01
7.370e+02 8.494e-01
7.380e+02 8.497e-01
7.390e+02 8.490e-01
7.400e+02 8.475e-01
7.410e+02 8.484e-01
7.420e+02 8.472e-01
7.430e+02 8.466e-01
7.440e+02 8.471e-01
7.450e+02 8.469e-01
7.460e+02 8.467e-01
7.470e+02 8.470e-01
7.480e+02 8.455e-01
7.490e+02 8.447e-01
7.500e+02 8.440e-01
7.510e+02 8.435e-01
7.520e+02 8.424e-01
7.530e+02 8.425e-01
7.540e+02 8.433e-01
7.550e+02 8.432e-01
7.560e+02 8.427e-01
7.570e+02 8.425e-01
7.580e+02 8.416e-01
7.590e+02 8.413e-01
7.600e+02 8.420e-01
7.610e+02 8.423e-01
7.620e+02 8.411e-01
7.630e+02 8.409e-01
7.640e+02 8.419e-01
7.650e+02 8.394e-01
7.660e+02 8.394e-01
7.670e+02 8.386e-01
7.680e+02 8.390e-01
7.690e+02 8.392e-01
7.700e+02 8.385e-01
7.710e+02 8.391e-01
7.720e+02 8.364e-01
7.730e+02 8.373e-01
7.740e+02 8.378e-01
7.750e+02 8.366e-01
7.760e+02 8.371e-01
7.770e+02 8.352e-01
7.780e+02 8.346e-01
7.790e+02 8.352e-01
7.800e+02 8.355e-01
7.810e+02 8.350e-01
7.820e+02 8.357e-01
7.830e+02 8.359e-01
7.840e+02 8.353e-01
7.850e+02 8.336e-01
7.860e+02 8.338e-01
7.870e+02 8.337e-01
7.880e+02 8.335e-01
7.890e+02 8.331e-01
7.900e+02 8.338e-01
7.910e+02 8.335e-01
7.920e+02 8.314e-01
7.930e+02 8.320e-01
7.940e+02 8.314e-01
7.950e+02 8.331e-01
7.960e+02 8.322e-01
7.970e+02 8.314e-01
7.980e+02 8.307e-01
7.990e+02 8.299e-01
8.000e+02 8.287e-01
8.010e+02 8.280e-01
8.020e+02 8.289e-01
8.030e+02 8.309e-01
8.040e+02 8.307e-01
8.050e+02 8.304e-01
8.060e+02 8.280e-01
8.070e+02 8.282e-01
8.080e+02 8.287e-01
8.090e+02 8.288e-01
8.100e+02 8.296e-01
8.110e+02 8.300e-01
8.120e+02 8.310e-01
8.130e+02 8.287e-01
8.140e+02 8.288e-01
8.150e+02 8.284e-01
8.160e+02 8.266e-01
8.170e+02 8.286e-01
8.180e+02 8.266e-01
8.190e+02 8.273e-01
8.200e+02 8.263e-01
8.210e+02 8.247e-01
8.220e+02 8.223e-01
8.230e+02 8.262e-01
8.240e+02 8.280e-01
8.250e+02 8.250e-01
8.260e+02 8.247e-01
8.270e+02 8.247e-01
8.280e+02 8.235e-01
8.290e+02 8.266e-01
8.300e+02 8.255e-01
8.310e+02 8.228e-01
8.320e+02 8.260e-01
8.330e+02 8.239e-01
8.340e+02 8.319e-01
8.350e+02 8.264e-01
8.360e+02 8.266e-01
8.370e+02 8.254e-01
8.380e+02 8.253e-01
8.390e+02 8.256e-01
8.400e+02 8.244e-01
8.410e+02 8.248e-01
8.420e+02 8.244e-01
8.430e+02 8.240e-01
8.440e+02 8.243e-01
8.450e+02 8.245e-01
8.460e+02 8.237e-01
8.470e+02 8.237e-01
8.480e+02 8.242e-01
8.490e+02 8.235e-01
8.500e+02 8.233e-01
8.510e+02 8.235e-01
8.520e+02 8.235e-01
8.530e+02 8.230e-01
8.540e+02 8.232e-01
8.550e+02 8.230e-01
8.560e+02 8.230e-01
8.570e+02 8.224e-01
8.580e+02 8.225e-01
8.590e+02 8.223e-01
8.600e+02 8.225e-01
8.610e+02 8.225e-01
8.620e+02 8.224e-01
8.630e+02 8.224e-01
8.640e+02 8.226e-01
8.650e+02 8.225e-01
8.660e+02 8.220e-01
8.670e+02 8.221e-01
8.680e+02 8.221e-01
8.690e+02 8.215e-01
8.700e+02 8.218e-01
8.710e+02 8.217e-01
8.720e+02 8.216e-01
8.730e+02 8.212e-01
8.740e+02 8.210e-01
8.750e+02 8.213e-01
8.760e+02 8.212e-01
8.770e+02 8.210e-01
8.780e+02 8.208e-01
8.790e+02 8.209e-01
8.800e+02 8.207e-01
8.810e+02 8.205e-01
8.820e+02 8.206e-01
8.830e+02 8.206e-01
8.840e+02 8.205e-01
8.850e+02 8.205e-01
8.860e+02 8.203e-01
8.870e+02 8.201e-01
8.880e+02 8.201e-01
8.890e+02 8.202e-01
8.900e+02 8.200e-01
8.910e+02 8.200e-01
8.920e+02 8.199e-01
8.930e+02 8.200e-01
8.940e+02 8.197e-01
8.950e+02 8.195e-01
8.960e+02 8.194e-01
8.970e+02 8.194e-01
8.980e+02 8.194e-01
8.990e+02 8.194e-01
9.000e+02 8.192e-01
9.010e+02 8.192e-01
9.020e+02 8.190e-01
9.030e+02 8.187e-01
9.040e+02 8.186e-01
9.050e+02 8.186e-01
9.060e+02 8.184e-01
9.070e+02 8.185e-01
9.080e+02 8.184e-01
9.090e+02 8.184e-01
9.100e+02 8.182e-01
9.110e+02 8.182e-01
9.120e+02 8.182e-01
9.130e+02 8.181e-01
9.140e+02 8.180e-01
9.150e+02 8.178e-01
9.160e+02 8.178e-01
9.170e+02 8.177e-01
9.180e+02 8.175e-01
9.190e+02 8.175e-01
9.200e+02 8.175e-01
9.210e+02 8.173e-01
9.220e+02 8.174e-01
9.230e+02 8.174e-01
9.240e+02 8.172e-01
9.250e+02 8.169e-01
9.260e+02 8.167e-01
9.270e+02 8.167e-01
9.280e+02 8.166e-01
9.290e+02 8.165e-01
9.300e+02 8.164e-01
9.310e+02 8.164e-01
9.320e+02 8.162e-01
9.330e+02 8.161e-01
9.340e+02 8.160e-01
9.350e+02 8.159e-01
9.360e+02 8.158e-01
9.370e+02 8.156e-01
9.380e+02 8.154e-01
9.390e+02 8.153e-01
9.400e+02 8.151e-01
9.410e+02 8.148e-01
9.420e+02 8.147e-01
9.430e+02 8.146e-01
9.440e+02 8.145e-01
9.450e+02 8.144e-01
9.460e+02 8.143e-01
9.470e+02 8.140e-01
9.480e+02 8.138e-01
9.490e+02 8.138e-01
9.500e+02 8.136e-01
9.510e+02 8.134e-01
9.520e+02 8.132e-01
9.530e+02 8.132e-01
9.540e+02 8.130e-01
9.550e+02 8.128e-01
9.560e+02 8.127e-01
9.570e+02 8.126e-01
9.580e+02 8.124e-01
9.590e+02 8.122e-01
9.600e+02 8.121e-01
9.610e+02 8.119e-01
9.620e+02 8.118e-01
9.630e+02 8.117e-01
9.640e+02 8.115e-01
9.650e+02 8.112e-01
9.660e+02 8.109e-01
9.670e+02 8.107e-01
9.680e+02 8.106e-01
9.690e+02 8.104e-01
9.700e+02 8.102e-01
9.710e+02 8.100e-01
9.720e+02 8.098e-01
9.730e+02 8.096e-01
9.740e+02 8.094e-01
9.750e+02 8.091e-01
9.760e+02 8.089e-01
9.770e+02 8.086e-01
9.780e+02 8.084e-01
9.790e+02 8.082e-01
9.800e+02 8.080e-01
9.810e+02 8.078e-01
9.820e+02 8.075e-01
9.830e+02 8.072e-01
9.840e+02 8.070e-01
9.850e+02 8.068e-01
9.860e+02 8.065e-01
9.870e+02 8.063e-01
9.880e+02 8.061e-01
9.890e+02 8.058e-01
9.900e+02 8.056e-01
9.910e+02 8.054e-01
9.920e+02 8.050e-01
9.930e+02 8.047e-01
9.940e+02 8.045e-01
9.950e+02 8.042e-01
9.960e+02 8.039e-01
9.970e+02 8.035e-01
9.980e+02 8.033e-01
9.990e+02 8.031e-01
1.000e+03 8.028e-01
1.001e+03 8.026e-01
1.002e+03 8.023e-01
1.003e+03 8.019e-01
1.004e+03 8.016e-01
1.005e+03 8.013e-01
1.006e+03 8.010e-01
1.007e+03 8.007e-01
1.008e+03 8.003e-01
1.009e+03 7.999e-01
1.010e+03 7.996e-01
1.011e+03 7.993e-01
1.012e+03 7.990e-01
1.013e+03 7.987e-01
1.014e+03 7.984e-01
1.015e+03 7.980e-01
1.016e+03 7.977e-01
1.017e+03 7.973e-01
1.018e+03 7.968e-01
1.019e+03 7.964e-01
1.020e+03 7.961e-01
1.021e+03 7.959e-01
1.022e+03 7.955e-01
1.023e+03 7.953e-01
1.024e+03 7.949e-01
1.025e+03 7.944e-01
1.026e+03 7.939e-01
1.027e+03 7.936e-01
1.028e+03 7.931e-01
1.029e+03 7.926e-01
1.030e+03 7.922e-01
1.031e+03 7.919e-01
1.032e+03 7.915e-01
1.033e+03 7.911e-01
1.034e+03 7.907e-01
1.035e+03 7.903e-01
1.036e+03 7.899e-01
1.037e+03 7.894e-01
1.038e+03 7.890e-01
1.039e+03 7.885e-01
1.040e+03 7.879e-01
1.041e+03 7.875e-01
1.042e+03 7.870e-01
1.043e+03 7.866e-01
1.044e+03 7.862e-01
1.045e+03 7.857e-01
1.046e+03 7.853e-01
1.047e+03 7.848e-01
1.048e+03 7.843e-01
1.049e+03 7.840e-01
1.050e+03 7.836e-01
1.051e+03 7.831e-01
1.052e+03 7.826e-01
1.053e+03 7.820e-01
1.054e+03 7.814e-01
1.055e+03 7.809e-01
1.056e+03 7.805e-01
1.057e+03 7.800e-01
1.058e+03 7.796e-01
1.059e+03 7.791e-01
1.060e+03 7.786e-01
1.061e+03 7.780e-01
1.062e+03 7.775e-01
1.063e+03 7.770e-01
1.064e+03 7.764e-01
1.065e+03 7.758e-01
1.066e+03 7.753e-01
1.067e+03 7.749e-01
1.068e+03 7.744e-01
1.069e+03 7.738e-01
1.070e+03 7.731e-01
1.071e+03 7.724e-01
1.072e+03 7.719e-01
1.073e+03 7.714e-01
1.074e+03 7.708e-01
1.075e+03 7.703e-01
1.076e+03 7.696e-01
1.077e+03 7.690e-01
1.078e+03 7.686e-01
1.079e+03 7.680e-01
1.080e+03 7.673e-01
1.081e+03 7.667e-01
1.082e+03 7.662e-01
1.083e+03 7.656e-01
1.084e+03 7.650e-01
1.085e+03 7.644e-01
1.086e+03 7.638e-01
1.087e+03 7.633e-01
1.088e+03 7.627e-01
1.089e+03 7.620e-01
1.090e+03 7.613e-01
1.091e+03 7.606e-01
1.092e+03 7.598e-01
1.093e+03 7.592e-01
1.094e+03 7.585e-01
1.095e+03 7.579e-01
1.096e+03 7.573e-01
1.097e+03 7.566e-01
1.098e+03 7.559e-01
1.099e+03 7.554e-01
1.100e+03 7.547e-01
