250.0 -0.00070259
251.0 -0.00049849
252.0 -0.00063952
253.0 -0.00071882
254.0 -0.00064873
255.0 -0.00059314
256.0 -0.00052825
257.0 -0.00054247
258.0 -0.00045158
259.0 -0.00036716
260.0 -0.00050295
261.0 -0.00049867
262.0 -0.00034223
263.0 -0.00036912
264.0 -0.00041149
265.0 -0.00032667000000000004
266.0 -0.00033779000000000003
267.0 -0.00027942
268.0 -0.00040424
269.0 -0.00027844
270.0 -0.00031379
271.0 -0.00034624000000000005
272.0 -0.00021797
273.0 -0.00023725
274.0 -0.00019886999999999997
275.0 -0.00019879
276.0 -0.00020688000000000003
277.0 -8.159e-05
278.0 -0.0001814
279.0 -8.43e-05
280.0 -0.00019837
281.0 -0.00012668
282.0 -4.069e-05
283.0 -6.152000000000001e-05
284.0 -2.082e-05
285.0 8.944999999999999e-05
286.0 0.00025395999999999996
287.0 0.00048698999999999997
288.0 0.00052021
289.0 0.00092585
290.0 0.00137365
291.0 0.00195014
292.0 0.0028279
293.0 0.0040567
294.0 0.00554902
295.0 0.00747455
296.0 0.00981257
297.0 0.01297634
298.0 0.01678167
299.0 0.02128554
300.0 0.02672352
301.0 0.0332015
302.0 0.04026183
303.0 0.04863924
304.0 0.05773949
305.0 0.06800563999999999
306.0 0.07935807
307.0 0.09098883
308.0 0.10461346
309.0 0.11876867
310.0 0.13277958
311.0 0.14855111000000001
312.0 0.16386995
313.0 0.18056518
314.0 0.19761741
315.0 0.21589136
316.0 0.23338913000000003
317.0 0.25200841
318.0 0.27067077
319.0 0.28659269
320.0 0.30340726
321.0 0.32107375
322.0 0.34593958999999996
323.0 0.35799422999999997
324.0 0.37668395
325.0 0.39202407
326.0 0.41005581999999996
327.0 0.4245514
328.0 0.44245317
329.0 0.45967451
330.0 0.47336497
331.0 0.49129078
332.0 0.50876439
333.0 0.52672517
334.0 0.53563294
335.0 0.54943151
336.0 0.56631528
337.0 0.57808348
338.0 0.59199354
339.0 0.60579309
340.0 0.61991402
341.0 0.63364124
342.0 0.6416706600000001
343.0 0.65541634
344.0 0.6676702
345.0 0.6808363
346.0 0.6898481
347.0 0.69917618
348.0 0.70974241
349.0 0.7214159600000001
350.0 0.73119653
351.0 0.74279936
352.0 0.75080715
353.0 0.7589693200000001
354.0 0.76785918
355.0 0.7746281500000001
356.0 0.7825996399999999
357.0 0.7914048
358.0 0.7980155999999999
359.0 0.80393098
360.0 0.8125911600000001
361.0 0.81644958
362.0 0.8231519500000001
363.0 0.8294219300000001
364.0 0.8327543
365.0 0.8387122499999999
366.0 0.84228161
367.0 0.8462434299999999
368.0 0.84541592
369.0 0.84786034
370.0 0.8558841300000001
371.0 0.85699448
372.0 0.85735509
373.0 0.86107873
374.0 0.86202722
375.0 0.8628141599999999
376.0 0.86124303
377.0 0.86176374
378.0 0.86302998
379.0 0.8611529299999999
380.0 0.8597612499999999
381.0 0.8611371099999999
382.0 0.86248462
383.0 0.86086591
384.0 0.8599151399999999
385.0 0.86055702
386.0 0.86022316
387.0 0.85979764
388.0 0.86002531
389.0 0.85867694
390.0 0.8574557
391.0 0.8566529199999999
392.0 0.85493978
393.0 0.8539679
394.0 0.85222901
395.0 0.8500366699999999
396.0 0.84830381
397.0 0.84619706
398.0 0.8448031500000001
399.0 0.8428798000000001
400.0 0.8392655499999999
401.0 0.83634314
402.0 0.83475763
403.0 0.83304562
404.0 0.8308791200000001
405.0 0.8285748100000001
406.0 0.82593542
407.0 0.82318691
408.0 0.8214150600000001
409.0 0.81910634
410.0 0.81708714
411.0 0.8152724600000001
412.0 0.8128354
413.0 0.80984861
414.0 0.8078147
415.0 0.80617991
416.0 0.8041771799999999
417.0 0.8010792999999999
418.0 0.79863136
419.0 0.7973347099999999
420.0 0.7955985099999999
421.0 0.79382514
422.0 0.79215527
423.0 0.78992682
424.0 0.78803066
425.0 0.78671166
426.0 0.78568296
427.0 0.78406245
428.0 0.7820180999999999
429.0 0.78104537
430.0 0.7796318200000001
431.0 0.7774182999999999
432.0 0.77612612
433.0 0.77513653
434.0 0.77448222
435.0 0.7736161
436.0 0.7726178400000001
437.0 0.77108005
438.0 0.76993496
439.0 0.76984876
440.0 0.76936208
441.0 0.7684876199999999
442.0 0.76771559
443.0 0.7665877799999999
444.0 0.76611611
445.0 0.7662641000000001
446.0 0.7651739999999999
447.0 0.76493674
448.0 0.76493725
449.0 0.7646893
450.0 0.7641361499999999
451.0 0.7636128600000001
452.0 0.76352649
453.0 0.76313462
454.0 0.7633254100000001
455.0 0.76342923
456.0 0.76339374
457.0 0.76355613
458.0 0.7634259900000001
459.0 0.76414321
460.0 0.76453436
461.0 0.7641438100000001
462.0 0.76408319
463.0 0.7642098
464.0 0.764435
465.0 0.76520415
466.0 0.76590954
467.0 0.76608748
468.0 0.76664502
469.0 0.7672595200000001
470.0 0.76866806
471.0 0.76850979
472.0 0.7684771600000001
473.0 0.76971156
474.0 0.77029627
475.0 0.77104107
476.0 0.77146798
477.0 0.77216911
478.0 0.77268579
479.0 0.7736328
480.0 0.77435343
481.0 0.7755391699999999
482.0 0.7764224799999999
483.0 0.77680341
484.0 0.7777849600000001
485.0 0.7786506400000001
486.0 0.7796281500000001
487.0 0.78041597
488.0 0.7815217099999999
489.0 0.78212941
490.0 0.7842966199999999
491.0 0.7846827500000001
492.0 0.78595237
493.0 0.7865997299999999
494.0 0.78836648
495.0 0.78907404
496.0 0.79043222
497.0 0.79106528
498.0 0.7920995999999999
499.0 0.79407664
500.0 0.79512055
501.0 0.7957084799999999
502.0 0.79685732
503.0 0.7992244599999999
504.0 0.79934474
505.0 0.80048158
506.0 0.80177159
507.0 0.80308108
508.0 0.80440859
509.0 0.80563068
510.0 0.80694951
511.0 0.80765765
512.0 0.80876875
513.0 0.8100793000000001
514.0 0.81250082
515.0 0.81320713
516.0 0.8143151000000001
517.0 0.81556324
518.0 0.81689289
519.0 0.8179040500000001
520.0 0.81929377
521.0 0.8205516799999999
522.0 0.82163832
523.0 0.8229397199999999
524.0 0.82423709
525.0 0.8253567700000001
526.0 0.82652878
527.0 0.82753555
528.0 0.82864081
529.0 0.83054665
530.0 0.8312575
531.0 0.83305385
532.0 0.83381756
533.0 0.83522172
534.0 0.83623957
535.0 0.83763521
536.0 0.83913656
537.0 0.84012798
538.0 0.84161248
539.0 0.84214862
540.0 0.8429179000000001
541.0 0.84446684
542.0 0.84544774
543.0 0.8468137900000001
544.0 0.8474017899999999
545.0 0.8490212800000001
546.0 0.8502233
547.0 0.8506474300000001
548.0 0.85212773
549.0 0.85340006
550.0 0.8543963499999999
551.0 0.8553424599999999
552.0 0.8564016200000001
553.0 0.85702279
554.0 0.85769622
555.0 0.85865628
556.0 0.8605290999999999
557.0 0.86132333
558.0 0.8616061700000001
559.0 0.86255923
560.0 0.8635284599999999
561.0 0.8649241000000001
562.0 0.8655247
563.0 0.8662819399999999
564.0 0.8674157800000001
565.0 0.8681142900000001
566.0 0.86832747
567.0 0.86915459
568.0 0.8697935
569.0 0.87082275
570.0 0.87163828
571.0 0.87238619
572.0 0.87310895
573.0 0.87397822
574.0 0.87460505
575.0 0.87510701
576.0 0.87553899
577.0 0.87666791
578.0 0.8768045999999999
579.0 0.87726728
580.0 0.87827912
581.0 0.8787988900000001
582.0 0.87900182
583.0 0.87985523
584.0 0.88031356
585.0 0.8807016799999999
586.0 0.8811976699999999
587.0 0.88125315
588.0 0.88171033
589.0 0.88241991
590.0 0.88253687
591.0 0.8828379599999999
592.0 0.88338718
593.0 0.88440697
594.0 0.88438085
595.0 0.8848960800000001
596.0 0.8851483
597.0 0.8853228900000001
598.0 0.88528178
599.0 0.88573055
600.0 0.8860986099999999
601.0 0.8862397799999999
602.0 0.88671108
603.0 0.88722131
604.0 0.88719948
605.0 0.88786709
606.0 0.88726328
607.0 0.8879348
608.0 0.8876478400000001
609.0 0.88785532
610.0 0.88787547
611.0 0.88789569
612.0 0.88829358
613.0 0.8889705600000001
614.0 0.8887519399999999
615.0 0.88883112
616.0 0.88921766
617.0 0.88892113
618.0 0.88874292
619.0 0.88886123
620.0 0.8885035000000001
621.0 0.88801258
622.0 0.8882408900000001
623.0 0.8889131299999999
624.0 0.88840667
625.0 0.8880804600000001
626.0 0.8884709399999999
627.0 0.88844908
628.0 0.88835471
629.0 0.88793066
630.0 0.8879138000000001
631.0 0.8878886699999999
632.0 0.88788595
633.0 0.8884521599999999
634.0 0.88739368
635.0 0.8867376400000001
636.0 0.8873521200000001
637.0 0.8875463600000001
638.0 0.88731995
639.0 0.8865475
640.0 0.88573302
641.0 0.88627326
642.0 0.8856779899999999
643.0 0.88541845
644.0 0.88544366
645.0 0.88509653
646.0 0.88510767
647.0 0.88521356
648.0 0.8849442000000001
649.0 0.88482394
650.0 0.8839810199999999
651.0 0.88389226
652.0 0.8833808999999999
653.0 0.88302701
654.0 0.8824996
655.0 0.8826725500000001
656.0 0.88234396
657.0 0.88151204
658.0 0.8807092299999999
659.0 0.88113782
660.0 0.88151196
661.0 0.88071139
662.0 0.8805342899999999
663.0 0.88011554
664.0 0.87869264
665.0 0.8785299500000001
666.0 0.87878415
667.0 0.8783382500000001
668.0 0.87793971
669.0 0.8779009600000001
670.0 0.8777057100000001
671.0 0.87759833
672.0 0.87747519
673.0 0.87677807
674.0 0.87554216
675.0 0.87509726
676.0 0.8753819799999999
677.0 0.8744869900000001
678.0 0.8742174699999999
679.0 0.87410104
680.0 0.8741870199999999
681.0 0.8736011100000001
682.0 0.87257852
683.0 0.87297966
684.0 0.87241301
685.0 0.87163607
686.0 0.87139149
687.0 0.87057225
688.0 0.86975426
689.0 0.86846822
690.0 0.86772028
691.0 0.86754898
692.0 0.86745147
693.0 0.8671032200000001
694.0 0.86719763
695.0 0.86712172
696.0 0.86633366
697.0 0.8653713399999999
698.0 0.86506761
699.0 0.8647365
700.0 0.8641769600000001
701.0 0.86439077
702.0 0.8639009299999999
703.0 0.8631719099999999
704.0 0.86260222
705.0 0.86206977
706.0 0.8621872
707.0 0.86174595
708.0 0.86111642
709.0 0.860988
710.0 0.8607616899999999
711.0 0.86004464
712.0 0.85954782
713.0 0.85941308
714.0 0.85851465
715.0 0.85787451
716.0 0.85760459
717.0 0.85715948
718.0 0.8574617600000001
719.0 0.85708324
720.0 0.85628512
721.0 0.8559789600000001
722.0 0.8556424
723.0 0.85530996
724.0 0.8551050499999999
725.0 0.8549114299999999
726.0 0.85390434
727.0 0.85358078
728.0 0.852804
729.0 0.85179712
730.0 0.8517154499999999
731.0 0.85140136
732.0 0.8511600199999999
733.0 0.85092905
734.0 0.84982266
735.0 0.84915396
736.0 0.8493460899999999
737.0 0.84936341
738.0 0.84965526
739.0 0.848992
740.0 0.84749398
741.0 0.84838054
742.0 0.84716781
743.0 0.84660039
744.0 0.84711834
745.0 0.84688523
746.0 0.84671022
747.0 0.8469828300000001
748.0 0.84553718
749.0 0.8447152699999999
750.0 0.8440099999999999
751.0 0.8435246200000001
752.0 0.8424360299999999
753.0 0.8424976700000001
754.0 0.8432682800000001
755.0 0.84319656
756.0 0.84268367
757.0 0.8425352700000001
758.0 0.84164812
759.0 0.8412564299999999
760.0 0.8419867999999999
761.0 0.84228337
762.0 0.84114519
763.0 0.8408958400000001
764.0 0.84194938
765.0 0.83939366
766.0 0.8393678
767.0 0.8385896599999999
768.0 0.83904948
769.0 0.83920766
770.0 0.8385248300000001
771.0 0.8391229800000001
772.0 0.8363758
773.0 0.83730294
774.0 0.8378363299999999
775.0 0.83655117
776.0 0.83708794
777.0 0.83518603
778.0 0.83455084
779.0 0.8351616900000001
780.0 0.8355043999999999
781.0 0.83503924
782.0 0.83571489
783.0 0.8358988700000001
784.0 0.83534328
785.0 0.8336495100000001
786.0 0.83377184
787.0 0.83371106
788.0 0.83348113
789.0 0.83314804
790.0 0.8338135200000001
791.0 0.83350878
792.0 0.8314317
793.0 0.8319899599999999
794.0 0.83142982
795.0 0.83310339
796.0 0.83223026
797.0 0.8313700199999999
798.0 0.8306812499999999
799.0 0.82991744
800.0 0.82873835
801.0 0.8280273499999999
802.0 0.82890839
803.0 0.8308607000000001
804.0 0.83071248
805.0 0.8303874600000001
806.0 0.82796125
807.0 0.8282159299999999
808.0 0.82865058
809.0 0.82875652
810.0 0.82960554
811.0 0.82995049
812.0 0.83099105
813.0 0.8287239
814.0 0.8287649
815.0 0.82843562
816.0 0.82659145
817.0 0.82857794
818.0 0.8265728099999999
819.0 0.82730725
820.0 0.8262767700000001
821.0 0.82466106
822.0 0.8222960500000001
823.0 0.82621669
824.0 0.8280251599999999
825.0 0.82496913
826.0 0.8246981999999999
827.0 0.82471503
828.0 0.82351824
829.0 0.8266439099999999
830.0 0.8254911800000001
831.0 0.8227731
832.0 0.82599107
833.0 0.82385424
834.0 0.83186587
835.0 0.8263509600000001
836.0 0.8265799300000001
837.0 0.8254248
838.0 0.82525074
839.0 0.8255822
840.0 0.82435704
841.0 0.8247719499999999
842.0 0.82440927
843.0 0.8240141900000001
844.0 0.8243388199999999
845.0 0.8244500100000001
846.0 0.8236558599999999
847.0 0.82365804
848.0 0.82420768
849.0 0.82351423
850.0 0.82330366
851.0 0.82350951
852.0 0.8234629800000001
853.0 0.82304396
854.0 0.82322348
855.0 0.8230261299999999
856.0 0.82302204
857.0 0.82242813
858.0 0.82245186
859.0 0.8222850300000001
860.0 0.822499
861.0 0.82252183
862.0 0.82239169
863.0 0.82243144
864.0 0.82262726
865.0 0.82247179
866.0 0.8219576000000001
867.0 0.8220926199999999
868.0 0.8221198099999999
869.0 0.82149988
870.0 0.8217861200000001
871.0 0.8217412199999999
872.0 0.82158542
873.0 0.82122631
874.0 0.82103237
875.0 0.8212809
876.0 0.82121515
877.0 0.82104712
878.0 0.8208210699999999
879.0 0.82091541
880.0 0.82071154
881.0 0.82053758
882.0 0.8205639600000001
883.0 0.82056462
884.0 0.82050861
885.0 0.82045186
886.0 0.82026021
887.0 0.82007029
888.0 0.82011432
889.0 0.8201710400000001
890.0 0.8200180400000001
891.0 0.8199646199999999
892.0 0.81985471
893.0 0.82001627
894.0 0.81969784
895.0 0.81952599
896.0 0.81936488
897.0 0.81940605
898.0 0.81935925
899.0 0.8193743600000001
900.0 0.81918975
901.0 0.8191734599999999
902.0 0.81902694
903.0 0.8187363499999999
904.0 0.81859654
905.0 0.8186027199999999
906.0 0.81842147
907.0 0.8185028200000001
908.0 0.81841149
909.0 0.81841804
910.0 0.81824767
911.0 0.8182015300000001
912.0 0.81815604
913.0 0.8181135
914.0 0.8180066600000001
915.0 0.8178468200000001
916.0 0.81775212
917.0 0.8177034500000001
918.0 0.8175011600000001
919.0 0.81754587
920.0 0.8174665400000001
921.0 0.81733481
922.0 0.81738495
923.0 0.81737043
924.0 0.81716164
925.0 0.8168945700000001
926.0 0.81673085
927.0 0.8166822899999999
928.0 0.81656388
929.0 0.81650161
930.0 0.81643737
931.0 0.8164176500000001
932.0 0.81620963
933.0 0.81609354
934.0 0.81598048
935.0 0.8159258300000001
936.0 0.81578992
937.0 0.81559893
938.0 0.8154422800000001
939.0 0.81526953
940.0 0.81510723
941.0 0.8148353
942.0 0.8147002799999999
943.0 0.8146475200000001
944.0 0.8145034699999999
945.0 0.81435389
946.0 0.81425043
947.0 0.8140051300000001
948.0 0.81379203
949.0 0.81375192
950.0 0.8136253999999999
951.0 0.8133958800000001
952.0 0.8132377900000001
953.0 0.81315007
954.0 0.81300128
955.0 0.81283682
956.0 0.81273589
957.0 0.81262872
958.0 0.81242002
959.0 0.81221968
960.0 0.8120915700000001
961.0 0.81194913
962.0 0.81179715
963.0 0.81168225
964.0 0.8114779299999999
965.0 0.8111869199999999
966.0 0.81092384
967.0 0.8107425899999999
968.0 0.81059347
969.0 0.81038478
970.0 0.8101807599999999
971.0 0.80995631
972.0 0.80976594
973.0 0.80958141
974.0 0.8093850100000001
975.0 0.80911179
976.0 0.80885648
977.0 0.80863157
978.0 0.8084067899999999
979.0 0.80820943
980.0 0.80803637
981.0 0.80779833
982.0 0.80747939
983.0 0.80719808
984.0 0.80698728
985.0 0.80675703
986.0 0.80650015
987.0 0.80627134
988.0 0.8060725200000001
989.0 0.8058421
990.0 0.80563275
991.0 0.80538693
992.0 0.80502873
993.0 0.8047015500000001
994.0 0.80446226
995.0 0.80418056
996.0 0.80387767
997.0 0.80354242
998.0 0.80325425
999.0 0.80306961
1000.0 0.80284252
1001.0 0.80255296
1002.0 0.80225122
1003.0 0.8019049300000001
1004.0 0.80163605
1005.0 0.80133932
1006.0 0.8009926199999999
1007.0 0.8006517700000001
1008.0 0.8002683500000001
1009.0 0.79993005
1010.0 0.7995958000000001
1011.0 0.7992745800000001
1012.0 0.79895722
1013.0 0.79865729
1014.0 0.7983567600000001
1015.0 0.7980140099999999
1016.0 0.7976566300000001
1017.0 0.7972837199999999
1018.0 0.79681453
1019.0 0.7963918
1020.0 0.79611743
1021.0 0.79585336
1022.0 0.7955306799999999
1023.0 0.7952839199999999
1024.0 0.79494242
1025.0 0.79444004
1026.0 0.7939385
1027.0 0.79356071
1028.0 0.7931309
1029.0 0.7925928600000001
1030.0 0.79221875
1031.0 0.79192692
1032.0 0.79154867
1033.0 0.79112619
1034.0 0.7906596899999999
1035.0 0.7902705400000001
1036.0 0.7898783500000001
1037.0 0.78944839
1038.0 0.78900784
1039.0 0.7884746800000001
1040.0 0.78790359
1041.0 0.7874523499999999
1042.0 0.78704328
1043.0 0.7866434099999999
1044.0 0.78621274
1045.0 0.78573154
1046.0 0.78528728
1047.0 0.7848471
1048.0 0.78434913
1049.0 0.7839594099999999
1050.0 0.7835663900000001
1051.0 0.7831430500000001
1052.0 0.78259737
1053.0 0.7819662
1054.0 0.78142063
1055.0 0.7809347099999999
1056.0 0.78046448
1057.0 0.7799926899999999
1058.0 0.7795809199999999
1059.0 0.7791458900000001
1060.0 0.7786318799999999
1061.0 0.77803868
1062.0 0.77754005
1063.0 0.77699586
1064.0 0.77642468
1065.0 0.77581496
1066.0 0.77532579
1067.0 0.7748637899999999
1068.0 0.77435209
1069.0 0.77381904
1070.0 0.77310318
1071.0 0.77244928
1072.0 0.7718800400000001
1073.0 0.77136983
1074.0 0.7708408
1075.0 0.7702521
1076.0 0.7696122200000001
1077.0 0.7690331399999999
1078.0 0.7685735699999999
1079.0 0.7679786300000001
1080.0 0.7672882
1081.0 0.76673192
1082.0 0.7661667099999999
1083.0 0.7656089500000001
1084.0 0.76502943
1085.0 0.7643533499999999
1086.0 0.7638324400000001
1087.0 0.76327238
1088.0 0.7626575200000001
1089.0 0.76203557
1090.0 0.76134181
1091.0 0.7605999400000001
1092.0 0.7598419900000001
1093.0 0.7591603
1094.0 0.7585118
1095.0 0.7578872200000001
1096.0 0.75726505
1097.0 0.7566462199999999
1098.0 0.75592523
1099.0 0.75535443
1100.0 0.75470585
1101.0 0.75397414
1102.0 0.75328405
1103.0 0.75261028
1104.0 0.7520226200000001
1105.0 0.7513087199999999
1106.0 0.7505536700000001
1107.0 0.74992638
1108.0 0.7492561999999999
1109.0 0.74859489
1110.0 0.74787713
1111.0 0.7471274699999999
1112.0 0.74648638
1113.0 0.74575892
1114.0 0.74491592
1115.0 0.74421373
1116.0 0.7435244400000001
1117.0 0.74280316
1118.0 0.7420774900000001
1119.0 0.74131956
1120.0 0.74059702
1121.0 0.7399137299999999
1122.0 0.73925086
1123.0 0.73850129
1124.0 0.73767055
1125.0 0.7368230800000001
1126.0 0.73617838
1127.0 0.73545669
1128.0 0.73463435
1129.0 0.73384935
1130.0 0.73313158
1131.0 0.73235834
1132.0 0.7316017600000001
1133.0 0.73077601
1134.0 0.7299075700000001
1135.0 0.7291439200000001
1136.0 0.72838419
1137.0 0.7274901699999999
1138.0 0.72675818
1139.0 0.72596829
1140.0 0.72515047
1141.0 0.72437614
1142.0 0.72356491
1143.0 0.7227049200000001
1144.0 0.72203629
1145.0 0.72112583
1146.0 0.72032967
1147.0 0.71943568
1148.0 0.7186536499999999
1149.0 0.7178439299999999
1150.0 0.7169730099999999
1151.0 0.7161444
1152.0 0.7153614500000001
1153.0 0.71447072
1154.0 0.71355451
1155.0 0.7127192800000001
1156.0 0.71183671
1157.0 0.71108926
1158.0 0.7102422300000001
1159.0 0.7094088399999999
1160.0 0.7085548300000001
1161.0 0.70766841
1162.0 0.70681308
1163.0 0.70592614
1164.0 0.7050479300000001
1165.0 0.7041480400000001
1166.0 0.70330263
1167.0 0.70248486
1168.0 0.7017020700000001
1169.0 0.70084614
1170.0 0.6998488500000001
1171.0 0.6989266000000001
1172.0 0.69807838
1173.0 0.69713622
1174.0 0.6962187400000001
1175.0 0.69528277
1176.0 0.6943729000000001
1177.0 0.69354637
1178.0 0.69262169
1179.0 0.69166237
1180.0 0.6907449200000001
1181.0 0.68984745
1182.0 0.6889505499999999
1183.0 0.6880763799999999
1184.0 0.6871485199999999
1185.0 0.68621464
1186.0 0.6852704300000001
1187.0 0.68443029
1188.0 0.68352291
1189.0 0.6826431599999999
1190.0 0.68170575
1191.0 0.6807479399999999
1192.0 0.6798745099999999
1193.0 0.6789590200000001
1194.0 0.67802285
1195.0 0.67706385
1196.0 0.6761094799999999
1197.0 0.67514521
1198.0 0.6741888
1199.0 0.67322717
1200.0 0.67229052
1201.0 0.67133307
1202.0 0.67034595
1203.0 0.66939441
1204.0 0.66846363
1205.0 0.66743019
1206.0 0.66644193
1207.0 0.66556602
1208.0 0.6646473500000001
1209.0 0.66366863
1210.0 0.66266692
1211.0 0.6616798300000001
1212.0 0.66068608
1213.0 0.65966887
1214.0 0.65871878
1215.0 0.65781833
1216.0 0.65682149
1217.0 0.6558453900000001
1218.0 0.65485967
1219.0 0.6539081400000001
1220.0 0.65301109
1221.0 0.65210003
1222.0 0.6511663
1223.0 0.65018193
1224.0 0.6491650400000001
1225.0 0.64819268
1226.0 0.64719949
1227.0 0.64622576
1228.0 0.64525478
1229.0 0.64422445
1230.0 0.64324647
1231.0 0.64227371
1232.0 0.6411892
1233.0 0.6401443
1234.0 0.6391963700000001
1235.0 0.63818109
1236.0 0.63710886
1237.0 0.63601584
1238.0 0.63494447
1239.0 0.63389115
1240.0 0.63286809
1241.0 0.63183086
1242.0 0.63074073
1243.0 0.62966034
1244.0 0.62857911
1245.0 0.6275437500000001
1246.0 0.62654163
1247.0 0.62546143
1248.0 0.62439333
1249.0 0.62341774
1250.0 0.62243
1251.0 0.62134548
1252.0 0.62022421
1253.0 0.61917299
1254.0 0.6181516100000001
1255.0 0.61712132
1256.0 0.61604403
1257.0 0.61500181
1258.0 0.61395615
1259.0 0.6129045399999999
1260.0 0.61185852
1261.0 0.61083912
1262.0 0.60983414
1263.0 0.60883834
1264.0 0.60782418
1265.0 0.6067817200000001
1266.0 0.60574148
1267.0 0.60470147
1268.0 0.60364929
1269.0 0.60261109
1270.0 0.60156285
1271.0 0.6005176
1272.0 0.59943208
1273.0 0.59833627
1274.0 0.59728347
1275.0 0.5962632
1276.0 0.5952118399999999
1277.0 0.59415949
1278.0 0.59311832
1279.0 0.59202491
1280.0 0.5908849
1281.0 0.58974138
1282.0 0.58862888
1283.0 0.58750993
1284.0 0.58635848
1285.0 0.58521603
1286.0 0.58415222
1287.0 0.58307955
1288.0 0.58202139
1289.0 0.58098908
1290.0 0.57991244
1291.0 0.5787923899999999
1292.0 0.57764912
1293.0 0.57654128
1294.0 0.5754332200000001
1295.0 0.5743315299999999
1296.0 0.57324008
1297.0 0.57209869
1298.0 0.57100938
1299.0 0.5699789200000001
1300.0 0.5688681600000001
1301.0 0.56778904
1302.0 0.56674998
1303.0 0.5656597800000001
1304.0 0.56454424
1305.0 0.56344298
1306.0 0.56237594
1307.0 0.56133271
1308.0 0.56028186
1309.0 0.55923262
1310.0 0.55815258
1311.0 0.55710084
1312.0 0.55602179
1313.0 0.5549119499999999
1314.0 0.55386528
1315.0 0.5528229100000001
1316.0 0.55174583
1317.0 0.5506709
1318.0 0.54958069
1319.0 0.54848559
1320.0 0.54741852
1321.0 0.5463304800000001
1322.0 0.54523382
1323.0 0.54415355
1324.0 0.54305371
1325.0 0.54190321
1326.0 0.54077716
1327.0 0.53972339
1328.0 0.53863887
1329.0 0.53754665
1330.0 0.53642432
1331.0 0.53531349
1332.0 0.53418438
1333.0 0.53309178
1334.0 0.53205057
1335.0 0.53099495
1336.0 0.52989083
1337.0 0.52891988
1338.0 0.52796968
1339.0 0.52688194
1340.0 0.5257932000000001
1341.0 0.52472129
1342.0 0.52372492
1343.0 0.5227117299999999
1344.0 0.52167623
1345.0 0.52074462
1346.0 0.51979479
1347.0 0.5187999400000001
1348.0 0.5177669300000001
1349.0 0.51677056
1350.0 0.51576267
1351.0 0.51472329
1352.0 0.51371565
1353.0 0.51270059
1354.0 0.51172865
1355.0 0.5106797799999999
1356.0 0.50953097
1357.0 0.50840019
1358.0 0.50728872
1359.0 0.50621217
1360.0 0.50506394
1361.0 0.50394145
1362.0 0.50284348
1363.0 0.5016827
1364.0 0.5005594800000001
1365.0 0.49950605000000003
1366.0 0.49849772000000003
1367.0 0.49748792000000003
1368.0 0.49650408
1369.0 0.49551571000000005
1370.0 0.49444603
1371.0 0.49344970000000005
1372.0 0.49252247
1373.0 0.49154682
1374.0 0.49054839
1375.0 0.48962124
1376.0 0.48868701000000003
1377.0 0.4877617
1378.0 0.48682326000000004
1379.0 0.48586917
1380.0 0.48486989999999996
1381.0 0.48383268
1382.0 0.48284007
1383.0 0.48180052
1384.0 0.48073073
1385.0 0.47968404
1386.0 0.47864889
1387.0 0.47765504
1388.0 0.47666953
1389.0 0.4756786
1390.0 0.47476858
1391.0 0.47387107
1392.0 0.47283828
1393.0 0.47184655
1394.0 0.47094430000000004
1395.0 0.47004972
1396.0 0.46915084
1397.0 0.46823026
1398.0 0.46731048999999997
1399.0 0.46643397999999997
1400.0 0.4655355
1401.0 0.46456807
1402.0 0.46365811
1403.0 0.46266621
1404.0 0.46167903000000005
1405.0 0.46076501000000003
1406.0 0.45992959999999994
1407.0 0.45901457
1408.0 0.45804006
1409.0 0.45709486
1410.0 0.45627071
1411.0 0.45539509
1412.0 0.45446249
1413.0 0.4535938
1414.0 0.45274765
1415.0 0.45184026000000005
1416.0 0.45090212
1417.0 0.44993029
1418.0 0.44902456999999996
1419.0 0.44822414
1420.0 0.44730989
1421.0 0.44643251
1422.0 0.44562636
1423.0 0.44481038
1424.0 0.44392192
1425.0 0.44310555
1426.0 0.44225261000000005
1427.0 0.44137338
1428.0 0.44051389
1429.0 0.43974203
1430.0 0.43888971
1431.0 0.43798702
1432.0 0.43713887999999995
1433.0 0.43629834
1434.0 0.43545448
1435.0 0.4346579
1436.0 0.43378595
1437.0 0.43302303000000003
1438.0 0.43219897
1439.0 0.43136363000000005
1440.0 0.43052484999999996
1441.0 0.42968624
1442.0 0.42886436000000006
1443.0 0.42807358
1444.0 0.42730119
1445.0 0.42648335000000004
1446.0 0.42569373
1447.0 0.42490059
1448.0 0.42411503000000006
1449.0 0.42332467
1450.0 0.42255265000000003
1451.0 0.42174309
1452.0 0.42090022
1453.0 0.42009163
1454.0 0.41932157
1455.0 0.41849153
1456.0 0.41772125000000004
1457.0 0.41699925
1458.0 0.41617086000000003
1459.0 0.41537103999999997
1460.0 0.41462152
1461.0 0.41384160999999997
1462.0 0.41307000000000005
1463.0 0.41229233
1464.0 0.41153995000000004
1465.0 0.41074583
1466.0 0.41000692
1467.0 0.40922474000000003
1468.0 0.40847724
1469.0 0.40772709999999995
1470.0 0.4069866
1471.0 0.40624595999999996
1472.0 0.40545904
1473.0 0.40472642999999997
1474.0 0.40400722
1475.0 0.40327537999999996
1476.0 0.40253655
1477.0 0.40173938
1478.0 0.4010162
1479.0 0.40028990999999997
1480.0 0.39952222
1481.0 0.39875732999999997
1482.0 0.39803113
1483.0 0.39733469
1484.0 0.39659151000000004
1485.0 0.39581094
1486.0 0.39508566
1487.0 0.39433786
1488.0 0.3935566
1489.0 0.392828
1490.0 0.3920843
1491.0 0.39134712
1492.0 0.39062685
1493.0 0.38990931
1494.0 0.38921351000000004
1495.0 0.38849018999999996
1496.0 0.38778905
1497.0 0.38699541000000004
1498.0 0.38625792
1499.0 0.38549238
1500.0 0.38480446
