0.4500E+03  0.2027E+01  0.0000E+00
0.4510E+03  0.2028E+01  0.4071E-04
0.4520E+03  0.2029E+01  0.4346E-04
0.4530E+03  0.2029E+01  0.5314E-04
0.4540E+03  0.2030E+01  0.7001E-04
0.4550E+03  0.2031E+01  0.9451E-04
0.4560E+03  0.2032E+01  0.9819E-04
0.4570E+03  0.2032E+01  0.8136E-04
0.4580E+03  0.2033E+01  0.7323E-04
0.4590E+03  0.2033E+01  0.4543E-04
0.4600E+03  0.2034E+01  0.5625E-04
0.4610E+03  0.2035E+01  0.1887E-04
0.4620E+03  0.2035E+01  0.2155E-04
0.4630E+03  0.2035E+01  0.5071E-05
0.4640E+03  0.2036E+01  0.8414E-06
0.4650E+03  0.2036E+01  0.9237E-05
0.4660E+03  0.2036E+01  0.2232E-10
0.4670E+03  0.2037E+01  0.3369E-07
0.4680E+03  0.2037E+01  0.1103E-07
0.4690E+03  0.2037E+01  0.7580E-08
0.4700E+03  0.2037E+01  0.1309E-04
0.4710E+03  0.2037E+01  0.1233E-04
0.4720E+03  0.2037E+01  0.1945E-04
0.4730E+03  0.2037E+01  0.3395E-04
0.4740E+03  0.2037E+01  0.5492E-04
0.4750E+03  0.2037E+01  0.5442E-04
0.4760E+03  0.2037E+01  0.6053E-04
0.4770E+03  0.2037E+01  0.4502E-04
0.4780E+03  0.2037E+01  0.6389E-04
0.4790E+03  0.2036E+01  0.6061E-04
0.4800E+03  0.2036E+01  0.6329E-04
0.4810E+03  0.2036E+01  0.7153E-04
0.4820E+03  0.2036E+01  0.5725E-04
0.4830E+03  0.2036E+01  0.4812E-04
0.4840E+03  0.2036E+01  0.4400E-04
0.4850E+03  0.2036E+01  0.4462E-04
0.4860E+03  0.2036E+01  0.4957E-04
0.4870E+03  0.2035E+01  0.3134E-04
0.4880E+03  0.2035E+01  0.4463E-04
0.4890E+03  0.2035E+01  0.3417E-04
0.4900E+03  0.2035E+01  0.1829E-08
0.4910E+03  0.2035E+01  0.3244E-08
0.4920E+03  0.2034E+01  0.1888E-07
0.4930E+03  0.2034E+01  0.1175E-07
0.4940E+03  0.2034E+01  0.1854E-07
0.4950E+03  0.2034E+01  0.2172E-07
0.4960E+03  0.2034E+01  0.2197E-07
0.4970E+03  0.2033E+01  0.1986E-07
0.4980E+03  0.2033E+01  0.1591E-07
0.4990E+03  0.2033E+01  0.2329E-07
0.5000E+03  0.2033E+01  0.1616E-07
0.5010E+03  0.2032E+01  0.2007E-07
0.5020E+03  0.2032E+01  0.2246E-07
0.5030E+03  0.2032E+01  0.2372E-07
0.5040E+03  0.2031E+01  0.2398E-07
0.5050E+03  0.2031E+01  0.2339E-07
0.5060E+03  0.2031E+01  0.2219E-07
0.5070E+03  0.2030E+01  0.2035E-07
0.5080E+03  0.2030E+01  0.1805E-07
0.5090E+03  0.2030E+01  0.1535E-07
0.5100E+03  0.2030E+01  0.2407E-07
0.5110E+03  0.2029E+01  0.2040E-07
0.5120E+03  0.2029E+01  0.2804E-07
0.5130E+03  0.2029E+01  0.2227E-07
0.5140E+03  0.2029E+01  0.1503E-07
0.5150E+03  0.2028E+01  0.2036E-07
0.5160E+03  0.2028E+01  0.1075E-07
0.5170E+03  0.2028E+01  0.1473E-07
0.5180E+03  0.2028E+01  0.2364E-08
0.5190E+03  0.2027E+01  0.5102E-08
0.5200E+03  0.2027E+01  0.1496E-04
0.5210E+03  0.2027E+01  0.3832E-04
0.5220E+03  0.2026E+01  0.3551E-04
0.5230E+03  0.2026E+01  0.5895E-04
0.5240E+03  0.2026E+01  0.5607E-04
0.5250E+03  0.2025E+01  0.7885E-04
0.5260E+03  0.2025E+01  0.1010E-03
0.5270E+03  0.2025E+01  0.9627E-04
0.5280E+03  0.2025E+01  0.1165E-03
0.5290E+03  0.2024E+01  0.1356E-03
0.5300E+03  0.2024E+01  0.1534E-03
0.5310E+03  0.2024E+01  0.1692E-03
0.5320E+03  0.2023E+01  0.1824E-03
0.5330E+03  0.2023E+01  0.1935E-03
0.5340E+03  0.2023E+01  0.2028E-03
0.5350E+03  0.2023E+01  0.2103E-03
0.5360E+03  0.2023E+01  0.2163E-03
0.5370E+03  0.2022E+01  0.2210E-03
0.5380E+03  0.2022E+01  0.2510E-03
0.5390E+03  0.2022E+01  0.2538E-03
0.5400E+03  0.2022E+01  0.2823E-03
0.5410E+03  0.2021E+01  0.2840E-03
0.5420E+03  0.2021E+01  0.3119E-03
0.5430E+03  0.2021E+01  0.3397E-03
0.5440E+03  0.2021E+01  0.3937E-03
0.5450E+03  0.2021E+01  0.4220E-03
0.5460E+03  0.2020E+01  0.4506E-03
0.5470E+03  0.2020E+01  0.4798E-03
0.5480E+03  0.2020E+01  0.5362E-03
0.5490E+03  0.2019E+01  0.5669E-03
0.5500E+03  0.2019E+01  0.6253E-03
0.5510E+03  0.2019E+01  0.6874E-03
0.5520E+03  0.2018E+01  0.7554E-03
0.5530E+03  0.2018E+01  0.8283E-03
0.5540E+03  0.2017E+01  0.9054E-03
0.5550E+03  0.2016E+01  0.9855E-03
0.5560E+03  0.2016E+01  0.1095E-02
0.5570E+03  0.2015E+01  0.1206E-02
0.5580E+03  0.2014E+01  0.1290E-02
0.5590E+03  0.2013E+01  0.1402E-02
0.5600E+03  0.2013E+01  0.1512E-02
0.5610E+03  0.2012E+01  0.1649E-02
0.5620E+03  0.2011E+01  0.1755E-02
0.5630E+03  0.2010E+01  0.1886E-02
0.5640E+03  0.2009E+01  0.2013E-02
0.5650E+03  0.2008E+01  0.2136E-02
0.5660E+03  0.2007E+01  0.2254E-02
0.5670E+03  0.2006E+01  0.2367E-02
0.5680E+03  0.2006E+01  0.2474E-02
0.5690E+03  0.2005E+01  0.2603E-02
0.5700E+03  0.2004E+01  0.2697E-02
0.5710E+03  0.2003E+01  0.2815E-02
0.5720E+03  0.2002E+01  0.2932E-02
0.5730E+03  0.2001E+01  0.3075E-02
0.5740E+03  0.2001E+01  0.3187E-02
0.5750E+03  0.2000E+01  0.3324E-02
0.5760E+03  0.1999E+01  0.3458E-02
0.5770E+03  0.1998E+01  0.3559E-02
0.5780E+03  0.1997E+01  0.3684E-02
0.5790E+03  0.1996E+01  0.3831E-02
0.5800E+03  0.1995E+01  0.3945E-02
0.5810E+03  0.1994E+01  0.4053E-02
0.5820E+03  0.1993E+01  0.4182E-02
0.5830E+03  0.1992E+01  0.4305E-02
0.5840E+03  0.1991E+01  0.4421E-02
0.5850E+03  0.1990E+01  0.4530E-02
0.5860E+03  0.1990E+01  0.4631E-02
0.5870E+03  0.1989E+01  0.4753E-02
0.5880E+03  0.1988E+01  0.4838E-02
0.5890E+03  0.1988E+01  0.4944E-02
0.5900E+03  0.1987E+01  0.5043E-02
0.5910E+03  0.1986E+01  0.5134E-02
0.5920E+03  0.1986E+01  0.5221E-02
0.5930E+03  0.1985E+01  0.5303E-02
0.5940E+03  0.1985E+01  0.5380E-02
0.5950E+03  0.1984E+01  0.5481E-02
0.5960E+03  0.1984E+01  0.5549E-02
0.5970E+03  0.1984E+01  0.5641E-02
0.5980E+03  0.1983E+01  0.5758E-02
0.5990E+03  0.1983E+01  0.5841E-02
0.6000E+03  0.1982E+01  0.5920E-02
0.6010E+03  0.1982E+01  0.6025E-02
0.6020E+03  0.1982E+01  0.6095E-02
0.6030E+03  0.1981E+01  0.6191E-02
0.6040E+03  0.1981E+01  0.6283E-02
0.6050E+03  0.1980E+01  0.6371E-02
0.6060E+03  0.1980E+01  0.6456E-02
0.6070E+03  0.1980E+01  0.6566E-02
0.6080E+03  0.1980E+01  0.6642E-02
0.6090E+03  0.1979E+01  0.6715E-02
0.6100E+03  0.1979E+01  0.6814E-02
0.6110E+03  0.1979E+01  0.6910E-02
0.6120E+03  0.1978E+01  0.7002E-02
0.6130E+03  0.1978E+01  0.7091E-02
0.6140E+03  0.1978E+01  0.7176E-02
0.6150E+03  0.1978E+01  0.7258E-02
0.6160E+03  0.1978E+01  0.7368E-02
0.6170E+03  0.1977E+01  0.7443E-02
0.6180E+03  0.1977E+01  0.7546E-02
0.6190E+03  0.1977E+01  0.7647E-02
0.6200E+03  0.1977E+01  0.7744E-02
0.6210E+03  0.1977E+01  0.7838E-02
0.6220E+03  0.1976E+01  0.7960E-02
0.6230E+03  0.1976E+01  0.8049E-02
0.6240E+03  0.1976E+01  0.8134E-02
0.6250E+03  0.1976E+01  0.8248E-02
0.6260E+03  0.1976E+01  0.8359E-02
0.6270E+03  0.1976E+01  0.8437E-02
0.6280E+03  0.1975E+01  0.8543E-02
0.6290E+03  0.1975E+01  0.8646E-02
0.6300E+03  0.1975E+01  0.8747E-02
0.6310E+03  0.1975E+01  0.8877E-02
0.6320E+03  0.1975E+01  0.8973E-02
0.6330E+03  0.1975E+01  0.9097E-02
0.6340E+03  0.1974E+01  0.9188E-02
0.6350E+03  0.1974E+01  0.9276E-02
0.6360E+03  0.1974E+01  0.9394E-02
0.6370E+03  0.1974E+01  0.9509E-02
0.6380E+03  0.1974E+01  0.9621E-02
0.6390E+03  0.1974E+01  0.9732E-02
0.6400E+03  0.1973E+01  0.9840E-02
0.6410E+03  0.1973E+01  0.9946E-02
0.6420E+03  0.1973E+01  0.1008E-01
0.6430E+03  0.1973E+01  0.1018E-01
0.6440E+03  0.1973E+01  0.1028E-01
0.6450E+03  0.1973E+01  0.1038E-01
0.6460E+03  0.1973E+01  0.1051E-01
0.6470E+03  0.1972E+01  0.1060E-01
0.6480E+03  0.1972E+01  0.1072E-01
0.6490E+03  0.1972E+01  0.1081E-01
0.6500E+03  0.1972E+01  0.1093E-01
0.6510E+03  0.1972E+01  0.1105E-01
0.6520E+03  0.1972E+01  0.1116E-01
0.6530E+03  0.1972E+01  0.1127E-01
0.6540E+03  0.1971E+01  0.1138E-01
0.6550E+03  0.1971E+01  0.1149E-01
0.6560E+03  0.1971E+01  0.1160E-01
0.6570E+03  0.1971E+01  0.1171E-01
0.6580E+03  0.1971E+01  0.1181E-01
0.6590E+03  0.1971E+01  0.1191E-01
0.6600E+03  0.1971E+01  0.1201E-01
0.6610E+03  0.1970E+01  0.1211E-01
0.6620E+03  0.1970E+01  0.1220E-01
0.6630E+03  0.1970E+01  0.1233E-01
0.6640E+03  0.1970E+01  0.1242E-01
0.6650E+03  0.1970E+01  0.1255E-01
0.6660E+03  0.1970E+01  0.1267E-01
0.6670E+03  0.1969E+01  0.1276E-01
0.6680E+03  0.1969E+01  0.1288E-01
0.6690E+03  0.1969E+01  0.1296E-01
0.6700E+03  0.1969E+01  0.1308E-01
0.6710E+03  0.1969E+01  0.1319E-01
0.6720E+03  0.1969E+01  0.1330E-01
0.6730E+03  0.1968E+01  0.1342E-01
0.6740E+03  0.1968E+01  0.1353E-01
0.6750E+03  0.1968E+01  0.1363E-01
0.6760E+03  0.1968E+01  0.1377E-01
0.6770E+03  0.1968E+01  0.1388E-01
0.6780E+03  0.1967E+01  0.1398E-01
0.6790E+03  0.1967E+01  0.1408E-01
0.6800E+03  0.1967E+01  0.1419E-01
0.6810E+03  0.1967E+01  0.1432E-01
0.6820E+03  0.1966E+01  0.1442E-01
0.6830E+03  0.1966E+01  0.1451E-01
0.6840E+03  0.1966E+01  0.1461E-01
0.6850E+03  0.1966E+01  0.1474E-01
0.6860E+03  0.1966E+01  0.1483E-01
0.6870E+03  0.1965E+01  0.1492E-01
0.6880E+03  0.1965E+01  0.1505E-01
0.6890E+03  0.1965E+01  0.1518E-01
0.6900E+03  0.1965E+01  0.1527E-01
0.6910E+03  0.1965E+01  0.1535E-01
0.6920E+03  0.1965E+01  0.1548E-01
0.6930E+03  0.1965E+01  0.1556E-01
0.6940E+03  0.1964E+01  0.1568E-01
0.6950E+03  0.1964E+01  0.1580E-01
0.6960E+03  0.1964E+01  0.1589E-01
0.6970E+03  0.1964E+01  0.1601E-01
0.6980E+03  0.1964E+01  0.1609E-01
0.6990E+03  0.1964E+01  0.1617E-01
0.7000E+03  0.1964E+01  0.1628E-01
0.7010E+03  0.1964E+01  0.1636E-01
0.7020E+03  0.1964E+01  0.1644E-01
0.7030E+03  0.1964E+01  0.1651E-01
0.7040E+03  0.1963E+01  0.1659E-01
0.7050E+03  0.1963E+01  0.1666E-01
0.7060E+03  0.1963E+01  0.1677E-01
0.7070E+03  0.1963E+01  0.1685E-01
0.7080E+03  0.1963E+01  0.1696E-01
0.7090E+03  0.1963E+01  0.1703E-01
0.7100E+03  0.1963E+01  0.1710E-01
0.7110E+03  0.1963E+01  0.1717E-01
0.7120E+03  0.1963E+01  0.1723E-01
0.7130E+03  0.1963E+01  0.1730E-01
0.7140E+03  0.1963E+01  0.1741E-01
0.7150E+03  0.1963E+01  0.1748E-01
0.7160E+03  0.1963E+01  0.1754E-01
0.7170E+03  0.1963E+01  0.1761E-01
0.7180E+03  0.1963E+01  0.1767E-01
0.7190E+03  0.1963E+01  0.1773E-01
0.7200E+03  0.1963E+01  0.1780E-01
0.7210E+03  0.1962E+01  0.1786E-01
0.7220E+03  0.1962E+01  0.1792E-01
0.7230E+03  0.1962E+01  0.1798E-01
0.7240E+03  0.1962E+01  0.1804E-01
0.7250E+03  0.1962E+01  0.1810E-01
0.7260E+03  0.1962E+01  0.1816E-01
0.7270E+03  0.1962E+01  0.1821E-01
0.7280E+03  0.1962E+01  0.1827E-01
0.7290E+03  0.1962E+01  0.1833E-01
0.7300E+03  0.1962E+01  0.1842E-01
0.7310E+03  0.1962E+01  0.1848E-01
0.7320E+03  0.1962E+01  0.1853E-01
0.7330E+03  0.1962E+01  0.1858E-01
0.7340E+03  0.1962E+01  0.1868E-01
0.7350E+03  0.1962E+01  0.1869E-01
0.7360E+03  0.1962E+01  0.1874E-01
0.7370E+03  0.1961E+01  0.1879E-01
0.7380E+03  0.1961E+01  0.1884E-01
0.7390E+03  0.1961E+01  0.1889E-01
0.7400E+03  0.1961E+01  0.1890E-01
0.7410E+03  0.1961E+01  0.1895E-01
0.7420E+03  0.1961E+01  0.1895E-01
0.7430E+03  0.1961E+01  0.1900E-01
0.7440E+03  0.1961E+01  0.1905E-01
0.7450E+03  0.1961E+01  0.1905E-01
0.7460E+03  0.1961E+01  0.1910E-01
0.7470E+03  0.1960E+01  0.1910E-01
0.7480E+03  0.1960E+01  0.1914E-01
0.7490E+03  0.1960E+01  0.1914E-01
0.7500E+03  0.1960E+01  0.1914E-01
0.7510E+03  0.1960E+01  0.1919E-01
0.7520E+03  0.1960E+01  0.1919E-01
0.7530E+03  0.1960E+01  0.1923E-01
0.7540E+03  0.1959E+01  0.1923E-01
0.7550E+03  0.1959E+01  0.1922E-01
0.7560E+03  0.1959E+01  0.1922E-01
0.7570E+03  0.1959E+01  0.1921E-01
0.7580E+03  0.1959E+01  0.1925E-01
0.7590E+03  0.1958E+01  0.1925E-01
0.7600E+03  0.1958E+01  0.1924E-01
0.7610E+03  0.1958E+01  0.1924E-01
0.7620E+03  0.1958E+01  0.1923E-01
0.7630E+03  0.1958E+01  0.1922E-01
0.7640E+03  0.1957E+01  0.1922E-01
0.7650E+03  0.1957E+01  0.1925E-01
0.7660E+03  0.1957E+01  0.1925E-01
0.7670E+03  0.1957E+01  0.1924E-01
0.7680E+03  0.1956E+01  0.1923E-01
0.7690E+03  0.1956E+01  0.1918E-01
0.7700E+03  0.1956E+01  0.1917E-01
0.7710E+03  0.1956E+01  0.1911E-01
0.7720E+03  0.1956E+01  0.1910E-01
0.7730E+03  0.1955E+01  0.1910E-01
0.7740E+03  0.1955E+01  0.1913E-01
0.7750E+03  0.1955E+01  0.1912E-01
0.7760E+03  0.1955E+01  0.1907E-01
0.7770E+03  0.1955E+01  0.1906E-01
0.7780E+03  0.1954E+01  0.1900E-01
0.7790E+03  0.1954E+01  0.1899E-01
0.7800E+03  0.1954E+01  0.1898E-01
0.7810E+03  0.1954E+01  0.1897E-01
0.7820E+03  0.1954E+01  0.1901E-01
0.7830E+03  0.1953E+01  0.1900E-01
0.7840E+03  0.1953E+01  0.1899E-01
0.7850E+03  0.1953E+01  0.1898E-01
0.7860E+03  0.1953E+01  0.1892E-01
0.7870E+03  0.1953E+01  0.1891E-01
0.7880E+03  0.1952E+01  0.1885E-01
0.7890E+03  0.1952E+01  0.1884E-01
0.7900E+03  0.1952E+01  0.1878E-01
0.7910E+03  0.1952E+01  0.1872E-01
0.7920E+03  0.1952E+01  0.1862E-01
0.7930E+03  0.1951E+01  0.1861E-01
0.7940E+03  0.1951E+01  0.1855E-01
0.7950E+03  0.1951E+01  0.1849E-01
0.7960E+03  0.1951E+01  0.1843E-01
0.7970E+03  0.1951E+01  0.1837E-01
0.7980E+03  0.1950E+01  0.1836E-01
0.7990E+03  0.1950E+01  0.1830E-01
0.8000E+03  0.1950E+01  0.1824E-01
0.8010E+03  0.1950E+01  0.1818E-01
0.8020E+03  0.1950E+01  0.1812E-01
0.8030E+03  0.1950E+01  0.1812E-01
0.8040E+03  0.1949E+01  0.1816E-01
0.8050E+03  0.1949E+01  0.1810E-01
0.8060E+03  0.1949E+01  0.1804E-01
0.8070E+03  0.1949E+01  0.1798E-01
0.8080E+03  0.1948E+01  0.1792E-01
0.8090E+03  0.1948E+01  0.1791E-01
0.8100E+03  0.1948E+01  0.1785E-01
0.8110E+03  0.1948E+01  0.1774E-01
0.8120E+03  0.1947E+01  0.1768E-01
0.8130E+03  0.1947E+01  0.1763E-01
0.8140E+03  0.1947E+01  0.1752E-01
0.8150E+03  0.1947E+01  0.1741E-01
0.8160E+03  0.1946E+01  0.1735E-01
0.8170E+03  0.1946E+01  0.1724E-01
0.8180E+03  0.1946E+01  0.1718E-01
0.8190E+03  0.1945E+01  0.1708E-01
0.8200E+03  0.1945E+01  0.1697E-01
0.8210E+03  0.1945E+01  0.1691E-01
0.8220E+03  0.1945E+01  0.1680E-01
0.8230E+03  0.1944E+01  0.1670E-01
0.8240E+03  0.1944E+01  0.1659E-01
0.8250E+03  0.1944E+01  0.1653E-01
0.8260E+03  0.1943E+01  0.1637E-01
0.8270E+03  0.1943E+01  0.1627E-01
0.8280E+03  0.1943E+01  0.1616E-01
0.8290E+03  0.1942E+01  0.1605E-01
0.8300E+03  0.1942E+01  0.1595E-01
0.8310E+03  0.1942E+01  0.1589E-01
0.8320E+03  0.1941E+01  0.1584E-01
0.8330E+03  0.1941E+01  0.1574E-01
0.8340E+03  0.1941E+01  0.1563E-01
0.8350E+03  0.1941E+01  0.1553E-01
0.8360E+03  0.1940E+01  0.1542E-01
0.8370E+03  0.1940E+01  0.1532E-01
0.8380E+03  0.1940E+01  0.1527E-01
0.8390E+03  0.1939E+01  0.1516E-01
0.8400E+03  0.1939E+01  0.1506E-01
0.8410E+03  0.1939E+01  0.1496E-01
0.8420E+03  0.1938E+01  0.1485E-01
0.8430E+03  0.1938E+01  0.1470E-01
0.8440E+03  0.1938E+01  0.1454E-01
0.8450E+03  0.1938E+01  0.1444E-01
0.8460E+03  0.1937E+01  0.1434E-01
0.8470E+03  0.1937E+01  0.1424E-01
0.8480E+03  0.1937E+01  0.1408E-01
0.8490E+03  0.1936E+01  0.1398E-01
0.8500E+03  0.1936E+01  0.1389E-01
0.8510E+03  0.1936E+01  0.1373E-01
0.8520E+03  0.1935E+01  0.1369E-01
0.8530E+03  0.1935E+01  0.1365E-01
0.8540E+03  0.1935E+01  0.1355E-01
0.8550E+03  0.1934E+01  0.1340E-01
0.8560E+03  0.1934E+01  0.1336E-01
0.8570E+03  0.1934E+01  0.1327E-01
0.8580E+03  0.1933E+01  0.1317E-01
0.8590E+03  0.1933E+01  0.1313E-01
0.8600E+03  0.1933E+01  0.1304E-01
0.8610E+03  0.1932E+01  0.1295E-01
0.8620E+03  0.1932E+01  0.1291E-01
0.8630E+03  0.1932E+01  0.1288E-01
0.8640E+03  0.1931E+01  0.1279E-01
0.8650E+03  0.1931E+01  0.1265E-01
0.8660E+03  0.1930E+01  0.1256E-01
0.8670E+03  0.1930E+01  0.1242E-01
0.8680E+03  0.1930E+01  0.1233E-01
0.8690E+03  0.1929E+01  0.1224E-01
0.8700E+03  0.1929E+01  0.1216E-01
0.8710E+03  0.1929E+01  0.1202E-01
0.8720E+03  0.1928E+01  0.1194E-01
0.8730E+03  0.1928E+01  0.1186E-01
0.8740E+03  0.1927E+01  0.1178E-01
0.8750E+03  0.1927E+01  0.1171E-01
0.8760E+03  0.1926E+01  0.1158E-01
0.8770E+03  0.1926E+01  0.1150E-01
0.8780E+03  0.1925E+01  0.1143E-01
0.8790E+03  0.1925E+01  0.1136E-01
0.8800E+03  0.1924E+01  0.1129E-01
0.8810E+03  0.1924E+01  0.1122E-01
0.8820E+03  0.1923E+01  0.1109E-01
0.8830E+03  0.1923E+01  0.1102E-01
0.8840E+03  0.1923E+01  0.1095E-01
0.8850E+03  0.1922E+01  0.1088E-01
0.8860E+03  0.1922E+01  0.1081E-01
0.8870E+03  0.1922E+01  0.1073E-01
0.8880E+03  0.1921E+01  0.1060E-01
0.8890E+03  0.1921E+01  0.1052E-01
0.8900E+03  0.1921E+01  0.1043E-01
0.8910E+03  0.1921E+01  0.1035E-01
0.8920E+03  0.1921E+01  0.1027E-01
0.8930E+03  0.1921E+01  0.1018E-01
0.8940E+03  0.1921E+01  0.1010E-01
0.8950E+03  0.1921E+01  0.1001E-01
0.8960E+03  0.1921E+01  0.9872E-02
0.8970E+03  0.1921E+01  0.9788E-02
0.8980E+03  0.1920E+01  0.9704E-02
0.8990E+03  0.1920E+01  0.9621E-02
0.9000E+03  0.1920E+01  0.9538E-02
0.9010E+03  0.1920E+01  0.9396E-02
0.9020E+03  0.1920E+01  0.9313E-02
0.9030E+03  0.1920E+01  0.9231E-02
0.9040E+03  0.1920E+01  0.9149E-02
0.9050E+03  0.1920E+01  0.9067E-02
0.9060E+03  0.1920E+01  0.8927E-02
0.9070E+03  0.1920E+01  0.8846E-02
0.9080E+03  0.1920E+01  0.8766E-02
0.9090E+03  0.1920E+01  0.8687E-02
0.9100E+03  0.1920E+01  0.8608E-02
0.9110E+03  0.1920E+01  0.8530E-02
0.9120E+03  0.1920E+01  0.8393E-02
0.9130E+03  0.1920E+01  0.8317E-02
0.9140E+03  0.1920E+01  0.8241E-02
0.9150E+03  0.1920E+01  0.8166E-02
0.9160E+03  0.1920E+01  0.8092E-02
0.9170E+03  0.1920E+01  0.8018E-02
0.9180E+03  0.1920E+01  0.7944E-02
0.9190E+03  0.1919E+01  0.7871E-02
0.9200E+03  0.1919E+01  0.7798E-02
0.9210E+03  0.1919E+01  0.7726E-02
0.9220E+03  0.1919E+01  0.7654E-02
0.9230E+03  0.1919E+01  0.7582E-02
0.9240E+03  0.1919E+01  0.7510E-02
0.9250E+03  0.1919E+01  0.7439E-02
0.9260E+03  0.1919E+01  0.7367E-02
0.9270E+03  0.1919E+01  0.7295E-02
0.9280E+03  0.1919E+01  0.7223E-02
0.9290E+03  0.1919E+01  0.7150E-02
0.9300E+03  0.1919E+01  0.7078E-02
0.9310E+03  0.1919E+01  0.7005E-02
0.9320E+03  0.1919E+01  0.6992E-02
0.9330E+03  0.1919E+01  0.6917E-02
0.9340E+03  0.1919E+01  0.6842E-02
0.9350E+03  0.1919E+01  0.6766E-02
0.9360E+03  0.1919E+01  0.6752E-02
0.9370E+03  0.1919E+01  0.6676E-02
0.9380E+03  0.1919E+01  0.6600E-02
0.9390E+03  0.1919E+01  0.6524E-02
0.9400E+03  0.1920E+01  0.6510E-02
0.9410E+03  0.1920E+01  0.6435E-02
0.9420E+03  0.1920E+01  0.6422E-02
0.9430E+03  0.1920E+01  0.6348E-02
0.9440E+03  0.1920E+01  0.6275E-02
0.9450E+03  0.1920E+01  0.6265E-02
0.9460E+03  0.1920E+01  0.6194E-02
0.9470E+03  0.1920E+01  0.6188E-02
0.9480E+03  0.1920E+01  0.6120E-02
0.9490E+03  0.1920E+01  0.6117E-02
0.9500E+03  0.1920E+01  0.6053E-02
0.9510E+03  0.1920E+01  0.6055E-02
0.9520E+03  0.1920E+01  0.6000E-02
0.9530E+03  0.1920E+01  0.6012E-02
0.9540E+03  0.1920E+01  0.6028E-02
0.9550E+03  0.1920E+01  0.5985E-02
0.9560E+03  0.1919E+01  0.6008E-02
0.9570E+03  0.1919E+01  0.6034E-02
0.9580E+03  0.1919E+01  0.5999E-02
0.9590E+03  0.1919E+01  0.6030E-02
0.9600E+03  0.1918E+01  0.6061E-02
0.9610E+03  0.1918E+01  0.6094E-02
0.9620E+03  0.1918E+01  0.6064E-02
0.9630E+03  0.1918E+01  0.6097E-02
0.9640E+03  0.1918E+01  0.6130E-02
0.9650E+03  0.1917E+01  0.6161E-02
0.9660E+03  0.1917E+01  0.6191E-02
0.9670E+03  0.1917E+01  0.6155E-02
0.9680E+03  0.1917E+01  0.6179E-02
0.9690E+03  0.1917E+01  0.6201E-02
0.9700E+03  0.1917E+01  0.6218E-02
0.9710E+03  0.1917E+01  0.6230E-02
0.9720E+03  0.1917E+01  0.6236E-02
0.9730E+03  0.1917E+01  0.6235E-02
0.9740E+03  0.1917E+01  0.6293E-02
0.9750E+03  0.1918E+01  0.6281E-02
0.9760E+03  0.1918E+01  0.6264E-02
0.9770E+03  0.1918E+01  0.6240E-02
0.9780E+03  0.1919E+01  0.6212E-02
0.9790E+03  0.1919E+01  0.6243E-02
0.9800E+03  0.1920E+01  0.6205E-02
0.9810E+03  0.1920E+01  0.6162E-02
0.9820E+03  0.1921E+01  0.6180E-02
0.9830E+03  0.1921E+01  0.6129E-02
0.9840E+03  0.1922E+01  0.6074E-02
0.9850E+03  0.1922E+01  0.6081E-02
0.9860E+03  0.1923E+01  0.6018E-02
0.9870E+03  0.1924E+01  0.6018E-02
0.9880E+03  0.1925E+01  0.5950E-02
0.9890E+03  0.1925E+01  0.5945E-02
0.9900E+03  0.1926E+01  0.5938E-02
0.9910E+03  0.1927E+01  0.5862E-02
0.9920E+03  0.1928E+01  0.5851E-02
0.9930E+03  0.1928E+01  0.5839E-02
0.9940E+03  0.1929E+01  0.5758E-02
0.9950E+03  0.1930E+01  0.5744E-02
0.9960E+03  0.1931E+01  0.5729E-02
0.9970E+03  0.1931E+01  0.5713E-02
0.9980E+03  0.1932E+01  0.5698E-02
0.9990E+03  0.1933E+01  0.5683E-02
0.1000E+04  0.1934E+01  0.5601E-02
