450.000000 2.028918 0.000000
451.000000 2.028624 0.000000
452.000000 2.028331 0.000000
453.000000 2.028038 0.000000
454.000000 2.027745 0.000000
455.000000 2.027452 0.000000
456.000000 2.027159 0.000000
457.000000 2.026866 0.000000
458.000000 2.026572 0.000000
459.000000 2.026279 0.000000
460.000000 2.025986 0.000000
461.000000 2.025693 0.000000
462.000000 2.025400 0.000000
463.000000 2.025107 0.000000
464.000000 2.024814 0.000000
465.000000 2.024520 0.000000
466.000000 2.024227 0.000000
467.000000 2.023934 0.000000
468.000000 2.023641 0.000000
469.000000 2.023348 0.000000
470.000000 2.023055 0.000000
471.000000 2.022762 0.000000
472.000000 2.022468 0.000000
473.000000 2.022175 0.000000
474.000000 2.021882 0.000000
475.000000 2.021589 0.000000
476.000000 2.021296 0.000000
477.000000 2.021003 0.000000
478.000000 2.020710 0.000000
479.000000 2.020416 0.000000
480.000000 2.020123 0.000000
481.000000 2.019830 0.000000
482.000000 2.019537 0.000000
483.000000 2.019244 0.000000
484.000000 2.018951 0.000000
485.000000 2.018658 0.000000
486.000000 2.018364 0.000000
487.000000 2.018071 0.000000
488.000000 2.017778 0.000000
489.000000 2.017485 0.000000
490.000000 2.017192 0.000000
491.000000 2.016899 0.000000
492.000000 2.016606 0.000000
493.000000 2.016312 0.000000
494.000000 2.016019 0.000000
495.000000 2.015726 0.000000
496.000000 2.015433 0.000000
497.000000 2.015140 0.000000
498.000000 2.014847 0.000000
499.000000 2.014554 0.000000
500.000000 2.014260 0.000000
501.000000 2.013967 0.000000
502.000000 2.013674 0.000000
503.000000 2.013381 0.000000
504.000000 2.013088 0.000000
505.000000 2.012795 0.000000
506.000000 2.012502 0.000000
507.000000 2.012209 0.000000
508.000000 2.011915 0.000000
509.000000 2.011622 0.000000
510.000000 2.011329 0.000000
511.000000 2.011036 0.000000
512.000000 2.010743 0.000000
513.000000 2.010449 0.000000
514.000000 2.010155 0.000000
515.000000 2.009862 0.000000
516.000000 2.009569 0.000000
517.000000 2.009278 0.000000
518.000000 2.008987 0.000000
519.000000 2.008697 0.000000
520.000000 2.008407 0.000000
521.000000 2.008117 0.000000
522.000000 2.007827 0.000000
523.000000 2.007530 0.000000
524.000000 2.007219 0.000000
525.000000 2.006906 0.000000
526.000000 2.006606 0.000000
527.000000 2.006334 0.000000
528.000000 2.006104 0.000000
529.000000 2.005907 0.000000
530.000000 2.005732 0.000000
531.000000 2.005570 0.000000
532.000000 2.005411 0.000000
533.000000 2.005249 0.000000
534.000000 2.005072 0.000000
535.000000 2.004882 0.000000
536.000000 2.004690 0.000000
537.000000 2.004507 0.000000
538.000000 2.004347 0.000000
539.000000 2.004220 0.000000
540.000000 2.004122 0.000000
541.000000 2.004038 0.000000
542.000000 2.003963 0.000000
543.000000 2.003892 0.000000
544.000000 2.003818 0.000000
545.000000 2.003738 0.000000
546.000000 2.003657 0.000000
547.000000 2.003576 0.000000
548.000000 2.003495 0.000000
549.000000 2.003414 0.000000
550.000000 2.003333 0.000000
551.000000 2.003252 0.000000
552.000000 2.003171 0.000000
553.000000 2.003090 0.000000
554.000000 2.003009 0.000000
555.000000 2.002929 0.000000
556.000000 2.002848 0.000000
557.000000 2.002767 0.000000
558.000000 2.002686 0.000000
559.000000 2.002605 0.000000
560.000000 2.002524 0.000000
561.000000 2.002443 0.000000
562.000000 2.002363 0.000000
563.000000 2.002282 0.000000
564.000000 2.002201 0.000000
565.000000 2.002120 0.000000
566.000000 2.002039 0.000000
567.000000 2.001958 0.000000
568.000000 2.001878 0.000000
569.000000 2.001797 0.000000
570.000000 2.001716 0.000000
571.000000 2.001635 0.000000
572.000000 2.001554 0.000000
573.000000 2.001473 0.000011
574.000000 2.001392 0.000053
575.000000 2.001312 0.000118
576.000000 2.001231 0.000200
577.000000 2.001150 0.000290
578.000000 2.001069 0.000382
579.000000 2.000988 0.000497
580.000000 2.000907 0.000638
581.000000 2.000827 0.000795
582.000000 2.000746 0.000958
583.000000 2.000665 0.001115
584.000000 2.000584 0.001260
585.000000 2.000503 0.001405
586.000000 2.000422 0.001550
587.000000 2.000341 0.001694
588.000000 2.000261 0.001839
589.000000 2.000180 0.001983
590.000000 2.000099 0.002128
591.000000 2.000018 0.002272
592.000000 1.999937 0.002417
593.000000 1.999856 0.002562
594.000000 1.999776 0.002706
595.000000 1.999695 0.002851
596.000000 1.999614 0.002995
597.000000 1.999533 0.003140
598.000000 1.999452 0.003284
599.000000 1.999371 0.003429
600.000000 1.999290 0.003574
601.000000 1.999210 0.003718
602.000000 1.999129 0.003863
603.000000 1.999048 0.004007
604.000000 1.998967 0.004152
605.000000 1.998886 0.004296
606.000000 1.998805 0.004441
607.000000 1.998725 0.004586
608.000000 1.998644 0.004730
609.000000 1.998563 0.004875
610.000000 1.998482 0.005019
611.000000 1.998401 0.005164
612.000000 1.998321 0.005308
613.000000 1.998240 0.005453
614.000000 1.998159 0.005598
615.000000 1.998078 0.005742
616.000000 1.997997 0.005887
617.000000 1.997917 0.006031
618.000000 1.997836 0.006176
619.000000 1.997756 0.006321
620.000000 1.997675 0.006465
621.000000 1.997595 0.006610
622.000000 1.997514 0.006754
623.000000 1.997433 0.006899
624.000000 1.997352 0.007043
625.000000 1.997271 0.007188
626.000000 1.997190 0.007333
627.000000 1.997110 0.007477
628.000000 1.997032 0.007622
629.000000 1.996955 0.007766
630.000000 1.996880 0.007911
631.000000 1.996805 0.008055
632.000000 1.996731 0.008200
633.000000 1.996656 0.008345
634.000000 1.996581 0.008489
635.000000 1.996503 0.008634
636.000000 1.996426 0.008778
637.000000 1.996349 0.008923
638.000000 1.996276 0.009067
639.000000 1.996206 0.009212
640.000000 1.996141 0.009357
641.000000 1.996079 0.009501
642.000000 1.996019 0.009646
643.000000 1.995959 0.009790
644.000000 1.995899 0.009935
645.000000 1.995838 0.010079
646.000000 1.995776 0.010224
647.000000 1.995715 0.010369
648.000000 1.995654 0.010513
649.000000 1.995592 0.010658
650.000000 1.995531 0.010802
651.000000 1.995468 0.010947
652.000000 1.995403 0.011092
653.000000 1.995338 0.011236
654.000000 1.995276 0.011381
655.000000 1.995219 0.011525
656.000000 1.995167 0.011670
657.000000 1.995120 0.011814
658.000000 1.995077 0.011959
659.000000 1.995035 0.012104
660.000000 1.994994 0.012248
661.000000 1.994951 0.012393
662.000000 1.994906 0.012537
663.000000 1.994860 0.012682
664.000000 1.994813 0.012826
665.000000 1.994768 0.012971
666.000000 1.994728 0.013116
667.000000 1.994693 0.013260
668.000000 1.994662 0.013405
669.000000 1.994635 0.013549
670.000000 1.994608 0.013694
671.000000 1.994583 0.013838
672.000000 1.994557 0.013983
673.000000 1.994528 0.014128
674.000000 1.994498 0.014272
675.000000 1.994468 0.014417
676.000000 1.994440 0.014561
677.000000 1.994414 0.014706
678.000000 1.994393 0.014851
679.000000 1.994376 0.014995
680.000000 1.994360 0.015141
681.000000 1.994346 0.015286
682.000000 1.994333 0.015430
683.000000 1.994319 0.015574
684.000000 1.994303 0.015717
685.000000 1.994287 0.015858
686.000000 1.994270 0.015999
687.000000 1.994254 0.016140
688.000000 1.994240 0.016280
689.000000 1.994229 0.016421
690.000000 1.994220 0.016563
691.000000 1.994213 0.016704
692.000000 1.994206 0.016845
693.000000 1.994200 0.016987
694.000000 1.994194 0.017127
695.000000 1.994187 0.017268
696.000000 1.994179 0.017407
697.000000 1.994172 0.017547
698.000000 1.994165 0.017686
699.000000 1.994158 0.017825
700.000000 1.994151 0.017965
701.000000 1.994144 0.018108
702.000000 1.994136 0.018255
703.000000 1.994129 0.018401
704.000000 1.994121 0.018542
705.000000 1.994115 0.018673
706.000000 1.994109 0.018790
707.000000 1.994104 0.018897
708.000000 1.994099 0.018996
709.000000 1.994094 0.019090
710.000000 1.994089 0.019184
711.000000 1.994085 0.019281
712.000000 1.994080 0.019381
713.000000 1.994075 0.019485
714.000000 1.994070 0.019588
715.000000 1.994065 0.019688
716.000000 1.994060 0.019784
717.000000 1.994056 0.019872
718.000000 1.994051 0.019953
719.000000 1.994047 0.020030
720.000000 1.994043 0.020104
721.000000 1.994039 0.020177
722.000000 1.994035 0.020252
723.000000 1.994031 0.020328
724.000000 1.994026 0.020405
725.000000 1.994022 0.020481
726.000000 1.994018 0.020558
727.000000 1.994014 0.020634
728.000000 1.994010 0.020711
729.000000 1.994006 0.020791
730.000000 1.994002 0.020874
731.000000 1.993998 0.020955
732.000000 1.993994 0.021031
733.000000 1.993990 0.021099
734.000000 1.993986 0.021157
735.000000 1.993982 0.021208
736.000000 1.993978 0.021254
737.000000 1.993974 0.021299
738.000000 1.993970 0.021343
739.000000 1.993966 0.021389
740.000000 1.993962 0.021437
741.000000 1.993959 0.021485
742.000000 1.993955 0.021532
743.000000 1.993951 0.021580
744.000000 1.993947 0.021628
745.000000 1.993943 0.021675
746.000000 1.993939 0.021723
747.000000 1.993935 0.021771
748.000000 1.993931 0.021818
749.000000 1.993928 0.021866
750.000000 1.993924 0.021914
751.000000 1.993920 0.021966
752.000000 1.993916 0.022022
753.000000 1.993912 0.022078
754.000000 1.993908 0.022128
755.000000 1.993904 0.022165
756.000000 1.993900 0.022187
757.000000 1.993896 0.022202
758.000000 1.993893 0.022213
759.000000 1.993889 0.022223
760.000000 1.993885 0.022233
761.000000 1.993881 0.022244
762.000000 1.993877 0.022255
763.000000 1.993873 0.022267
764.000000 1.993869 0.022279
765.000000 1.993865 0.022291
766.000000 1.993862 0.022303
767.000000 1.993858 0.022315
768.000000 1.993854 0.022330
769.000000 1.993850 0.022346
770.000000 1.993846 0.022360
771.000000 1.993842 0.022372
772.000000 1.993838 0.022377
773.000000 1.993834 0.022372
774.000000 1.993831 0.022353
775.000000 1.993827 0.022323
776.000000 1.993823 0.022290
777.000000 1.993819 0.022256
778.000000 1.993815 0.022228
779.000000 1.993811 0.022202
780.000000 1.993807 0.022176
781.000000 1.993804 0.022150
782.000000 1.993800 0.022124
783.000000 1.993796 0.022098
784.000000 1.993792 0.022072
785.000000 1.993788 0.022047
786.000000 1.993784 0.022021
787.000000 1.993780 0.021995
788.000000 1.993776 0.021969
789.000000 1.993773 0.021943
790.000000 1.993769 0.021919
791.000000 1.993765 0.021896
792.000000 1.993761 0.021873
793.000000 1.993757 0.021848
794.000000 1.993753 0.021818
795.000000 1.993749 0.021780
796.000000 1.993745 0.021729
797.000000 1.993742 0.021668
798.000000 1.993738 0.021602
799.000000 1.993734 0.021535
800.000000 1.993730 0.021473
801.000000 1.993726 0.021413
802.000000 1.993722 0.021354
803.000000 1.993718 0.021295
804.000000 1.993715 0.021235
805.000000 1.993711 0.021176
806.000000 1.993707 0.021117
807.000000 1.993703 0.021061
808.000000 1.993699 0.021006
809.000000 1.993695 0.020949
810.000000 1.993691 0.020889
811.000000 1.993687 0.020822
812.000000 1.993684 0.020745
813.000000 1.993680 0.020658
814.000000 1.993676 0.020564
815.000000 1.993672 0.020467
816.000000 1.993668 0.020370
817.000000 1.993664 0.020278
818.000000 1.993660 0.020187
819.000000 1.993657 0.020096
820.000000 1.993653 0.020005
821.000000 1.993649 0.019914
822.000000 1.993645 0.019823
823.000000 1.993641 0.019733
824.000000 1.993637 0.019648
825.000000 1.993633 0.019562
826.000000 1.993629 0.019473
827.000000 1.993626 0.019378
828.000000 1.993622 0.019273
829.000000 1.993618 0.019152
830.000000 1.993614 0.019020
831.000000 1.993610 0.018880
832.000000 1.993606 0.018738
833.000000 1.993602 0.018598
834.000000 1.993598 0.018464
835.000000 1.993595 0.018330
836.000000 1.993591 0.018196
837.000000 1.993587 0.018062
838.000000 1.993583 0.017928
839.000000 1.993579 0.017794
840.000000 1.993575 0.017661
841.000000 1.993571 0.017529
842.000000 1.993568 0.017396
843.000000 1.993564 0.017262
844.000000 1.993560 0.017126
845.000000 1.993556 0.016986
846.000000 1.993552 0.016843
847.000000 1.993548 0.016696
848.000000 1.993544 0.016549
849.000000 1.993540 0.016401
850.000000 1.993537 0.016254
851.000000 1.993533 0.016109
852.000000 1.993529 0.015963
853.000000 1.993525 0.015817
854.000000 1.993521 0.015671
855.000000 1.993517 0.015525
856.000000 1.993513 0.015379
857.000000 1.993509 0.015234
858.000000 1.993506 0.015088
859.000000 1.993502 0.014942
860.000000 1.993498 0.014796
861.000000 1.993494 0.014650
862.000000 1.993490 0.014505
863.000000 1.993486 0.014359
864.000000 1.993482 0.014213
865.000000 1.993479 0.014067
866.000000 1.993475 0.013921
867.000000 1.993471 0.013776
868.000000 1.993467 0.013630
869.000000 1.993463 0.013484
870.000000 1.993459 0.013338
871.000000 1.993455 0.013192
872.000000 1.993451 0.013047
873.000000 1.993448 0.012901
874.000000 1.993444 0.012755
875.000000 1.993440 0.012609
876.000000 1.993436 0.012463
877.000000 1.993432 0.012317
878.000000 1.993428 0.012172
879.000000 1.993424 0.012026
880.000000 1.993421 0.011880
881.000000 1.993417 0.011734
882.000000 1.993413 0.011588
883.000000 1.993409 0.011443
884.000000 1.993405 0.011297
885.000000 1.993401 0.011151
886.000000 1.993397 0.011005
887.000000 1.993393 0.010859
888.000000 1.993390 0.010714
889.000000 1.993386 0.010568
890.000000 1.993382 0.010422
891.000000 1.993378 0.010276
892.000000 1.993374 0.010130
893.000000 1.993370 0.009984
894.000000 1.993366 0.009839
895.000000 1.993362 0.009693
896.000000 1.993359 0.009547
897.000000 1.993355 0.009401
898.000000 1.993351 0.009255
899.000000 1.993347 0.009110
900.000000 1.993343 0.008964
901.000000 1.993339 0.008818
902.000000 1.993335 0.008672
903.000000 1.993332 0.008526
904.000000 1.993328 0.008381
905.000000 1.993324 0.008235
906.000000 1.993320 0.008089
907.000000 1.993316 0.007943
908.000000 1.993312 0.007797
909.000000 1.993308 0.007651
910.000000 1.993304 0.007506
911.000000 1.993301 0.007360
912.000000 1.993297 0.007214
913.000000 1.993293 0.007068
914.000000 1.993289 0.006922
915.000000 1.993285 0.006777
916.000000 1.993281 0.006631
917.000000 1.993277 0.006485
918.000000 1.993274 0.006335
919.000000 1.993270 0.006184
920.000000 1.993266 0.006035
921.000000 1.993262 0.005890
922.000000 1.993258 0.005753
923.000000 1.993254 0.005625
924.000000 1.993250 0.005506
925.000000 1.993246 0.005391
926.000000 1.993243 0.005278
927.000000 1.993239 0.005165
928.000000 1.993235 0.005050
929.000000 1.993231 0.004933
930.000000 1.993227 0.004817
931.000000 1.993223 0.004700
932.000000 1.993219 0.004583
933.000000 1.993215 0.004467
934.000000 1.993212 0.004350
935.000000 1.993208 0.004233
936.000000 1.993204 0.004117
937.000000 1.993200 0.004000
938.000000 1.993196 0.003883
939.000000 1.993192 0.003767
940.000000 1.993188 0.003651
941.000000 1.993185 0.003535
942.000000 1.993181 0.003419
943.000000 1.993177 0.003303
944.000000 1.993173 0.003187
945.000000 1.993169 0.003071
946.000000 1.993165 0.002955
947.000000 1.993161 0.002839
948.000000 1.993157 0.002723
949.000000 1.993154 0.002607
950.000000 1.993150 0.002491
951.000000 1.993146 0.002367
952.000000 1.993142 0.002233
953.000000 1.993138 0.002102
954.000000 1.993134 0.001982
955.000000 1.993130 0.001886
956.000000 1.993126 0.001820
957.000000 1.993123 0.001770
958.000000 1.993119 0.001729
959.000000 1.993115 0.001693
960.000000 1.993111 0.001658
961.000000 1.993107 0.001620
962.000000 1.993103 0.001578
963.000000 1.993099 0.001537
964.000000 1.993096 0.001495
965.000000 1.993092 0.001454
966.000000 1.993088 0.001412
967.000000 1.993084 0.001371
968.000000 1.993080 0.001329
969.000000 1.993076 0.001288
970.000000 1.993072 0.001246
971.000000 1.993068 0.001204
972.000000 1.993065 0.001163
973.000000 1.993061 0.001121
974.000000 1.993057 0.001080
975.000000 1.993053 0.001038
976.000000 1.993049 0.000997
977.000000 1.993045 0.000955
978.000000 1.993041 0.000914
979.000000 1.993038 0.000872
980.000000 1.993034 0.000831
981.000000 1.993030 0.000789
982.000000 1.993026 0.000748
983.000000 1.993022 0.000706
984.000000 1.993018 0.000665
985.000000 1.993014 0.000623
986.000000 1.993010 0.000581
987.000000 1.993007 0.000540
988.000000 1.993003 0.000498
989.000000 1.992999 0.000457
990.000000 1.992995 0.000415
991.000000 1.992991 0.000374
992.000000 1.992987 0.000332
993.000000 1.992983 0.000291
994.000000 1.992979 0.000249
995.000000 1.992976 0.000208
996.000000 1.992972 0.000166
997.000000 1.992968 0.000125
998.000000 1.992964 0.000083
999.000000 1.992960 0.000042
1000.000000 1.992956 0.000000
