0.4500E+03  0.2029E+01  0.0000E+00
0.4510E+03  0.2029E+01  0.3406E-08
0.4520E+03  0.2029E+01  0.4087E-08
0.4530E+03  0.2028E+01  0.5175E-09
0.4540E+03  0.2028E+01  0.7237E-05
0.4550E+03  0.2027E+01  0.3304E-04
0.4560E+03  0.2027E+01  0.3824E-04
0.4570E+03  0.2026E+01  0.2362E-04
0.4580E+03  0.2026E+01  0.2047E-04
0.4590E+03  0.2026E+01  0.1138E-07
0.4600E+03  0.2025E+01  0.2231E-04
0.4610E+03  0.2024E+01  0.4238E-07
0.4620E+03  0.2024E+01  0.1587E-04
0.4630E+03  0.2023E+01  0.1506E-04
0.4640E+03  0.2023E+01  0.2522E-04
0.4650E+03  0.2022E+01  0.4612E-04
0.4660E+03  0.2021E+01  0.4688E-04
0.4670E+03  0.2021E+01  0.2704E-04
0.4680E+03  0.2020E+01  0.4644E-04
0.4690E+03  0.2020E+01  0.4408E-04
0.4700E+03  0.2019E+01  0.4968E-04
0.4710E+03  0.2018E+01  0.3269E-04
0.4720E+03  0.2018E+01  0.2327E-04
0.4730E+03  0.2017E+01  0.2170E-04
0.4740E+03  0.2017E+01  0.2806E-04
0.4750E+03  0.2016E+01  0.1238E-04
0.4760E+03  0.2015E+01  0.5198E-05
0.4770E+03  0.2015E+01  0.3821E-07
0.4780E+03  0.2014E+01  0.1017E-07
0.4790E+03  0.2013E+01  0.6731E-08
0.4800E+03  0.2013E+01  0.1044E-06
0.4810E+03  0.2012E+01  0.1307E-06
0.4820E+03  0.2011E+01  0.3007E-06
0.4830E+03  0.2011E+01  0.4018E-06
0.4840E+03  0.2010E+01  0.3732E-06
0.4850E+03  0.2009E+01  0.1743E-06
0.4860E+03  0.2009E+01  0.1058E-04
0.4870E+03  0.2008E+01  0.6335E-05
0.4880E+03  0.2007E+01  0.3584E-04
0.4890E+03  0.2007E+01  0.3863E-04
0.4900E+03  0.2006E+01  0.1372E-04
0.4910E+03  0.2005E+01  0.1958E-04
0.4920E+03  0.2005E+01  0.5893E-07
0.4930E+03  0.2004E+01  0.8131E-05
0.4940E+03  0.2004E+01  0.2437E-06
0.4950E+03  0.2003E+01  0.6416E-06
0.4960E+03  0.2002E+01  0.9117E-06
0.4970E+03  0.2002E+01  0.1029E-05
0.4980E+03  0.2001E+01  0.9530E-06
0.4990E+03  0.2000E+01  0.1651E-05
0.5000E+03  0.2000E+01  0.1115E-05
0.5010E+03  0.1999E+01  0.1301E-05
0.5020E+03  0.1998E+01  0.1181E-05
0.5030E+03  0.1998E+01  0.7767E-06
0.5040E+03  0.1997E+01  0.8282E-07
0.5050E+03  0.1996E+01  0.2241E-04
0.5060E+03  0.1996E+01  0.5363E-04
0.5070E+03  0.1995E+01  0.9159E-04
0.5080E+03  0.1994E+01  0.1351E-03
0.5090E+03  0.1993E+01  0.1837E-03
0.5100E+03  0.1992E+01  0.2085E-03
0.5110E+03  0.1991E+01  0.2661E-03
0.5120E+03  0.1990E+01  0.2987E-03
0.5130E+03  0.1989E+01  0.3623E-03
0.5140E+03  0.1988E+01  0.4272E-03
0.5150E+03  0.1988E+01  0.4681E-03
0.5160E+03  0.1987E+01  0.5375E-03
0.5170E+03  0.1986E+01  0.5820E-03
0.5180E+03  0.1985E+01  0.6539E-03
0.5190E+03  0.1984E+01  0.7004E-03
0.5200E+03  0.1983E+01  0.7736E-03
0.5210E+03  0.1982E+01  0.8466E-03
0.5220E+03  0.1981E+01  0.8931E-03
0.5230E+03  0.1980E+01  0.9650E-03
0.5240E+03  0.1979E+01  0.1009E-02
0.5250E+03  0.1978E+01  0.1079E-02
0.5260E+03  0.1977E+01  0.1146E-02
0.5270E+03  0.1976E+01  0.1185E-02
0.5280E+03  0.1975E+01  0.1248E-02
0.5290E+03  0.1975E+01  0.1308E-02
0.5300E+03  0.1974E+01  0.1364E-02
0.5310E+03  0.1973E+01  0.1417E-02
0.5320E+03  0.1972E+01  0.1467E-02
0.5330E+03  0.1971E+01  0.1512E-02
0.5340E+03  0.1970E+01  0.1553E-02
0.5350E+03  0.1970E+01  0.1589E-02
0.5360E+03  0.1969E+01  0.1621E-02
0.5370E+03  0.1968E+01  0.1647E-02
0.5380E+03  0.1968E+01  0.1695E-02
0.5390E+03  0.1967E+01  0.1710E-02
0.5400E+03  0.1966E+01  0.1746E-02
0.5410E+03  0.1966E+01  0.1750E-02
0.5420E+03  0.1965E+01  0.1774E-02
0.5430E+03  0.1965E+01  0.1791E-02
0.5440E+03  0.1965E+01  0.1829E-02
0.5450E+03  0.1964E+01  0.1833E-02
0.5460E+03  0.1964E+01  0.1831E-02
0.5470E+03  0.1963E+01  0.1821E-02
0.5480E+03  0.1963E+01  0.1830E-02
0.5490E+03  0.1963E+01  0.1803E-02
0.5500E+03  0.1963E+01  0.1797E-02
0.5510E+03  0.1963E+01  0.1788E-02
0.5520E+03  0.1963E+01  0.1777E-02
0.5530E+03  0.1963E+01  0.1765E-02
0.5540E+03  0.1963E+01  0.1751E-02
0.5550E+03  0.1963E+01  0.1736E-02
0.5560E+03  0.1962E+01  0.1745E-02
0.5570E+03  0.1962E+01  0.1753E-02
0.5580E+03  0.1962E+01  0.1733E-02
0.5590E+03  0.1962E+01  0.1737E-02
0.5600E+03  0.1962E+01  0.1740E-02
0.5610E+03  0.1962E+01  0.1767E-02
0.5620E+03  0.1962E+01  0.1766E-02
0.5630E+03  0.1962E+01  0.1790E-02
0.5640E+03  0.1962E+01  0.1812E-02
0.5650E+03  0.1962E+01  0.1832E-02
0.5660E+03  0.1962E+01  0.1850E-02
0.5670E+03  0.1962E+01  0.1867E-02
0.5680E+03  0.1962E+01  0.1881E-02
0.5690E+03  0.1962E+01  0.1920E-02
0.5700E+03  0.1962E+01  0.1930E-02
0.5710E+03  0.1961E+01  0.1965E-02
0.5720E+03  0.1961E+01  0.1998E-02
0.5730E+03  0.1961E+01  0.2056E-02
0.5740E+03  0.1961E+01  0.2085E-02
0.5750E+03  0.1961E+01  0.2139E-02
0.5760E+03  0.1961E+01  0.2191E-02
0.5770E+03  0.1961E+01  0.2213E-02
0.5780E+03  0.1961E+01  0.2261E-02
0.5790E+03  0.1961E+01  0.2333E-02
0.5800E+03  0.1961E+01  0.2376E-02
0.5810E+03  0.1961E+01  0.2417E-02
0.5820E+03  0.1961E+01  0.2483E-02
0.5830E+03  0.1961E+01  0.2547E-02
0.5840E+03  0.1961E+01  0.2609E-02
0.5850E+03  0.1961E+01  0.2668E-02
0.5860E+03  0.1961E+01  0.2725E-02
0.5870E+03  0.1961E+01  0.2808E-02
0.5880E+03  0.1961E+01  0.2861E-02
0.5890E+03  0.1961E+01  0.2938E-02
0.5900E+03  0.1961E+01  0.3014E-02
0.5910E+03  0.1961E+01  0.3088E-02
0.5920E+03  0.1961E+01  0.3159E-02
0.5930E+03  0.1961E+01  0.3228E-02
0.5940E+03  0.1961E+01  0.3295E-02
0.5950E+03  0.1961E+01  0.3387E-02
0.5960E+03  0.1961E+01  0.3449E-02
0.5970E+03  0.1961E+01  0.3537E-02
0.5980E+03  0.1961E+01  0.3650E-02
0.5990E+03  0.1961E+01  0.3734E-02
0.6000E+03  0.1961E+01  0.3815E-02
0.6010E+03  0.1961E+01  0.3921E-02
0.6020E+03  0.1961E+01  0.3996E-02
0.6030E+03  0.1961E+01  0.4096E-02
0.6040E+03  0.1961E+01  0.4192E-02
0.6050E+03  0.1961E+01  0.4285E-02
0.6060E+03  0.1961E+01  0.4375E-02
0.6070E+03  0.1962E+01  0.4490E-02
0.6080E+03  0.1962E+01  0.4574E-02
0.6090E+03  0.1962E+01  0.4656E-02
0.6100E+03  0.1962E+01  0.4763E-02
0.6110E+03  0.1962E+01  0.4867E-02
0.6120E+03  0.1962E+01  0.4969E-02
0.6130E+03  0.1963E+01  0.5069E-02
0.6140E+03  0.1963E+01  0.5166E-02
0.6150E+03  0.1963E+01  0.5261E-02
0.6160E+03  0.1963E+01  0.5383E-02
0.6170E+03  0.1964E+01  0.5474E-02
0.6180E+03  0.1964E+01  0.5592E-02
0.6190E+03  0.1964E+01  0.5708E-02
0.6200E+03  0.1965E+01  0.5822E-02
0.6210E+03  0.1965E+01  0.5934E-02
0.6220E+03  0.1965E+01  0.6073E-02
0.6230E+03  0.1965E+01  0.6182E-02
0.6240E+03  0.1966E+01  0.6289E-02
0.6250E+03  0.1966E+01  0.6424E-02
0.6260E+03  0.1966E+01  0.6557E-02
0.6270E+03  0.1967E+01  0.6659E-02
0.6280E+03  0.1967E+01  0.6789E-02
0.6290E+03  0.1967E+01  0.6918E-02
0.6300E+03  0.1967E+01  0.7045E-02
0.6310E+03  0.1968E+01  0.7201E-02
0.6320E+03  0.1968E+01  0.7326E-02
0.6330E+03  0.1968E+01  0.7479E-02
0.6340E+03  0.1969E+01  0.7601E-02
0.6350E+03  0.1969E+01  0.7722E-02
0.6360E+03  0.1969E+01  0.7871E-02
0.6370E+03  0.1969E+01  0.8020E-02
0.6380E+03  0.1970E+01  0.8167E-02
0.6390E+03  0.1970E+01  0.8313E-02
0.6400E+03  0.1970E+01  0.8457E-02
0.6410E+03  0.1970E+01  0.8601E-02
0.6420E+03  0.1970E+01  0.8774E-02
0.6430E+03  0.1970E+01  0.8915E-02
0.6440E+03  0.1971E+01  0.9054E-02
0.6450E+03  0.1971E+01  0.9193E-02
0.6460E+03  0.1971E+01  0.9361E-02
0.6470E+03  0.1971E+01  0.9497E-02
0.6480E+03  0.1971E+01  0.9663E-02
0.6490E+03  0.1971E+01  0.9796E-02
0.6500E+03  0.1971E+01  0.9959E-02
0.6510E+03  0.1971E+01  0.1012E-01
0.6520E+03  0.1971E+01  0.1028E-01
0.6530E+03  0.1971E+01  0.1044E-01
0.6540E+03  0.1971E+01  0.1060E-01
0.6550E+03  0.1971E+01  0.1075E-01
0.6560E+03  0.1971E+01  0.1091E-01
0.6570E+03  0.1971E+01  0.1106E-01
0.6580E+03  0.1971E+01  0.1121E-01
0.6590E+03  0.1971E+01  0.1136E-01
0.6600E+03  0.1970E+01  0.1150E-01
0.6610E+03  0.1970E+01  0.1165E-01
0.6620E+03  0.1970E+01  0.1179E-01
0.6630E+03  0.1970E+01  0.1197E-01
0.6640E+03  0.1970E+01  0.1211E-01
0.6650E+03  0.1970E+01  0.1228E-01
0.6660E+03  0.1970E+01  0.1244E-01
0.6670E+03  0.1970E+01  0.1258E-01
0.6680E+03  0.1969E+01  0.1274E-01
0.6690E+03  0.1969E+01  0.1288E-01
0.6700E+03  0.1969E+01  0.1304E-01
0.6710E+03  0.1969E+01  0.1320E-01
0.6720E+03  0.1969E+01  0.1336E-01
0.6730E+03  0.1969E+01  0.1351E-01
0.6740E+03  0.1968E+01  0.1367E-01
0.6750E+03  0.1968E+01  0.1382E-01
0.6760E+03  0.1968E+01  0.1401E-01
0.6770E+03  0.1968E+01  0.1416E-01
0.6780E+03  0.1968E+01  0.1431E-01
0.6790E+03  0.1967E+01  0.1445E-01
0.6800E+03  0.1967E+01  0.1460E-01
0.6810E+03  0.1967E+01  0.1478E-01
0.6820E+03  0.1967E+01  0.1492E-01
0.6830E+03  0.1967E+01  0.1506E-01
0.6840E+03  0.1967E+01  0.1520E-01
0.6850E+03  0.1966E+01  0.1537E-01
0.6860E+03  0.1966E+01  0.1551E-01
0.6870E+03  0.1966E+01  0.1564E-01
0.6880E+03  0.1966E+01  0.1581E-01
0.6890E+03  0.1966E+01  0.1598E-01
0.6900E+03  0.1965E+01  0.1611E-01
0.6910E+03  0.1965E+01  0.1624E-01
0.6920E+03  0.1965E+01  0.1640E-01
0.6930E+03  0.1965E+01  0.1653E-01
0.6940E+03  0.1965E+01  0.1669E-01
0.6950E+03  0.1965E+01  0.1685E-01
0.6960E+03  0.1965E+01  0.1697E-01
0.6970E+03  0.1964E+01  0.1713E-01
0.6980E+03  0.1964E+01  0.1725E-01
0.6990E+03  0.1964E+01  0.1737E-01
0.7000E+03  0.1964E+01  0.1752E-01
0.7010E+03  0.1964E+01  0.1764E-01
0.7020E+03  0.1964E+01  0.1775E-01
0.7030E+03  0.1964E+01  0.1787E-01
0.7040E+03  0.1964E+01  0.1798E-01
0.7050E+03  0.1963E+01  0.1809E-01
0.7060E+03  0.1963E+01  0.1824E-01
0.7070E+03  0.1963E+01  0.1835E-01
0.7080E+03  0.1963E+01  0.1850E-01
0.7090E+03  0.1963E+01  0.1861E-01
0.7100E+03  0.1963E+01  0.1871E-01
0.7110E+03  0.1963E+01  0.1882E-01
0.7120E+03  0.1963E+01  0.1892E-01
0.7130E+03  0.1963E+01  0.1903E-01
0.7140E+03  0.1963E+01  0.1917E-01
0.7150E+03  0.1962E+01  0.1927E-01
0.7160E+03  0.1962E+01  0.1937E-01
0.7170E+03  0.1962E+01  0.1947E-01
0.7180E+03  0.1962E+01  0.1957E-01
0.7190E+03  0.1962E+01  0.1967E-01
0.7200E+03  0.1962E+01  0.1976E-01
0.7210E+03  0.1962E+01  0.1986E-01
0.7220E+03  0.1962E+01  0.1996E-01
0.7230E+03  0.1962E+01  0.2005E-01
0.7240E+03  0.1962E+01  0.2014E-01
0.7250E+03  0.1962E+01  0.2023E-01
0.7260E+03  0.1961E+01  0.2033E-01
0.7270E+03  0.1961E+01  0.2042E-01
0.7280E+03  0.1961E+01  0.2051E-01
0.7290E+03  0.1961E+01  0.2059E-01
0.7300E+03  0.1961E+01  0.2072E-01
0.7310E+03  0.1961E+01  0.2081E-01
0.7320E+03  0.1961E+01  0.2089E-01
0.7330E+03  0.1961E+01  0.2098E-01
0.7340E+03  0.1961E+01  0.2110E-01
0.7350E+03  0.1961E+01  0.2115E-01
0.7360E+03  0.1961E+01  0.2123E-01
0.7370E+03  0.1960E+01  0.2131E-01
0.7380E+03  0.1960E+01  0.2140E-01
0.7390E+03  0.1960E+01  0.2148E-01
0.7400E+03  0.1960E+01  0.2152E-01
0.7410E+03  0.1960E+01  0.2159E-01
0.7420E+03  0.1960E+01  0.2163E-01
0.7430E+03  0.1960E+01  0.2171E-01
0.7440E+03  0.1960E+01  0.2179E-01
0.7450E+03  0.1960E+01  0.2182E-01
0.7460E+03  0.1959E+01  0.2190E-01
0.7470E+03  0.1959E+01  0.2193E-01
0.7480E+03  0.1959E+01  0.2201E-01
0.7490E+03  0.1959E+01  0.2204E-01
0.7500E+03  0.1959E+01  0.2207E-01
0.7510E+03  0.1959E+01  0.2214E-01
0.7520E+03  0.1959E+01  0.2217E-01
0.7530E+03  0.1959E+01  0.2224E-01
0.7540E+03  0.1958E+01  0.2227E-01
0.7550E+03  0.1958E+01  0.2230E-01
0.7560E+03  0.1958E+01  0.2232E-01
0.7570E+03  0.1958E+01  0.2235E-01
0.7580E+03  0.1958E+01  0.2242E-01
0.7590E+03  0.1958E+01  0.2244E-01
0.7600E+03  0.1958E+01  0.2247E-01
0.7610E+03  0.1957E+01  0.2249E-01
0.7620E+03  0.1957E+01  0.2251E-01
0.7630E+03  0.1957E+01  0.2253E-01
0.7640E+03  0.1957E+01  0.2255E-01
0.7650E+03  0.1957E+01  0.2262E-01
0.7660E+03  0.1957E+01  0.2264E-01
0.7670E+03  0.1956E+01  0.2266E-01
0.7680E+03  0.1956E+01  0.2267E-01
0.7690E+03  0.1956E+01  0.2265E-01
0.7700E+03  0.1956E+01  0.2267E-01
0.7710E+03  0.1956E+01  0.2264E-01
0.7720E+03  0.1956E+01  0.2266E-01
0.7730E+03  0.1955E+01  0.2267E-01
0.7740E+03  0.1955E+01  0.2273E-01
0.7750E+03  0.1955E+01  0.2275E-01
0.7760E+03  0.1955E+01  0.2272E-01
0.7770E+03  0.1955E+01  0.2273E-01
0.7780E+03  0.1954E+01  0.2270E-01
0.7790E+03  0.1954E+01  0.2271E-01
0.7800E+03  0.1954E+01  0.2272E-01
0.7810E+03  0.1954E+01  0.2274E-01
0.7820E+03  0.1954E+01  0.2279E-01
0.7830E+03  0.1953E+01  0.2280E-01
0.7840E+03  0.1953E+01  0.2281E-01
0.7850E+03  0.1953E+01  0.2282E-01
0.7860E+03  0.1953E+01  0.2279E-01
0.7870E+03  0.1953E+01  0.2280E-01
0.7880E+03  0.1952E+01  0.2276E-01
0.7890E+03  0.1952E+01  0.2277E-01
0.7900E+03  0.1952E+01  0.2274E-01
0.7910E+03  0.1952E+01  0.2270E-01
0.7920E+03  0.1952E+01  0.2262E-01
0.7930E+03  0.1951E+01  0.2262E-01
0.7940E+03  0.1951E+01  0.2259E-01
0.7950E+03  0.1951E+01  0.2255E-01
0.7960E+03  0.1951E+01  0.2251E-01
0.7970E+03  0.1951E+01  0.2247E-01
0.7980E+03  0.1950E+01  0.2247E-01
0.7990E+03  0.1950E+01  0.2243E-01
0.8000E+03  0.1950E+01  0.2239E-01
0.8010E+03  0.1950E+01  0.2235E-01
0.8020E+03  0.1950E+01  0.2231E-01
0.8030E+03  0.1949E+01  0.2232E-01
0.8040E+03  0.1949E+01  0.2237E-01
0.8050E+03  0.1949E+01  0.2233E-01
0.8060E+03  0.1949E+01  0.2228E-01
0.8070E+03  0.1948E+01  0.2224E-01
0.8080E+03  0.1948E+01  0.2220E-01
0.8090E+03  0.1948E+01  0.2220E-01
0.8100E+03  0.1948E+01  0.2216E-01
0.8110E+03  0.1947E+01  0.2207E-01
0.8120E+03  0.1947E+01  0.2202E-01
0.8130E+03  0.1947E+01  0.2198E-01
0.8140E+03  0.1947E+01  0.2189E-01
0.8150E+03  0.1946E+01  0.2180E-01
0.8160E+03  0.1946E+01  0.2175E-01
0.8170E+03  0.1946E+01  0.2166E-01
0.8180E+03  0.1946E+01  0.2161E-01
0.8190E+03  0.1945E+01  0.2152E-01
0.8200E+03  0.1945E+01  0.2143E-01
0.8210E+03  0.1945E+01  0.2138E-01
0.8220E+03  0.1944E+01  0.2129E-01
0.8230E+03  0.1944E+01  0.2120E-01
0.8240E+03  0.1944E+01  0.2110E-01
0.8250E+03  0.1944E+01  0.2106E-01
0.8260E+03  0.1943E+01  0.2091E-01
0.8270E+03  0.1943E+01  0.2082E-01
0.8280E+03  0.1943E+01  0.2072E-01
0.8290E+03  0.1942E+01  0.2063E-01
0.8300E+03  0.1942E+01  0.2053E-01
0.8310E+03  0.1942E+01  0.2049E-01
0.8320E+03  0.1942E+01  0.2044E-01
0.8330E+03  0.1941E+01  0.2035E-01
0.8340E+03  0.1941E+01  0.2025E-01
0.8350E+03  0.1941E+01  0.2016E-01
0.8360E+03  0.1941E+01  0.2006E-01
0.8370E+03  0.1940E+01  0.1997E-01
0.8380E+03  0.1940E+01  0.1992E-01
0.8390E+03  0.1940E+01  0.1983E-01
0.8400E+03  0.1939E+01  0.1973E-01
0.8410E+03  0.1939E+01  0.1964E-01
0.8420E+03  0.1939E+01  0.1954E-01
0.8430E+03  0.1939E+01  0.1939E-01
0.8440E+03  0.1938E+01  0.1925E-01
0.8450E+03  0.1938E+01  0.1915E-01
0.8460E+03  0.1938E+01  0.1906E-01
0.8470E+03  0.1938E+01  0.1896E-01
0.8480E+03  0.1937E+01  0.1882E-01
0.8490E+03  0.1937E+01  0.1872E-01
0.8500E+03  0.1937E+01  0.1863E-01
0.8510E+03  0.1937E+01  0.1848E-01
0.8520E+03  0.1937E+01  0.1844E-01
0.8530E+03  0.1936E+01  0.1839E-01
0.8540E+03  0.1936E+01  0.1830E-01
0.8550E+03  0.1936E+01  0.1815E-01
0.8560E+03  0.1936E+01  0.1811E-01
0.8570E+03  0.1935E+01  0.1802E-01
0.8580E+03  0.1935E+01  0.1792E-01
0.8590E+03  0.1935E+01  0.1788E-01
0.8600E+03  0.1935E+01  0.1779E-01
0.8610E+03  0.1934E+01  0.1769E-01
0.8620E+03  0.1934E+01  0.1765E-01
0.8630E+03  0.1934E+01  0.1761E-01
0.8640E+03  0.1934E+01  0.1752E-01
0.8650E+03  0.1933E+01  0.1738E-01
0.8660E+03  0.1933E+01  0.1728E-01
0.8670E+03  0.1933E+01  0.1714E-01
0.8680E+03  0.1933E+01  0.1705E-01
0.8690E+03  0.1932E+01  0.1696E-01
0.8700E+03  0.1932E+01  0.1686E-01
0.8710E+03  0.1932E+01  0.1672E-01
0.8720E+03  0.1932E+01  0.1663E-01
0.8730E+03  0.1931E+01  0.1654E-01
0.8740E+03  0.1931E+01  0.1645E-01
0.8750E+03  0.1931E+01  0.1636E-01
0.8760E+03  0.1931E+01  0.1621E-01
0.8770E+03  0.1931E+01  0.1612E-01
0.8780E+03  0.1930E+01  0.1603E-01
0.8790E+03  0.1930E+01  0.1595E-01
0.8800E+03  0.1930E+01  0.1586E-01
0.8810E+03  0.1930E+01  0.1577E-01
0.8820E+03  0.1929E+01  0.1562E-01
0.8830E+03  0.1929E+01  0.1554E-01
0.8840E+03  0.1929E+01  0.1545E-01
0.8850E+03  0.1929E+01  0.1536E-01
0.8860E+03  0.1929E+01  0.1527E-01
0.8870E+03  0.1929E+01  0.1518E-01
0.8880E+03  0.1928E+01  0.1504E-01
0.8890E+03  0.1928E+01  0.1495E-01
0.8900E+03  0.1928E+01  0.1486E-01
0.8910E+03  0.1928E+01  0.1478E-01
0.8920E+03  0.1928E+01  0.1469E-01
0.8930E+03  0.1928E+01  0.1460E-01
0.8940E+03  0.1928E+01  0.1451E-01
0.8950E+03  0.1927E+01  0.1443E-01
0.8960E+03  0.1927E+01  0.1428E-01
0.8970E+03  0.1927E+01  0.1420E-01
0.8980E+03  0.1927E+01  0.1411E-01
0.8990E+03  0.1927E+01  0.1402E-01
0.9000E+03  0.1927E+01  0.1393E-01
0.9010E+03  0.1927E+01  0.1379E-01
0.9020E+03  0.1927E+01  0.1370E-01
0.9030E+03  0.1927E+01  0.1361E-01
0.9040E+03  0.1927E+01  0.1352E-01
0.9050E+03  0.1927E+01  0.1344E-01
0.9060E+03  0.1927E+01  0.1329E-01
0.9070E+03  0.1927E+01  0.1321E-01
0.9080E+03  0.1927E+01  0.1312E-01
0.9090E+03  0.1926E+01  0.1303E-01
0.9100E+03  0.1926E+01  0.1295E-01
0.9110E+03  0.1926E+01  0.1286E-01
0.9120E+03  0.1926E+01  0.1272E-01
0.9130E+03  0.1926E+01  0.1263E-01
0.9140E+03  0.1926E+01  0.1255E-01
0.9150E+03  0.1926E+01  0.1246E-01
0.9160E+03  0.1926E+01  0.1238E-01
0.9170E+03  0.1926E+01  0.1229E-01
0.9180E+03  0.1926E+01  0.1221E-01
0.9190E+03  0.1926E+01  0.1212E-01
0.9200E+03  0.1926E+01  0.1204E-01
0.9210E+03  0.1926E+01  0.1195E-01
0.9220E+03  0.1926E+01  0.1187E-01
0.9230E+03  0.1926E+01  0.1178E-01
0.9240E+03  0.1926E+01  0.1170E-01
0.9250E+03  0.1926E+01  0.1161E-01
0.9260E+03  0.1926E+01  0.1153E-01
0.9270E+03  0.1926E+01  0.1144E-01
0.9280E+03  0.1926E+01  0.1135E-01
0.9290E+03  0.1926E+01  0.1127E-01
0.9300E+03  0.1926E+01  0.1118E-01
0.9310E+03  0.1926E+01  0.1108E-01
0.9320E+03  0.1927E+01  0.1105E-01
0.9330E+03  0.1927E+01  0.1096E-01
0.9340E+03  0.1927E+01  0.1087E-01
0.9350E+03  0.1927E+01  0.1077E-01
0.9360E+03  0.1927E+01  0.1074E-01
0.9370E+03  0.1927E+01  0.1065E-01
0.9380E+03  0.1928E+01  0.1055E-01
0.9390E+03  0.1928E+01  0.1046E-01
0.9400E+03  0.1928E+01  0.1043E-01
0.9410E+03  0.1928E+01  0.1034E-01
0.9420E+03  0.1928E+01  0.1030E-01
0.9430E+03  0.1928E+01  0.1021E-01
0.9440E+03  0.1929E+01  0.1012E-01
0.9450E+03  0.1929E+01  0.1010E-01
0.9460E+03  0.1929E+01  0.1001E-01
0.9470E+03  0.1929E+01  0.9984E-02
0.9480E+03  0.1929E+01  0.9901E-02
0.9490E+03  0.1929E+01  0.9881E-02
0.9500E+03  0.1929E+01  0.9802E-02
0.9510E+03  0.1929E+01  0.9785E-02
0.9520E+03  0.1929E+01  0.9709E-02
0.9530E+03  0.1929E+01  0.9693E-02
0.9540E+03  0.1929E+01  0.9678E-02
0.9550E+03  0.1929E+01  0.9603E-02
0.9560E+03  0.1929E+01  0.9589E-02
0.9570E+03  0.1929E+01  0.9576E-02
0.9580E+03  0.1929E+01  0.9502E-02
0.9590E+03  0.1929E+01  0.9490E-02
0.9600E+03  0.1929E+01  0.9478E-02
0.9610E+03  0.1929E+01  0.9467E-02
0.9620E+03  0.1929E+01  0.9395E-02
0.9630E+03  0.1929E+01  0.9386E-02
0.9640E+03  0.1929E+01  0.9376E-02
0.9650E+03  0.1929E+01  0.9367E-02
0.9660E+03  0.1929E+01  0.9359E-02
0.9670E+03  0.1929E+01  0.9290E-02
0.9680E+03  0.1929E+01  0.9283E-02
0.9690E+03  0.1929E+01  0.9276E-02
0.9700E+03  0.1929E+01  0.9270E-02
0.9710E+03  0.1929E+01  0.9265E-02
0.9720E+03  0.1929E+01  0.9260E-02
0.9730E+03  0.1929E+01  0.9256E-02
0.9740E+03  0.1929E+01  0.9315E-02
0.9750E+03  0.1929E+01  0.9312E-02
0.9760E+03  0.1929E+01  0.9306E-02
0.9770E+03  0.1929E+01  0.9293E-02
0.9780E+03  0.1929E+01  0.9274E-02
0.9790E+03  0.1930E+01  0.9311E-02
0.9800E+03  0.1930E+01  0.9279E-02
0.9810E+03  0.1930E+01  0.9240E-02
0.9820E+03  0.1931E+01  0.9260E-02
0.9830E+03  0.1931E+01  0.9210E-02
0.9840E+03  0.1932E+01  0.9154E-02
0.9850E+03  0.1933E+01  0.9158E-02
0.9860E+03  0.1933E+01  0.9092E-02
0.9870E+03  0.1934E+01  0.9086E-02
0.9880E+03  0.1935E+01  0.9011E-02
0.9890E+03  0.1936E+01  0.8996E-02
0.9900E+03  0.1936E+01  0.8978E-02
0.9910E+03  0.1937E+01  0.8892E-02
0.9920E+03  0.1938E+01  0.8866E-02
0.9930E+03  0.1939E+01  0.8838E-02
0.9940E+03  0.1940E+01  0.8743E-02
0.9950E+03  0.1941E+01  0.8710E-02
0.9960E+03  0.1942E+01  0.8675E-02
0.9970E+03  0.1943E+01  0.8639E-02
0.9980E+03  0.1944E+01  0.8601E-02
0.9990E+03  0.1945E+01  0.8562E-02
0.1000E+04  0.1946E+01  0.8457E-02
