0.4000E+03  0.2117E+01  0.5297E-03
0.4010E+03  0.2115E+01  0.3468E-03
0.4020E+03  0.2114E+01  0.2849E-03
0.4030E+03  0.2114E+01  0.2557E-03
0.4040E+03  0.2114E+01  0.2341E-03
0.4050E+03  0.2113E+01  0.2370E-03
0.4060E+03  0.2114E+01  0.2473E-03
0.4070E+03  0.2114E+01  0.2516E-03
0.4080E+03  0.2115E+01  0.2894E-03
0.4090E+03  0.2116E+01  0.3198E-03
0.4100E+03  0.2116E+01  0.2455E-03
0.4110E+03  0.1885E+01  0.5196E-04
0.4120E+03  0.1891E+01  0.1345E-03
0.4130E+03  0.1899E+01  0.1126E-03
0.4140E+03  0.1906E+01  0.8916E-04
0.4150E+03  0.1914E+01  0.7030E-04
0.4160E+03  0.1922E+01  0.5528E-04
0.4170E+03  0.1929E+01  0.4197E-04
0.4180E+03  0.1936E+01  0.3210E-04
0.4190E+03  0.1944E+01  0.2289E-04
0.4200E+03  0.1950E+01  0.1720E-04
0.4210E+03  0.1957E+01  0.1261E-04
0.4220E+03  0.1963E+01  0.8915E-05
0.4230E+03  0.1969E+01  0.6381E-05
0.4240E+03  0.1975E+01  0.4341E-05
0.4250E+03  0.1980E+01  0.2988E-05
0.4260E+03  0.1986E+01  0.1849E-05
0.4270E+03  0.1991E+01  0.9141E-06
0.4280E+03  0.1995E+01  0.3565E-06
0.4290E+03  0.1998E+01  0.1014E-03
0.4300E+03  0.1998E+01  0.3024E-03
0.4310E+03  0.1998E+01  0.4831E-03
0.4320E+03  0.1998E+01  0.6753E-03
0.4330E+03  0.1998E+01  0.8458E-03
0.4340E+03  0.1998E+01  0.1028E-02
0.4350E+03  0.1998E+01  0.1164E-02
0.4360E+03  0.1998E+01  0.1337E-02
0.4370E+03  0.1998E+01  0.1492E-02
0.4380E+03  0.1998E+01  0.1628E-02
0.4390E+03  0.1998E+01  0.1773E-02
0.4400E+03  0.1998E+01  0.1898E-02
0.4410E+03  0.1998E+01  0.2005E-02
0.4420E+03  0.1998E+01  0.2120E-02
0.4430E+03  0.1998E+01  0.2215E-02
0.4440E+03  0.1998E+01  0.2318E-02
0.4450E+03  0.1998E+01  0.2401E-02
0.4460E+03  0.1997E+01  0.2493E-02
0.4470E+03  0.1997E+01  0.2564E-02
0.4480E+03  0.1997E+01  0.2615E-02
0.4490E+03  0.1997E+01  0.2702E-02
0.4500E+03  0.1997E+01  0.2741E-02
0.4510E+03  0.1997E+01  0.2815E-02
0.4520E+03  0.1997E+01  0.2840E-02
0.4530E+03  0.1997E+01  0.2873E-02
0.4540E+03  0.1997E+01  0.2913E-02
0.4550E+03  0.1997E+01  0.2960E-02
0.4560E+03  0.1997E+01  0.2986E-02
0.4570E+03  0.1997E+01  0.2991E-02
0.4580E+03  0.1997E+01  0.3003E-02
0.4590E+03  0.1997E+01  0.2993E-02
0.4600E+03  0.1997E+01  0.3019E-02
0.4610E+03  0.1997E+01  0.2995E-02
0.4620E+03  0.1997E+01  0.3006E-02
0.4630E+03  0.1997E+01  0.2995E-02
0.4640E+03  0.1997E+01  0.2990E-02
0.4650E+03  0.1997E+01  0.2992E-02
0.4660E+03  0.1996E+01  0.2972E-02
0.4670E+03  0.1996E+01  0.2931E-02
0.4680E+03  0.1996E+01  0.2923E-02
0.4690E+03  0.1996E+01  0.2894E-02
0.4700E+03  0.1996E+01  0.2870E-02
0.4710E+03  0.1996E+01  0.2824E-02
0.4720E+03  0.1996E+01  0.2785E-02
0.4730E+03  0.1996E+01  0.2750E-02
0.4740E+03  0.1996E+01  0.2721E-02
0.4750E+03  0.1996E+01  0.2671E-02
0.4760E+03  0.1995E+01  0.2625E-02
0.4770E+03  0.1995E+01  0.2558E-02
0.4780E+03  0.1995E+01  0.2522E-02
0.4790E+03  0.1995E+01  0.2465E-02
0.4800E+03  0.1995E+01  0.2413E-02
0.4810E+03  0.1995E+01  0.2365E-02
0.4820E+03  0.1995E+01  0.2295E-02
0.4830E+03  0.1995E+01  0.2230E-02
0.4840E+03  0.1994E+01  0.2169E-02
0.4850E+03  0.1994E+01  0.2113E-02
0.4860E+03  0.1994E+01  0.2061E-02
0.4870E+03  0.1994E+01  0.1987E-02
0.4880E+03  0.1994E+01  0.1943E-02
0.4890E+03  0.1994E+01  0.1877E-02
0.4900E+03  0.1994E+01  0.1788E-02
0.4910E+03  0.1994E+01  0.1730E-02
0.4920E+03  0.1993E+01  0.1649E-02
0.4930E+03  0.1993E+01  0.1598E-02
0.4940E+03  0.1993E+01  0.1524E-02
0.4950E+03  0.1993E+01  0.1453E-02
0.4960E+03  0.1993E+01  0.1388E-02
0.4970E+03  0.1993E+01  0.1325E-02
0.4980E+03  0.1992E+01  0.1265E-02
0.4990E+03  0.1992E+01  0.1183E-02
0.5000E+03  0.1992E+01  0.1128E-02
0.5010E+03  0.1992E+01  0.1050E-02
0.5020E+03  0.1992E+01  0.9743E-03
0.5030E+03  0.1992E+01  0.9013E-03
0.5040E+03  0.1992E+01  0.8306E-03
0.5050E+03  0.1991E+01  0.7628E-03
0.5060E+03  0.1991E+01  0.6978E-03
0.5070E+03  0.1991E+01  0.6280E-03
0.5080E+03  0.1991E+01  0.5605E-03
0.5090E+03  0.1991E+01  0.4952E-03
0.5100E+03  0.1991E+01  0.4037E-03
0.5110E+03  0.1991E+01  0.3429E-03
0.5120E+03  0.1991E+01  0.2556E-03
0.5130E+03  0.1991E+01  0.1986E-03
0.5140E+03  0.1990E+01  0.1435E-03
0.5150E+03  0.1990E+01  0.6190E-04
0.5160E+03  0.1990E+01  0.1021E-04
0.5170E+03  0.1989E+01  0.2923E-04
0.5180E+03  0.1989E+01  0.4999E-04
0.5190E+03  0.1988E+01  0.8189E-04
0.5200E+03  0.1987E+01  0.1010E-03
0.5210E+03  0.1987E+01  0.1195E-03
0.5220E+03  0.1986E+01  0.1491E-03
0.5230E+03  0.1986E+01  0.1661E-03
0.5240E+03  0.1985E+01  0.1937E-03
0.5250E+03  0.1984E+01  0.2101E-03
0.5260E+03  0.1984E+01  0.2251E-03
0.5270E+03  0.1983E+01  0.2509E-03
0.5280E+03  0.1983E+01  0.2656E-03
0.5290E+03  0.1982E+01  0.2816E-03
0.5300E+03  0.1982E+01  0.3001E-03
0.5310E+03  0.1981E+01  0.3192E-03
0.5320E+03  0.1980E+01  0.3395E-03
0.5330E+03  0.1980E+01  0.3623E-03
0.5340E+03  0.1979E+01  0.3877E-03
0.5350E+03  0.1979E+01  0.4157E-03
0.5360E+03  0.1978E+01  0.4464E-03
0.5370E+03  0.1977E+01  0.4838E-03
0.5380E+03  0.1977E+01  0.4994E-03
0.5390E+03  0.1976E+01  0.5322E-03
0.5400E+03  0.1976E+01  0.5481E-03
0.5410E+03  0.1975E+01  0.5839E-03
0.5420E+03  0.1975E+01  0.6020E-03
0.5430E+03  0.1974E+01  0.6180E-03
0.5440E+03  0.1974E+01  0.6138E-03
0.5450E+03  0.1974E+01  0.6316E-03
0.5460E+03  0.1974E+01  0.6486E-03
0.5470E+03  0.1973E+01  0.6658E-03
0.5480E+03  0.1973E+01  0.6580E-03
0.5490E+03  0.1973E+01  0.6736E-03
0.5500E+03  0.1973E+01  0.6623E-03
0.5510E+03  0.1973E+01  0.6485E-03
0.5520E+03  0.1973E+01  0.6352E-03
0.5530E+03  0.1973E+01  0.6203E-03
0.5540E+03  0.1973E+01  0.6045E-03
0.5550E+03  0.1973E+01  0.5875E-03
0.5560E+03  0.1973E+01  0.5491E-03
0.5570E+03  0.1974E+01  0.5093E-03
0.5580E+03  0.1974E+01  0.4869E-03
0.5590E+03  0.1974E+01  0.4476E-03
0.5600E+03  0.1974E+01  0.4087E-03
0.5610E+03  0.1975E+01  0.3595E-03
0.5620E+03  0.1976E+01  0.3246E-03
0.5630E+03  0.1976E+01  0.2811E-03
0.5640E+03  0.1977E+01  0.2412E-03
0.5650E+03  0.1977E+01  0.2047E-03
0.5660E+03  0.1978E+01  0.1716E-03
0.5670E+03  0.1979E+01  0.1415E-03
0.5680E+03  0.1979E+01  0.1145E-03
0.5690E+03  0.1980E+01  0.8576E-04
0.5700E+03  0.1980E+01  0.6562E-04
0.5710E+03  0.1981E+01  0.4530E-04
0.5720E+03  0.1982E+01  0.2924E-04
0.5730E+03  0.1982E+01  0.1550E-04
0.5740E+03  0.1983E+01  0.7067E-05
0.5750E+03  0.1984E+01  0.1544E-05
0.5760E+03  0.1985E+01  0.2215E-08
0.5770E+03  0.1985E+01  0.2751E-04
0.5780E+03  0.1984E+01  0.1567E-03
0.5790E+03  0.1983E+01  0.3126E-03
0.5800E+03  0.1983E+01  0.4121E-03
0.5810E+03  0.1983E+01  0.5016E-03
0.5820E+03  0.1982E+01  0.6174E-03
0.5830E+03  0.1982E+01  0.7231E-03
0.5840E+03  0.1982E+01  0.8186E-03
0.5850E+03  0.1982E+01  0.8977E-03
0.5860E+03  0.1982E+01  0.9651E-03
0.5870E+03  0.1982E+01  0.1051E-02
0.5880E+03  0.1983E+01  0.1116E-02
0.5890E+03  0.1983E+01  0.1205E-02
0.5900E+03  0.1983E+01  0.1293E-02
0.5910E+03  0.1983E+01  0.1381E-02
0.5920E+03  0.1983E+01  0.1468E-02
0.5930E+03  0.1983E+01  0.1556E-02
0.5940E+03  0.1983E+01  0.1643E-02
0.5950E+03  0.1983E+01  0.1760E-02
0.5960E+03  0.1983E+01  0.1847E-02
0.5970E+03  0.1983E+01  0.1967E-02
0.5980E+03  0.1983E+01  0.2109E-02
0.5990E+03  0.1983E+01  0.2217E-02
0.6000E+03  0.1983E+01  0.2328E-02
0.6010E+03  0.1983E+01  0.2464E-02
0.6020E+03  0.1983E+01  0.2570E-02
0.6030E+03  0.1982E+01  0.2702E-02
0.6040E+03  0.1982E+01  0.2831E-02
0.6050E+03  0.1982E+01  0.2959E-02
0.6060E+03  0.1982E+01  0.3083E-02
0.6070E+03  0.1982E+01  0.3234E-02
0.6080E+03  0.1982E+01  0.3354E-02
0.6090E+03  0.1982E+01  0.3471E-02
0.6100E+03  0.1982E+01  0.3615E-02
0.6110E+03  0.1982E+01  0.3756E-02
0.6120E+03  0.1982E+01  0.3894E-02
0.6130E+03  0.1982E+01  0.4030E-02
0.6140E+03  0.1981E+01  0.4164E-02
0.6150E+03  0.1981E+01  0.4296E-02
0.6160E+03  0.1981E+01  0.4454E-02
0.6170E+03  0.1981E+01  0.4580E-02
0.6180E+03  0.1981E+01  0.4733E-02
0.6190E+03  0.1981E+01  0.4884E-02
0.6200E+03  0.1981E+01  0.5032E-02
0.6210E+03  0.1981E+01  0.5177E-02
0.6220E+03  0.1981E+01  0.5350E-02
0.6230E+03  0.1981E+01  0.5491E-02
0.6240E+03  0.1981E+01  0.5629E-02
0.6250E+03  0.1980E+01  0.5795E-02
0.6260E+03  0.1980E+01  0.5958E-02
0.6270E+03  0.1980E+01  0.6089E-02
0.6280E+03  0.1980E+01  0.6248E-02
0.6290E+03  0.1980E+01  0.6404E-02
0.6300E+03  0.1980E+01  0.6557E-02
0.6310E+03  0.1980E+01  0.6739E-02
0.6320E+03  0.1980E+01  0.6888E-02
0.6330E+03  0.1980E+01  0.7065E-02
0.6340E+03  0.1980E+01  0.7209E-02
0.6350E+03  0.1980E+01  0.7352E-02
0.6360E+03  0.1979E+01  0.7522E-02
0.6370E+03  0.1979E+01  0.7690E-02
0.6380E+03  0.1979E+01  0.7856E-02
0.6390E+03  0.1979E+01  0.8019E-02
0.6400E+03  0.1979E+01  0.8181E-02
0.6410E+03  0.1979E+01  0.8340E-02
0.6420E+03  0.1979E+01  0.8528E-02
0.6430E+03  0.1979E+01  0.8683E-02
0.6440E+03  0.1979E+01  0.8836E-02
0.6450E+03  0.1979E+01  0.8987E-02
0.6460E+03  0.1979E+01  0.9167E-02
0.6470E+03  0.1978E+01  0.9313E-02
0.6480E+03  0.1978E+01  0.9489E-02
0.6490E+03  0.1978E+01  0.9631E-02
0.6500E+03  0.1978E+01  0.9803E-02
0.6510E+03  0.1978E+01  0.9972E-02
0.6520E+03  0.1978E+01  0.1014E-01
0.6530E+03  0.1978E+01  0.1031E-01
0.6540E+03  0.1978E+01  0.1047E-01
0.6550E+03  0.1978E+01  0.1063E-01
0.6560E+03  0.1978E+01  0.1079E-01
0.6570E+03  0.1978E+01  0.1095E-01
0.6580E+03  0.1978E+01  0.1110E-01
0.6590E+03  0.1977E+01  0.1126E-01
0.6600E+03  0.1977E+01  0.1141E-01
0.6610E+03  0.1977E+01  0.1156E-01
0.6620E+03  0.1977E+01  0.1171E-01
0.6630E+03  0.1977E+01  0.1189E-01
0.6640E+03  0.1977E+01  0.1203E-01
0.6650E+03  0.1977E+01  0.1221E-01
0.6660E+03  0.1977E+01  0.1238E-01
0.6670E+03  0.1977E+01  0.1252E-01
0.6680E+03  0.1977E+01  0.1269E-01
0.6690E+03  0.1977E+01  0.1282E-01
0.6700E+03  0.1976E+01  0.1299E-01
0.6710E+03  0.1976E+01  0.1316E-01
0.6720E+03  0.1976E+01  0.1332E-01
0.6730E+03  0.1976E+01  0.1348E-01
0.6740E+03  0.1976E+01  0.1364E-01
0.6750E+03  0.1976E+01  0.1380E-01
0.6760E+03  0.1976E+01  0.1399E-01
0.6770E+03  0.1976E+01  0.1415E-01
0.6780E+03  0.1976E+01  0.1430E-01
0.6790E+03  0.1976E+01  0.1445E-01
0.6800E+03  0.1976E+01  0.1460E-01
0.6810E+03  0.1975E+01  0.1478E-01
0.6820E+03  0.1975E+01  0.1493E-01
0.6830E+03  0.1975E+01  0.1508E-01
0.6840E+03  0.1975E+01  0.1522E-01
0.6850E+03  0.1975E+01  0.1540E-01
0.6860E+03  0.1975E+01  0.1554E-01
0.6870E+03  0.1975E+01  0.1568E-01
0.6880E+03  0.1975E+01  0.1586E-01
0.6890E+03  0.1975E+01  0.1603E-01
0.6900E+03  0.1975E+01  0.1616E-01
0.6910E+03  0.1975E+01  0.1630E-01
0.6920E+03  0.1975E+01  0.1647E-01
0.6930E+03  0.1974E+01  0.1660E-01
0.6940E+03  0.1974E+01  0.1677E-01
0.6950E+03  0.1974E+01  0.1693E-01
0.6960E+03  0.1974E+01  0.1706E-01
0.6970E+03  0.1974E+01  0.1722E-01
0.6980E+03  0.1974E+01  0.1735E-01
0.6990E+03  0.1974E+01  0.1747E-01
0.7000E+03  0.1974E+01  0.1763E-01
0.7010E+03  0.1974E+01  0.1775E-01
0.7020E+03  0.1974E+01  0.1787E-01
0.7030E+03  0.1974E+01  0.1799E-01
0.7040E+03  0.1973E+01  0.1811E-01
0.7050E+03  0.1973E+01  0.1822E-01
0.7060E+03  0.1973E+01  0.1838E-01
0.7070E+03  0.1973E+01  0.1849E-01
0.7080E+03  0.1973E+01  0.1864E-01
0.7090E+03  0.1973E+01  0.1875E-01
0.7100E+03  0.1973E+01  0.1886E-01
0.7110E+03  0.1973E+01  0.1897E-01
0.7120E+03  0.1973E+01  0.1908E-01
0.7130E+03  0.1973E+01  0.1919E-01
0.7140E+03  0.1973E+01  0.1933E-01
0.7150E+03  0.1973E+01  0.1944E-01
0.7160E+03  0.1972E+01  0.1954E-01
0.7170E+03  0.1972E+01  0.1965E-01
0.7180E+03  0.1972E+01  0.1975E-01
0.7190E+03  0.1972E+01  0.1985E-01
0.7200E+03  0.1972E+01  0.1995E-01
0.7210E+03  0.1972E+01  0.2005E-01
0.7220E+03  0.1972E+01  0.2014E-01
0.7230E+03  0.1972E+01  0.2024E-01
0.7240E+03  0.1972E+01  0.2034E-01
0.7250E+03  0.1972E+01  0.2043E-01
0.7260E+03  0.1972E+01  0.2053E-01
0.7270E+03  0.1971E+01  0.2062E-01
0.7280E+03  0.1971E+01  0.2071E-01
0.7290E+03  0.1971E+01  0.2080E-01
0.7300E+03  0.1971E+01  0.2093E-01
0.7310E+03  0.1971E+01  0.2102E-01
0.7320E+03  0.1971E+01  0.2111E-01
0.7330E+03  0.1971E+01  0.2120E-01
0.7340E+03  0.1971E+01  0.2132E-01
0.7350E+03  0.1971E+01  0.2137E-01
0.7360E+03  0.1971E+01  0.2145E-01
0.7370E+03  0.1971E+01  0.2154E-01
0.7380E+03  0.1970E+01  0.2162E-01
0.7390E+03  0.1970E+01  0.2170E-01
0.7400E+03  0.1970E+01  0.2174E-01
0.7410E+03  0.1970E+01  0.2182E-01
0.7420E+03  0.1970E+01  0.2186E-01
0.7430E+03  0.1970E+01  0.2194E-01
0.7440E+03  0.1970E+01  0.2202E-01
0.7450E+03  0.1970E+01  0.2206E-01
0.7460E+03  0.1970E+01  0.2214E-01
0.7470E+03  0.1970E+01  0.2217E-01
0.7480E+03  0.1970E+01  0.2225E-01
0.7490E+03  0.1969E+01  0.2228E-01
0.7500E+03  0.1969E+01  0.2231E-01
0.7510E+03  0.1969E+01  0.2239E-01
0.7520E+03  0.1969E+01  0.2242E-01
0.7530E+03  0.1969E+01  0.2249E-01
0.7540E+03  0.1969E+01  0.2252E-01
0.7550E+03  0.1969E+01  0.2255E-01
0.7560E+03  0.1969E+01  0.2258E-01
0.7570E+03  0.1969E+01  0.2261E-01
0.7580E+03  0.1969E+01  0.2267E-01
0.7590E+03  0.1969E+01  0.2270E-01
0.7600E+03  0.1968E+01  0.2273E-01
0.7610E+03  0.1968E+01  0.2275E-01
0.7620E+03  0.1968E+01  0.2277E-01
0.7630E+03  0.1968E+01  0.2280E-01
0.7640E+03  0.1968E+01  0.2282E-01
0.7650E+03  0.1968E+01  0.2288E-01
0.7660E+03  0.1968E+01  0.2290E-01
0.7670E+03  0.1968E+01  0.2293E-01
0.7680E+03  0.1968E+01  0.2295E-01
0.7690E+03  0.1968E+01  0.2292E-01
0.7700E+03  0.1968E+01  0.2294E-01
0.7710E+03  0.1967E+01  0.2292E-01
0.7720E+03  0.1967E+01  0.2293E-01
0.7730E+03  0.1967E+01  0.2295E-01
0.7740E+03  0.1967E+01  0.2301E-01
0.7750E+03  0.1967E+01  0.2302E-01
0.7760E+03  0.1967E+01  0.2300E-01
0.7770E+03  0.1967E+01  0.2301E-01
0.7780E+03  0.1967E+01  0.2298E-01
0.7790E+03  0.1967E+01  0.2299E-01
0.7800E+03  0.1967E+01  0.2301E-01
0.7810E+03  0.1967E+01  0.2302E-01
0.7820E+03  0.1966E+01  0.2307E-01
0.7830E+03  0.1966E+01  0.2309E-01
0.7840E+03  0.1966E+01  0.2310E-01
0.7850E+03  0.1966E+01  0.2311E-01
0.7860E+03  0.1966E+01  0.2307E-01
0.7870E+03  0.1966E+01  0.2308E-01
0.7880E+03  0.1966E+01  0.2305E-01
0.7890E+03  0.1966E+01  0.2306E-01
0.7900E+03  0.1966E+01  0.2302E-01
0.7910E+03  0.1966E+01  0.2298E-01
0.7920E+03  0.1966E+01  0.2290E-01
0.7930E+03  0.1966E+01  0.2290E-01
0.7940E+03  0.1965E+01  0.2286E-01
0.7950E+03  0.1965E+01  0.2283E-01
0.7960E+03  0.1965E+01  0.2279E-01
0.7970E+03  0.1965E+01  0.2274E-01
0.7980E+03  0.1965E+01  0.2275E-01
0.7990E+03  0.1965E+01  0.2271E-01
0.8000E+03  0.1965E+01  0.2267E-01
0.8010E+03  0.1965E+01  0.2262E-01
0.8020E+03  0.1965E+01  0.2258E-01
0.8030E+03  0.1965E+01  0.2258E-01
0.8040E+03  0.1965E+01  0.2263E-01
0.8050E+03  0.1964E+01  0.2259E-01
0.8060E+03  0.1964E+01  0.2254E-01
0.8070E+03  0.1964E+01  0.2250E-01
0.8080E+03  0.1964E+01  0.2245E-01
0.8090E+03  0.1964E+01  0.2245E-01
0.8100E+03  0.1964E+01  0.2241E-01
0.8110E+03  0.1964E+01  0.2231E-01
0.8120E+03  0.1964E+01  0.2227E-01
0.8130E+03  0.1964E+01  0.2222E-01
0.8140E+03  0.1964E+01  0.2212E-01
0.8150E+03  0.1964E+01  0.2203E-01
0.8160E+03  0.1963E+01  0.2198E-01
0.8170E+03  0.1963E+01  0.2188E-01
0.8180E+03  0.1963E+01  0.2183E-01
0.8190E+03  0.1963E+01  0.2174E-01
0.8200E+03  0.1963E+01  0.2164E-01
0.8210E+03  0.1963E+01  0.2159E-01
0.8220E+03  0.1963E+01  0.2149E-01
0.8230E+03  0.1963E+01  0.2139E-01
0.8240E+03  0.1963E+01  0.2129E-01
0.8250E+03  0.1963E+01  0.2124E-01
0.8260E+03  0.1963E+01  0.2109E-01
0.8270E+03  0.1962E+01  0.2099E-01
0.8280E+03  0.1962E+01  0.2088E-01
0.8290E+03  0.1962E+01  0.2078E-01
0.8300E+03  0.1962E+01  0.2068E-01
0.8310E+03  0.1962E+01  0.2063E-01
0.8320E+03  0.1962E+01  0.2057E-01
0.8330E+03  0.1962E+01  0.2047E-01
0.8340E+03  0.1962E+01  0.2037E-01
0.8350E+03  0.1962E+01  0.2026E-01
0.8360E+03  0.1962E+01  0.2016E-01
0.8370E+03  0.1962E+01  0.2005E-01
0.8380E+03  0.1961E+01  0.2000E-01
0.8390E+03  0.1961E+01  0.1989E-01
0.8400E+03  0.1961E+01  0.1979E-01
0.8410E+03  0.1961E+01  0.1968E-01
0.8420E+03  0.1961E+01  0.1958E-01
0.8430E+03  0.1961E+01  0.1942E-01
0.8440E+03  0.1961E+01  0.1926E-01
0.8450E+03  0.1961E+01  0.1915E-01
0.8460E+03  0.1961E+01  0.1905E-01
0.8470E+03  0.1961E+01  0.1894E-01
0.8480E+03  0.1961E+01  0.1878E-01
0.8490E+03  0.1961E+01  0.1867E-01
0.8500E+03  0.1960E+01  0.1856E-01
0.8510E+03  0.1960E+01  0.1841E-01
0.8520E+03  0.1960E+01  0.1835E-01
0.8530E+03  0.1960E+01  0.1829E-01
0.8540E+03  0.1960E+01  0.1818E-01
0.8550E+03  0.1960E+01  0.1802E-01
0.8560E+03  0.1960E+01  0.1796E-01
0.8570E+03  0.1960E+01  0.1786E-01
0.8580E+03  0.1960E+01  0.1775E-01
0.8590E+03  0.1960E+01  0.1769E-01
0.8600E+03  0.1959E+01  0.1758E-01
0.8610E+03  0.1959E+01  0.1747E-01
0.8620E+03  0.1959E+01  0.1741E-01
0.8630E+03  0.1959E+01  0.1736E-01
0.8640E+03  0.1959E+01  0.1725E-01
0.8650E+03  0.1959E+01  0.1708E-01
0.8660E+03  0.1959E+01  0.1698E-01
0.8670E+03  0.1959E+01  0.1681E-01
0.8680E+03  0.1959E+01  0.1670E-01
0.8690E+03  0.1959E+01  0.1659E-01
0.8700E+03  0.1959E+01  0.1648E-01
0.8710E+03  0.1958E+01  0.1632E-01
0.8720E+03  0.1958E+01  0.1621E-01
0.8730E+03  0.1958E+01  0.1610E-01
0.8740E+03  0.1958E+01  0.1599E-01
0.8750E+03  0.1958E+01  0.1588E-01
0.8760E+03  0.1958E+01  0.1572E-01
0.8770E+03  0.1958E+01  0.1561E-01
0.8780E+03  0.1958E+01  0.1550E-01
0.8790E+03  0.1958E+01  0.1539E-01
0.8800E+03  0.1958E+01  0.1528E-01
0.8810E+03  0.1958E+01  0.1517E-01
0.8820E+03  0.1957E+01  0.1500E-01
0.8830E+03  0.1957E+01  0.1489E-01
0.8840E+03  0.1957E+01  0.1478E-01
0.8850E+03  0.1957E+01  0.1467E-01
0.8860E+03  0.1957E+01  0.1456E-01
0.8870E+03  0.1957E+01  0.1445E-01
0.8880E+03  0.1957E+01  0.1429E-01
0.8890E+03  0.1957E+01  0.1418E-01
0.8900E+03  0.1957E+01  0.1407E-01
0.8910E+03  0.1957E+01  0.1396E-01
0.8920E+03  0.1957E+01  0.1386E-01
0.8930E+03  0.1956E+01  0.1375E-01
0.8940E+03  0.1956E+01  0.1364E-01
0.8950E+03  0.1956E+01  0.1353E-01
0.8960E+03  0.1956E+01  0.1337E-01
0.8970E+03  0.1956E+01  0.1326E-01
0.8980E+03  0.1956E+01  0.1315E-01
0.8990E+03  0.1956E+01  0.1304E-01
0.9000E+03  0.1956E+01  0.1294E-01
0.9010E+03  0.1956E+01  0.1277E-01
0.9020E+03  0.1956E+01  0.1267E-01
0.9030E+03  0.1956E+01  0.1256E-01
0.9040E+03  0.1955E+01  0.1245E-01
0.9050E+03  0.1955E+01  0.1235E-01
0.9060E+03  0.1955E+01  0.1218E-01
0.9070E+03  0.1955E+01  0.1208E-01
0.9080E+03  0.1955E+01  0.1197E-01
0.9090E+03  0.1955E+01  0.1187E-01
0.9100E+03  0.1955E+01  0.1176E-01
0.9110E+03  0.1955E+01  0.1166E-01
0.9120E+03  0.1955E+01  0.1150E-01
0.9130E+03  0.1955E+01  0.1139E-01
0.9140E+03  0.1955E+01  0.1129E-01
0.9150E+03  0.1954E+01  0.1118E-01
0.9160E+03  0.1954E+01  0.1108E-01
0.9170E+03  0.1954E+01  0.1098E-01
0.9180E+03  0.1954E+01  0.1088E-01
0.9190E+03  0.1954E+01  0.1077E-01
0.9200E+03  0.1954E+01  0.1067E-01
0.9210E+03  0.1954E+01  0.1057E-01
0.9220E+03  0.1954E+01  0.1047E-01
0.9230E+03  0.1954E+01  0.1037E-01
0.9240E+03  0.1954E+01  0.1027E-01
0.9250E+03  0.1954E+01  0.1017E-01
0.9260E+03  0.1953E+01  0.1007E-01
0.9270E+03  0.1953E+01  0.9966E-02
0.9280E+03  0.1953E+01  0.9867E-02
0.9290E+03  0.1953E+01  0.9768E-02
0.9300E+03  0.1953E+01  0.9669E-02
0.9310E+03  0.1953E+01  0.9571E-02
0.9320E+03  0.1953E+01  0.9533E-02
0.9330E+03  0.1953E+01  0.9435E-02
0.9340E+03  0.1953E+01  0.9338E-02
0.9350E+03  0.1953E+01  0.9242E-02
0.9360E+03  0.1953E+01  0.9206E-02
0.9370E+03  0.1953E+01  0.9110E-02
0.9380E+03  0.1952E+01  0.9015E-02
0.9390E+03  0.1952E+01  0.8920E-02
0.9400E+03  0.1952E+01  0.8885E-02
0.9410E+03  0.1952E+01  0.8792E-02
0.9420E+03  0.1952E+01  0.8758E-02
0.9430E+03  0.1952E+01  0.8665E-02
0.9440E+03  0.1952E+01  0.8573E-02
0.9450E+03  0.1952E+01  0.8542E-02
0.9460E+03  0.1952E+01  0.8450E-02
0.9470E+03  0.1952E+01  0.8420E-02
0.9480E+03  0.1952E+01  0.8330E-02
0.9490E+03  0.1952E+01  0.8301E-02
0.9500E+03  0.1952E+01  0.8212E-02
0.9510E+03  0.1951E+01  0.8185E-02
0.9520E+03  0.1951E+01  0.8096E-02
0.9530E+03  0.1951E+01  0.8070E-02
0.9540E+03  0.1951E+01  0.8044E-02
0.9550E+03  0.1951E+01  0.7958E-02
0.9560E+03  0.1951E+01  0.7933E-02
0.9570E+03  0.1951E+01  0.7909E-02
0.9580E+03  0.1951E+01  0.7824E-02
0.9590E+03  0.1951E+01  0.7802E-02
0.9600E+03  0.1951E+01  0.7780E-02
0.9610E+03  0.1951E+01  0.7758E-02
0.9620E+03  0.1951E+01  0.7676E-02
0.9630E+03  0.1950E+01  0.7656E-02
0.9640E+03  0.1950E+01  0.7636E-02
0.9650E+03  0.1950E+01  0.7618E-02
0.9660E+03  0.1950E+01  0.7600E-02
0.9670E+03  0.1950E+01  0.7520E-02
0.9680E+03  0.1950E+01  0.7503E-02
0.9690E+03  0.1950E+01  0.7487E-02
0.9700E+03  0.1950E+01  0.7472E-02
0.9710E+03  0.1950E+01  0.7458E-02
0.9720E+03  0.1950E+01  0.7444E-02
0.9730E+03  0.1950E+01  0.7430E-02
0.9740E+03  0.1950E+01  0.7480E-02
0.9750E+03  0.1950E+01  0.7467E-02
0.9760E+03  0.1950E+01  0.7455E-02
0.9770E+03  0.1949E+01  0.7443E-02
0.9780E+03  0.1949E+01  0.7433E-02
0.9790E+03  0.1949E+01  0.7485E-02
0.9800E+03  0.1949E+01  0.7476E-02
0.9810E+03  0.1949E+01  0.7467E-02
0.9820E+03  0.1949E+01  0.7523E-02
0.9830E+03  0.1949E+01  0.7515E-02
0.9840E+03  0.1949E+01  0.7509E-02
0.9850E+03  0.1949E+01  0.7566E-02
0.9860E+03  0.1949E+01  0.7561E-02
0.9870E+03  0.1949E+01  0.7620E-02
0.9880E+03  0.1949E+01  0.7616E-02
0.9890E+03  0.1949E+01  0.7677E-02
0.9900E+03  0.1949E+01  0.7738E-02
0.9910E+03  0.1949E+01  0.7737E-02
0.9920E+03  0.1949E+01  0.7799E-02
0.9930E+03  0.1949E+01  0.7863E-02
0.9940E+03  0.1949E+01  0.7864E-02
0.9950E+03  0.1949E+01  0.7929E-02
0.9960E+03  0.1949E+01  0.7995E-02
0.9970E+03  0.1949E+01  0.8063E-02
0.9980E+03  0.1948E+01  0.8130E-02
0.9990E+03  0.1948E+01  0.8199E-02
0.1000E+04  0.1948E+01  0.8204E-02
