0.4500E+03  0.2026E+01  0.4877E-16
0.4510E+03  0.2026E+01  0.1436E-04
0.4520E+03  0.2026E+01  0.2419E-04
0.4530E+03  0.2026E+01  0.4437E-04
0.4540E+03  0.2026E+01  0.7431E-04
0.4550E+03  0.2026E+01  0.1135E-03
0.4560E+03  0.2026E+01  0.1331E-03
0.4570E+03  0.2026E+01  0.1331E-03
0.4580E+03  0.2025E+01  0.1426E-03
0.4590E+03  0.2025E+01  0.1322E-03
0.4600E+03  0.2025E+01  0.1601E-03
0.4610E+03  0.2025E+01  0.1388E-03
0.4620E+03  0.2025E+01  0.1555E-03
0.4630E+03  0.2025E+01  0.1519E-03
0.4640E+03  0.2025E+01  0.1568E-03
0.4650E+03  0.2024E+01  0.1701E-03
0.4660E+03  0.2024E+01  0.1626E-03
0.4670E+03  0.2024E+01  0.1345E-03
0.4680E+03  0.2024E+01  0.1429E-03
0.4690E+03  0.2023E+01  0.1301E-03
0.4700E+03  0.2023E+01  0.1248E-03
0.4710E+03  0.2023E+01  0.9806E-04
0.4720E+03  0.2023E+01  0.7837E-04
0.4730E+03  0.2022E+01  0.6557E-04
0.4740E+03  0.2022E+01  0.5902E-04
0.4750E+03  0.2022E+01  0.2889E-04
0.4760E+03  0.2022E+01  0.7010E-05
0.4770E+03  0.2021E+01  0.1088E-08
0.4780E+03  0.2021E+01  0.5628E-08
0.4790E+03  0.2020E+01  0.1517E-07
0.4800E+03  0.2020E+01  0.2446E-07
0.4810E+03  0.2020E+01  0.3064E-07
0.4820E+03  0.2019E+01  0.4509E-07
0.4830E+03  0.2018E+01  0.5590E-07
0.4840E+03  0.2018E+01  0.6223E-07
0.4850E+03  0.2018E+01  0.6359E-07
0.4860E+03  0.2017E+01  0.6029E-07
0.4870E+03  0.2017E+01  0.6695E-07
0.4880E+03  0.2016E+01  0.5520E-07
0.4890E+03  0.2016E+01  0.5394E-07
0.4900E+03  0.2015E+01  0.6298E-07
0.4910E+03  0.2015E+01  0.5498E-07
0.4920E+03  0.2014E+01  0.5740E-07
0.4930E+03  0.2014E+01  0.4414E-07
0.4940E+03  0.2013E+01  0.4133E-07
0.4950E+03  0.2013E+01  0.3624E-07
0.4960E+03  0.2012E+01  0.2916E-07
0.4970E+03  0.2012E+01  0.2032E-07
0.4980E+03  0.2011E+01  0.9968E-08
0.4990E+03  0.2010E+01  0.9245E-08
0.5000E+03  0.2010E+01  0.1039E-04
0.5010E+03  0.2009E+01  0.2910E-04
0.5020E+03  0.2008E+01  0.6767E-04
0.5030E+03  0.2008E+01  0.1242E-03
0.5040E+03  0.2007E+01  0.1954E-03
0.5050E+03  0.2006E+01  0.2800E-03
0.5060E+03  0.2004E+01  0.3763E-03
0.5070E+03  0.2003E+01  0.4824E-03
0.5080E+03  0.2002E+01  0.5966E-03
0.5090E+03  0.2001E+01  0.7167E-03
0.5100E+03  0.2000E+01  0.8144E-03
0.5110E+03  0.1998E+01  0.9406E-03
0.5120E+03  0.1997E+01  0.1041E-02
0.5130E+03  0.1996E+01  0.1166E-02
0.5140E+03  0.1995E+01  0.1287E-02
0.5150E+03  0.1993E+01  0.1377E-02
0.5160E+03  0.1992E+01  0.1486E-02
0.5170E+03  0.1991E+01  0.1561E-02
0.5180E+03  0.1990E+01  0.1651E-02
0.5190E+03  0.1989E+01  0.1703E-02
0.5200E+03  0.1988E+01  0.1768E-02
0.5210E+03  0.1988E+01  0.1818E-02
0.5220E+03  0.1987E+01  0.1825E-02
0.5230E+03  0.1987E+01  0.1840E-02
0.5240E+03  0.1986E+01  0.1809E-02
0.5250E+03  0.1986E+01  0.1781E-02
0.5260E+03  0.1986E+01  0.1743E-02
0.5270E+03  0.1986E+01  0.1679E-02
0.5280E+03  0.1986E+01  0.1639E-02
0.5290E+03  0.1986E+01  0.1598E-02
0.5300E+03  0.1986E+01  0.1556E-02
0.5310E+03  0.1986E+01  0.1513E-02
0.5320E+03  0.1986E+01  0.1470E-02
0.5330E+03  0.1985E+01  0.1425E-02
0.5340E+03  0.1985E+01  0.1379E-02
0.5350E+03  0.1985E+01  0.1333E-02
0.5360E+03  0.1985E+01  0.1286E-02
0.5370E+03  0.1985E+01  0.1239E-02
0.5380E+03  0.1985E+01  0.1217E-02
0.5390E+03  0.1985E+01  0.1168E-02
0.5400E+03  0.1985E+01  0.1145E-02
0.5410E+03  0.1985E+01  0.1096E-02
0.5420E+03  0.1985E+01  0.1072E-02
0.5430E+03  0.1985E+01  0.1049E-02
0.5440E+03  0.1985E+01  0.1051E-02
0.5450E+03  0.1985E+01  0.1027E-02
0.5460E+03  0.1985E+01  0.1003E-02
0.5470E+03  0.1985E+01  0.9782E-03
0.5480E+03  0.1985E+01  0.9801E-03
0.5490E+03  0.1985E+01  0.9557E-03
0.5500E+03  0.1985E+01  0.9576E-03
0.5510E+03  0.1985E+01  0.9596E-03
0.5520E+03  0.1985E+01  0.9617E-03
0.5530E+03  0.1985E+01  0.9638E-03
0.5540E+03  0.1985E+01  0.9657E-03
0.5550E+03  0.1985E+01  0.9673E-03
0.5560E+03  0.1984E+01  0.9947E-03
0.5570E+03  0.1984E+01  0.1022E-02
0.5580E+03  0.1984E+01  0.1022E-02
0.5590E+03  0.1984E+01  0.1047E-02
0.5600E+03  0.1984E+01  0.1072E-02
0.5610E+03  0.1984E+01  0.1122E-02
0.5620E+03  0.1984E+01  0.1145E-02
0.5630E+03  0.1983E+01  0.1193E-02
0.5640E+03  0.1983E+01  0.1239E-02
0.5650E+03  0.1983E+01  0.1284E-02
0.5660E+03  0.1983E+01  0.1328E-02
0.5670E+03  0.1983E+01  0.1370E-02
0.5680E+03  0.1982E+01  0.1411E-02
0.5690E+03  0.1982E+01  0.1476E-02
0.5700E+03  0.1982E+01  0.1513E-02
0.5710E+03  0.1982E+01  0.1575E-02
0.5720E+03  0.1982E+01  0.1634E-02
0.5730E+03  0.1981E+01  0.1719E-02
0.5740E+03  0.1981E+01  0.1774E-02
0.5750E+03  0.1981E+01  0.1855E-02
0.5760E+03  0.1981E+01  0.1936E-02
0.5770E+03  0.1980E+01  0.1991E-02
0.5780E+03  0.1980E+01  0.2073E-02
0.5790E+03  0.1980E+01  0.2184E-02
0.5800E+03  0.1979E+01  0.2267E-02
0.5810E+03  0.1979E+01  0.2350E-02
0.5820E+03  0.1979E+01  0.2458E-02
0.5830E+03  0.1978E+01  0.2565E-02
0.5840E+03  0.1978E+01  0.2670E-02
0.5850E+03  0.1977E+01  0.2772E-02
0.5860E+03  0.1977E+01  0.2871E-02
0.5870E+03  0.1976E+01  0.2995E-02
0.5880E+03  0.1976E+01  0.3086E-02
0.5890E+03  0.1975E+01  0.3202E-02
0.5900E+03  0.1975E+01  0.3313E-02
0.5910E+03  0.1974E+01  0.3419E-02
0.5920E+03  0.1974E+01  0.3520E-02
0.5930E+03  0.1973E+01  0.3615E-02
0.5940E+03  0.1973E+01  0.3705E-02
0.5950E+03  0.1973E+01  0.3817E-02
0.5960E+03  0.1973E+01  0.3896E-02
0.5970E+03  0.1972E+01  0.3996E-02
0.5980E+03  0.1972E+01  0.4118E-02
0.5990E+03  0.1972E+01  0.4205E-02
0.6000E+03  0.1972E+01  0.4286E-02
0.6010E+03  0.1972E+01  0.4391E-02
0.6020E+03  0.1972E+01  0.4465E-02
0.6030E+03  0.1972E+01  0.4564E-02
0.6040E+03  0.1972E+01  0.4661E-02
0.6050E+03  0.1972E+01  0.4755E-02
0.6060E+03  0.1972E+01  0.4846E-02
0.6070E+03  0.1972E+01  0.4964E-02
0.6080E+03  0.1972E+01  0.5050E-02
0.6090E+03  0.1972E+01  0.5134E-02
0.6100E+03  0.1972E+01  0.5244E-02
0.6110E+03  0.1972E+01  0.5352E-02
0.6120E+03  0.1972E+01  0.5458E-02
0.6130E+03  0.1973E+01  0.5562E-02
0.6140E+03  0.1973E+01  0.5663E-02
0.6150E+03  0.1973E+01  0.5762E-02
0.6160E+03  0.1973E+01  0.5889E-02
0.6170E+03  0.1973E+01  0.5984E-02
0.6180E+03  0.1973E+01  0.6106E-02
0.6190E+03  0.1973E+01  0.6227E-02
0.6200E+03  0.1973E+01  0.6345E-02
0.6210E+03  0.1973E+01  0.6462E-02
0.6220E+03  0.1973E+01  0.6606E-02
0.6230E+03  0.1973E+01  0.6719E-02
0.6240E+03  0.1973E+01  0.6829E-02
0.6250E+03  0.1973E+01  0.6968E-02
0.6260E+03  0.1973E+01  0.7105E-02
0.6270E+03  0.1973E+01  0.7210E-02
0.6280E+03  0.1973E+01  0.7343E-02
0.6290E+03  0.1973E+01  0.7474E-02
0.6300E+03  0.1973E+01  0.7603E-02
0.6310E+03  0.1973E+01  0.7760E-02
0.6320E+03  0.1973E+01  0.7884E-02
0.6330E+03  0.1973E+01  0.8037E-02
0.6340E+03  0.1973E+01  0.8158E-02
0.6350E+03  0.1973E+01  0.8276E-02
0.6360E+03  0.1973E+01  0.8423E-02
0.6370E+03  0.1973E+01  0.8568E-02
0.6380E+03  0.1973E+01  0.8711E-02
0.6390E+03  0.1973E+01  0.8852E-02
0.6400E+03  0.1973E+01  0.8991E-02
0.6410E+03  0.1973E+01  0.9128E-02
0.6420E+03  0.1972E+01  0.9294E-02
0.6430E+03  0.1972E+01  0.9427E-02
0.6440E+03  0.1972E+01  0.9558E-02
0.6450E+03  0.1972E+01  0.9687E-02
0.6460E+03  0.1972E+01  0.9845E-02
0.6470E+03  0.1972E+01  0.9970E-02
0.6480E+03  0.1972E+01  0.1012E-01
0.6490E+03  0.1972E+01  0.1024E-01
0.6500E+03  0.1972E+01  0.1040E-01
0.6510E+03  0.1972E+01  0.1054E-01
0.6520E+03  0.1972E+01  0.1069E-01
0.6530E+03  0.1972E+01  0.1084E-01
0.6540E+03  0.1972E+01  0.1098E-01
0.6550E+03  0.1972E+01  0.1112E-01
0.6560E+03  0.1971E+01  0.1126E-01
0.6570E+03  0.1971E+01  0.1140E-01
0.6580E+03  0.1971E+01  0.1153E-01
0.6590E+03  0.1971E+01  0.1167E-01
0.6600E+03  0.1971E+01  0.1180E-01
0.6610E+03  0.1971E+01  0.1193E-01
0.6620E+03  0.1970E+01  0.1206E-01
0.6630E+03  0.1970E+01  0.1222E-01
0.6640E+03  0.1970E+01  0.1234E-01
0.6650E+03  0.1970E+01  0.1250E-01
0.6660E+03  0.1970E+01  0.1265E-01
0.6670E+03  0.1969E+01  0.1277E-01
0.6680E+03  0.1969E+01  0.1292E-01
0.6690E+03  0.1969E+01  0.1304E-01
0.6700E+03  0.1969E+01  0.1318E-01
0.6710E+03  0.1969E+01  0.1333E-01
0.6720E+03  0.1969E+01  0.1347E-01
0.6730E+03  0.1968E+01  0.1361E-01
0.6740E+03  0.1968E+01  0.1375E-01
0.6750E+03  0.1968E+01  0.1389E-01
0.6760E+03  0.1968E+01  0.1406E-01
0.6770E+03  0.1968E+01  0.1420E-01
0.6780E+03  0.1968E+01  0.1433E-01
0.6790E+03  0.1967E+01  0.1447E-01
0.6800E+03  0.1967E+01  0.1460E-01
0.6810E+03  0.1967E+01  0.1476E-01
0.6820E+03  0.1967E+01  0.1489E-01
0.6830E+03  0.1967E+01  0.1502E-01
0.6840E+03  0.1967E+01  0.1514E-01
0.6850E+03  0.1966E+01  0.1530E-01
0.6860E+03  0.1966E+01  0.1542E-01
0.6870E+03  0.1966E+01  0.1554E-01
0.6880E+03  0.1966E+01  0.1570E-01
0.6890E+03  0.1966E+01  0.1585E-01
0.6900E+03  0.1966E+01  0.1597E-01
0.6910E+03  0.1965E+01  0.1608E-01
0.6920E+03  0.1965E+01  0.1623E-01
0.6930E+03  0.1965E+01  0.1634E-01
0.6940E+03  0.1965E+01  0.1649E-01
0.6950E+03  0.1965E+01  0.1664E-01
0.6960E+03  0.1965E+01  0.1675E-01
0.6970E+03  0.1964E+01  0.1689E-01
0.6980E+03  0.1964E+01  0.1700E-01
0.6990E+03  0.1964E+01  0.1710E-01
0.7000E+03  0.1964E+01  0.1724E-01
0.7010E+03  0.1964E+01  0.1735E-01
0.7020E+03  0.1964E+01  0.1745E-01
0.7030E+03  0.1964E+01  0.1755E-01
0.7040E+03  0.1963E+01  0.1765E-01
0.7050E+03  0.1963E+01  0.1775E-01
0.7060E+03  0.1963E+01  0.1789E-01
0.7070E+03  0.1963E+01  0.1798E-01
0.7080E+03  0.1963E+01  0.1812E-01
0.7090E+03  0.1963E+01  0.1821E-01
0.7100E+03  0.1963E+01  0.1830E-01
0.7110E+03  0.1963E+01  0.1840E-01
0.7120E+03  0.1962E+01  0.1849E-01
0.7130E+03  0.1962E+01  0.1858E-01
0.7140E+03  0.1962E+01  0.1871E-01
0.7150E+03  0.1962E+01  0.1880E-01
0.7160E+03  0.1962E+01  0.1888E-01
0.7170E+03  0.1962E+01  0.1897E-01
0.7180E+03  0.1962E+01  0.1906E-01
0.7190E+03  0.1962E+01  0.1914E-01
0.7200E+03  0.1962E+01  0.1923E-01
0.7210E+03  0.1961E+01  0.1931E-01
0.7220E+03  0.1961E+01  0.1939E-01
0.7230E+03  0.1961E+01  0.1947E-01
0.7240E+03  0.1961E+01  0.1956E-01
0.7250E+03  0.1961E+01  0.1964E-01
0.7260E+03  0.1961E+01  0.1972E-01
0.7270E+03  0.1961E+01  0.1979E-01
0.7280E+03  0.1961E+01  0.1987E-01
0.7290E+03  0.1961E+01  0.1995E-01
0.7300E+03  0.1961E+01  0.2007E-01
0.7310E+03  0.1960E+01  0.2014E-01
0.7320E+03  0.1960E+01  0.2022E-01
0.7330E+03  0.1960E+01  0.2029E-01
0.7340E+03  0.1960E+01  0.2041E-01
0.7350E+03  0.1960E+01  0.2044E-01
0.7360E+03  0.1960E+01  0.2051E-01
0.7370E+03  0.1960E+01  0.2058E-01
0.7380E+03  0.1960E+01  0.2066E-01
0.7390E+03  0.1960E+01  0.2073E-01
0.7400E+03  0.1960E+01  0.2076E-01
0.7410E+03  0.1960E+01  0.2083E-01
0.7420E+03  0.1960E+01  0.2085E-01
0.7430E+03  0.1960E+01  0.2092E-01
0.7440E+03  0.1960E+01  0.2099E-01
0.7450E+03  0.1959E+01  0.2101E-01
0.7460E+03  0.1959E+01  0.2108E-01
0.7470E+03  0.1959E+01  0.2110E-01
0.7480E+03  0.1959E+01  0.2117E-01
0.7490E+03  0.1959E+01  0.2119E-01
0.7500E+03  0.1959E+01  0.2121E-01
0.7510E+03  0.1959E+01  0.2127E-01
0.7520E+03  0.1959E+01  0.2129E-01
0.7530E+03  0.1959E+01  0.2136E-01
0.7540E+03  0.1959E+01  0.2137E-01
0.7550E+03  0.1958E+01  0.2139E-01
0.7560E+03  0.1958E+01  0.2141E-01
0.7570E+03  0.1958E+01  0.2142E-01
0.7580E+03  0.1958E+01  0.2148E-01
0.7590E+03  0.1958E+01  0.2150E-01
0.7600E+03  0.1958E+01  0.2151E-01
0.7610E+03  0.1957E+01  0.2152E-01
0.7620E+03  0.1957E+01  0.2154E-01
0.7630E+03  0.1957E+01  0.2155E-01
0.7640E+03  0.1957E+01  0.2156E-01
0.7650E+03  0.1957E+01  0.2161E-01
0.7660E+03  0.1957E+01  0.2162E-01
0.7670E+03  0.1956E+01  0.2163E-01
0.7680E+03  0.1956E+01  0.2164E-01
0.7690E+03  0.1956E+01  0.2161E-01
0.7700E+03  0.1956E+01  0.2162E-01
0.7710E+03  0.1956E+01  0.2158E-01
0.7720E+03  0.1956E+01  0.2159E-01
0.7730E+03  0.1955E+01  0.2159E-01
0.7740E+03  0.1955E+01  0.2165E-01
0.7750E+03  0.1955E+01  0.2165E-01
0.7760E+03  0.1955E+01  0.2161E-01
0.7770E+03  0.1955E+01  0.2162E-01
0.7780E+03  0.1954E+01  0.2158E-01
0.7790E+03  0.1954E+01  0.2158E-01
0.7800E+03  0.1954E+01  0.2159E-01
0.7810E+03  0.1954E+01  0.2159E-01
0.7820E+03  0.1954E+01  0.2164E-01
0.7830E+03  0.1954E+01  0.2165E-01
0.7840E+03  0.1953E+01  0.2165E-01
0.7850E+03  0.1953E+01  0.2165E-01
0.7860E+03  0.1953E+01  0.2161E-01
0.7870E+03  0.1953E+01  0.2161E-01
0.7880E+03  0.1953E+01  0.2157E-01
0.7890E+03  0.1952E+01  0.2157E-01
0.7900E+03  0.1952E+01  0.2153E-01
0.7910E+03  0.1952E+01  0.2148E-01
0.7920E+03  0.1952E+01  0.2139E-01
0.7930E+03  0.1951E+01  0.2139E-01
0.7940E+03  0.1951E+01  0.2134E-01
0.7950E+03  0.1951E+01  0.2130E-01
0.7960E+03  0.1951E+01  0.2125E-01
0.7970E+03  0.1951E+01  0.2120E-01
0.7980E+03  0.1950E+01  0.2120E-01
0.7990E+03  0.1950E+01  0.2116E-01
0.8000E+03  0.1950E+01  0.2111E-01
0.8010E+03  0.1950E+01  0.2106E-01
0.8020E+03  0.1950E+01  0.2101E-01
0.8030E+03  0.1949E+01  0.2101E-01
0.8040E+03  0.1949E+01  0.2106E-01
0.8050E+03  0.1949E+01  0.2101E-01
0.8060E+03  0.1949E+01  0.2096E-01
0.8070E+03  0.1948E+01  0.2092E-01
0.8080E+03  0.1948E+01  0.2087E-01
0.8090E+03  0.1948E+01  0.2087E-01
0.8100E+03  0.1948E+01  0.2082E-01
0.8110E+03  0.1947E+01  0.2072E-01
0.8120E+03  0.1947E+01  0.2067E-01
0.8130E+03  0.1947E+01  0.2062E-01
0.8140E+03  0.1947E+01  0.2052E-01
0.8150E+03  0.1947E+01  0.2043E-01
0.8160E+03  0.1946E+01  0.2038E-01
0.8170E+03  0.1946E+01  0.2028E-01
0.8180E+03  0.1946E+01  0.2023E-01
0.8190E+03  0.1946E+01  0.2013E-01
0.8200E+03  0.1945E+01  0.2003E-01
0.8210E+03  0.1945E+01  0.1998E-01
0.8220E+03  0.1945E+01  0.1988E-01
0.8230E+03  0.1945E+01  0.1978E-01
0.8240E+03  0.1944E+01  0.1968E-01
0.8250E+03  0.1944E+01  0.1963E-01
0.8260E+03  0.1944E+01  0.1948E-01
0.8270E+03  0.1943E+01  0.1938E-01
0.8280E+03  0.1943E+01  0.1928E-01
0.8290E+03  0.1943E+01  0.1918E-01
0.8300E+03  0.1943E+01  0.1908E-01
0.8310E+03  0.1942E+01  0.1903E-01
0.8320E+03  0.1942E+01  0.1898E-01
0.8330E+03  0.1942E+01  0.1889E-01
0.8340E+03  0.1942E+01  0.1879E-01
0.8350E+03  0.1941E+01  0.1869E-01
0.8360E+03  0.1941E+01  0.1859E-01
0.8370E+03  0.1941E+01  0.1849E-01
0.8380E+03  0.1940E+01  0.1844E-01
0.8390E+03  0.1940E+01  0.1834E-01
0.8400E+03  0.1940E+01  0.1824E-01
0.8410E+03  0.1939E+01  0.1814E-01
0.8420E+03  0.1939E+01  0.1804E-01
0.8430E+03  0.1939E+01  0.1789E-01
0.8440E+03  0.1939E+01  0.1774E-01
0.8450E+03  0.1938E+01  0.1764E-01
0.8460E+03  0.1938E+01  0.1755E-01
0.8470E+03  0.1938E+01  0.1745E-01
0.8480E+03  0.1938E+01  0.1730E-01
0.8490E+03  0.1937E+01  0.1720E-01
0.8500E+03  0.1937E+01  0.1710E-01
0.8510E+03  0.1937E+01  0.1695E-01
0.8520E+03  0.1936E+01  0.1691E-01
0.8530E+03  0.1936E+01  0.1686E-01
0.8540E+03  0.1936E+01  0.1677E-01
0.8550E+03  0.1936E+01  0.1662E-01
0.8560E+03  0.1935E+01  0.1657E-01
0.8570E+03  0.1935E+01  0.1648E-01
0.8580E+03  0.1935E+01  0.1638E-01
0.8590E+03  0.1935E+01  0.1634E-01
0.8600E+03  0.1934E+01  0.1624E-01
0.8610E+03  0.1934E+01  0.1615E-01
0.8620E+03  0.1934E+01  0.1611E-01
0.8630E+03  0.1934E+01  0.1607E-01
0.8640E+03  0.1934E+01  0.1597E-01
0.8650E+03  0.1933E+01  0.1582E-01
0.8660E+03  0.1933E+01  0.1573E-01
0.8670E+03  0.1933E+01  0.1558E-01
0.8680E+03  0.1933E+01  0.1549E-01
0.8690E+03  0.1932E+01  0.1540E-01
0.8700E+03  0.1932E+01  0.1530E-01
0.8710E+03  0.1932E+01  0.1516E-01
0.8720E+03  0.1932E+01  0.1507E-01
0.8730E+03  0.1931E+01  0.1497E-01
0.8740E+03  0.1931E+01  0.1488E-01
0.8750E+03  0.1931E+01  0.1479E-01
0.8760E+03  0.1931E+01  0.1465E-01
0.8770E+03  0.1931E+01  0.1456E-01
0.8780E+03  0.1930E+01  0.1447E-01
0.8790E+03  0.1930E+01  0.1438E-01
0.8800E+03  0.1930E+01  0.1429E-01
0.8810E+03  0.1930E+01  0.1420E-01
0.8820E+03  0.1929E+01  0.1406E-01
0.8830E+03  0.1929E+01  0.1397E-01
0.8840E+03  0.1929E+01  0.1388E-01
0.8850E+03  0.1929E+01  0.1380E-01
0.8860E+03  0.1928E+01  0.1371E-01
0.8870E+03  0.1928E+01  0.1363E-01
0.8880E+03  0.1928E+01  0.1348E-01
0.8890E+03  0.1928E+01  0.1340E-01
0.8900E+03  0.1927E+01  0.1331E-01
0.8910E+03  0.1927E+01  0.1323E-01
0.8920E+03  0.1927E+01  0.1314E-01
0.8930E+03  0.1927E+01  0.1306E-01
0.8940E+03  0.1927E+01  0.1297E-01
0.8950E+03  0.1927E+01  0.1289E-01
0.8960E+03  0.1926E+01  0.1275E-01
0.8970E+03  0.1926E+01  0.1266E-01
0.8980E+03  0.1926E+01  0.1258E-01
0.8990E+03  0.1926E+01  0.1249E-01
0.9000E+03  0.1926E+01  0.1240E-01
0.9010E+03  0.1926E+01  0.1226E-01
0.9020E+03  0.1926E+01  0.1217E-01
0.9030E+03  0.1926E+01  0.1208E-01
0.9040E+03  0.1926E+01  0.1200E-01
0.9050E+03  0.1926E+01  0.1191E-01
0.9060E+03  0.1926E+01  0.1177E-01
0.9070E+03  0.1926E+01  0.1168E-01
0.9080E+03  0.1926E+01  0.1160E-01
0.9090E+03  0.1925E+01  0.1151E-01
0.9100E+03  0.1925E+01  0.1143E-01
0.9110E+03  0.1925E+01  0.1134E-01
0.9120E+03  0.1925E+01  0.1120E-01
0.9130E+03  0.1925E+01  0.1111E-01
0.9140E+03  0.1925E+01  0.1103E-01
0.9150E+03  0.1925E+01  0.1094E-01
0.9160E+03  0.1925E+01  0.1086E-01
0.9170E+03  0.1925E+01  0.1078E-01
0.9180E+03  0.1925E+01  0.1069E-01
0.9190E+03  0.1925E+01  0.1061E-01
0.9200E+03  0.1925E+01  0.1053E-01
0.9210E+03  0.1925E+01  0.1044E-01
0.9220E+03  0.1925E+01  0.1036E-01
0.9230E+03  0.1925E+01  0.1028E-01
0.9240E+03  0.1925E+01  0.1019E-01
0.9250E+03  0.1925E+01  0.1011E-01
0.9260E+03  0.1925E+01  0.1003E-01
0.9270E+03  0.1925E+01  0.9942E-02
0.9280E+03  0.1925E+01  0.9857E-02
0.9290E+03  0.1925E+01  0.9771E-02
0.9300E+03  0.1925E+01  0.9684E-02
0.9310E+03  0.1925E+01  0.9597E-02
0.9320E+03  0.1925E+01  0.9570E-02
0.9330E+03  0.1925E+01  0.9482E-02
0.9340E+03  0.1926E+01  0.9394E-02
0.9350E+03  0.1926E+01  0.9306E-02
0.9360E+03  0.1926E+01  0.9278E-02
0.9370E+03  0.1926E+01  0.9190E-02
0.9380E+03  0.1926E+01  0.9102E-02
0.9390E+03  0.1926E+01  0.9014E-02
0.9400E+03  0.1926E+01  0.8987E-02
0.9410E+03  0.1926E+01  0.8901E-02
0.9420E+03  0.1927E+01  0.8876E-02
0.9430E+03  0.1927E+01  0.8790E-02
0.9440E+03  0.1927E+01  0.8706E-02
0.9450E+03  0.1927E+01  0.8684E-02
0.9460E+03  0.1927E+01  0.8602E-02
0.9470E+03  0.1927E+01  0.8583E-02
0.9480E+03  0.1927E+01  0.8505E-02
0.9490E+03  0.1927E+01  0.8489E-02
0.9500E+03  0.1927E+01  0.8414E-02
0.9510E+03  0.1927E+01  0.8402E-02
0.9520E+03  0.1927E+01  0.8329E-02
0.9530E+03  0.1927E+01  0.8318E-02
0.9540E+03  0.1927E+01  0.8307E-02
0.9550E+03  0.1927E+01  0.8236E-02
0.9560E+03  0.1927E+01  0.8226E-02
0.9570E+03  0.1927E+01  0.8218E-02
0.9580E+03  0.1927E+01  0.8148E-02
0.9590E+03  0.1927E+01  0.8140E-02
0.9600E+03  0.1927E+01  0.8133E-02
0.9610E+03  0.1927E+01  0.8127E-02
0.9620E+03  0.1927E+01  0.8059E-02
0.9630E+03  0.1927E+01  0.8054E-02
0.9640E+03  0.1927E+01  0.8050E-02
0.9650E+03  0.1927E+01  0.8046E-02
0.9660E+03  0.1927E+01  0.8042E-02
0.9670E+03  0.1927E+01  0.7977E-02
0.9680E+03  0.1927E+01  0.7975E-02
0.9690E+03  0.1927E+01  0.7973E-02
0.9700E+03  0.1927E+01  0.7972E-02
0.9710E+03  0.1927E+01  0.7972E-02
0.9720E+03  0.1927E+01  0.7972E-02
0.9730E+03  0.1927E+01  0.7973E-02
0.9740E+03  0.1927E+01  0.8038E-02
0.9750E+03  0.1927E+01  0.8040E-02
0.9760E+03  0.1927E+01  0.8038E-02
0.9770E+03  0.1927E+01  0.8027E-02
0.9780E+03  0.1927E+01  0.8009E-02
0.9790E+03  0.1928E+01  0.8046E-02
0.9800E+03  0.1928E+01  0.8012E-02
0.9810E+03  0.1929E+01  0.7970E-02
0.9820E+03  0.1929E+01  0.7985E-02
0.9830E+03  0.1930E+01  0.7929E-02
0.9840E+03  0.1930E+01  0.7867E-02
0.9850E+03  0.1931E+01  0.7862E-02
0.9860E+03  0.1932E+01  0.7786E-02
0.9870E+03  0.1933E+01  0.7770E-02
0.9880E+03  0.1933E+01  0.7683E-02
0.9890E+03  0.1934E+01  0.7657E-02
0.9900E+03  0.1935E+01  0.7625E-02
0.9910E+03  0.1936E+01  0.7525E-02
0.9920E+03  0.1937E+01  0.7485E-02
0.9930E+03  0.1938E+01  0.7442E-02
0.9940E+03  0.1939E+01  0.7330E-02
0.9950E+03  0.1940E+01  0.7281E-02
0.9960E+03  0.1941E+01  0.7229E-02
0.9970E+03  0.1943E+01  0.7176E-02
0.9980E+03  0.1944E+01  0.7120E-02
0.9990E+03  0.1945E+01  0.7064E-02
0.1000E+04  0.1946E+01  0.6941E-02
