451.00	0.76365
452.00	0.76352
453.00	0.76343
454.00	0.76338
455.00	0.76337
456.00	0.76341
457.00	0.76348
458.00	0.76358
459.00	0.76373
460.00	0.76392
461.00	0.76414
462.00	0.76440
463.00	0.76469
464.00	0.76502
465.00	0.76538
466.00	0.76578
467.00	0.76621
468.00	0.76667
469.00	0.76716
470.00	0.76769
471.00	0.76824
472.00	0.76883
473.00	0.76944
474.00	0.77009
475.00	0.77076
476.00	0.77146
477.00	0.77218
478.00	0.77293
479.00	0.77371
480.00	0.77451
481.00	0.77535
482.00	0.77621
483.00	0.77709
484.00	0.77796
485.00	0.77887
486.00	0.77980
487.00	0.78076
488.00	0.78173
489.00	0.78273
490.00	0.78375
491.00	0.78480
492.00	0.78585
493.00	0.78691
494.00	0.78798
495.00	0.78906
496.00	0.79016
497.00	0.79129
498.00	0.79243
499.00	0.79356
500.00	0.79472
501.00	0.79590
502.00	0.79708
503.00	0.79826
504.00	0.79946
505.00	0.80066
506.00	0.80187
507.00	0.80308
508.00	0.80429
509.00	0.80552
510.00	0.80677
511.00	0.80800
512.00	0.80925
513.00	0.81050
514.00	0.81175
515.00	0.81299
516.00	0.81423
517.00	0.81548
518.00	0.81672
519.00	0.81795
520.00	0.81918
521.00	0.82043
522.00	0.82167
523.00	0.82292
524.00	0.82416
525.00	0.82541
526.00	0.82663
527.00	0.82786
528.00	0.82909
529.00	0.83030
530.00	0.83153
531.00	0.83274
532.00	0.83393
533.00	0.83512
534.00	0.83633
535.00	0.83751
536.00	0.83869
537.00	0.83986
538.00	0.84103
539.00	0.84218
540.00	0.84332
541.00	0.84445
542.00	0.84557
543.00	0.84666
544.00	0.84774
545.00	0.84884
546.00	0.84993
547.00	0.85099
548.00	0.85205
549.00	0.85310
550.00	0.85412
551.00	0.85513
552.00	0.85614
553.00	0.85713
554.00	0.85810
555.00	0.85906
556.00	0.86001
557.00	0.86095
558.00	0.86186
559.00	0.86275
560.00	0.86365
561.00	0.86452
562.00	0.86539
563.00	0.86621
564.00	0.86703
565.00	0.86782
566.00	0.86861
567.00	0.86940
568.00	0.87017
569.00	0.87093
570.00	0.87166
571.00	0.87236
572.00	0.87306
573.00	0.87372
574.00	0.87438
575.00	0.87501
576.00	0.87565
577.00	0.87626
578.00	0.87686
579.00	0.87744
580.00	0.87802
581.00	0.87858
582.00	0.87912
583.00	0.87963
584.00	0.88013
585.00	0.88060
586.00	0.88106
587.00	0.88152
588.00	0.88198
589.00	0.88240
590.00	0.88282
591.00	0.88323
592.00	0.88364
593.00	0.88400
594.00	0.88437
595.00	0.88472
596.00	0.88506
597.00	0.88536
598.00	0.88565
599.00	0.88592
600.00	0.88619
601.00	0.88644
602.00	0.88667
603.00	0.88688
604.00	0.88710
605.00	0.88731
606.00	0.88749
607.00	0.88765
608.00	0.88780
609.00	0.88795
610.00	0.88809
611.00	0.88821
612.00	0.88833
613.00	0.88843
614.00	0.88851
615.00	0.88858
616.00	0.88863
617.00	0.88867
618.00	0.88868
619.00	0.88868
620.00	0.88868
621.00	0.88866
622.00	0.88863
623.00	0.88859
624.00	0.88857
625.00	0.88850
626.00	0.88844
627.00	0.88838
628.00	0.88831
629.00	0.88820
630.00	0.88806
631.00	0.88793
632.00	0.88779
633.00	0.88764
634.00	0.88751
635.00	0.88737
636.00	0.88721
637.00	0.88702
638.00	0.88684
639.00	0.88663
640.00	0.88641
641.00	0.88618
642.00	0.88593
643.00	0.88569
644.00	0.88548
645.00	0.88525
646.00	0.88501
647.00	0.88477
648.00	0.88453
649.00	0.88426
650.00	0.88398
651.00	0.88369
652.00	0.88340
653.00	0.88309
654.00	0.88279
655.00	0.88249
656.00	0.88218
657.00	0.88187
658.00	0.88157
659.00	0.88129
660.00	0.88099
661.00	0.88068
662.00	0.88035
663.00	0.88002
664.00	0.87969
665.00	0.87932
666.00	0.87894
667.00	0.87859
668.00	0.87824
669.00	0.87788
670.00	0.87750
671.00	0.87709
672.00	0.87669
673.00	0.87628
674.00	0.87588
675.00	0.87547
676.00	0.87504
677.00	0.87462
678.00	0.87421
679.00	0.87379
680.00	0.87337
681.00	0.87294
682.00	0.87252
683.00	0.87209
684.00	0.87166
685.00	0.87123
686.00	0.87080
687.00	0.87037
688.00	0.86991
689.00	0.86944
690.00	0.86899
691.00	0.86855
692.00	0.86811
693.00	0.86767
694.00	0.86722
695.00	0.86675
696.00	0.86629
697.00	0.86584
698.00	0.86540
699.00	0.86498
700.00	0.86455
701.00	0.86412
702.00	0.86369
703.00	0.86328
704.00	0.86288
705.00	0.86245
706.00	0.86202
707.00	0.86159
708.00	0.86113
709.00	0.86069
710.00	0.86028
711.00	0.85986
712.00	0.85946
713.00	0.85905
714.00	0.85865
715.00	0.85824
716.00	0.85783
717.00	0.85742
718.00	0.85703
719.00	0.85664
720.00	0.85625
721.00	0.85584
722.00	0.85545
723.00	0.85505
724.00	0.85462
725.00	0.85420
726.00	0.85379
727.00	0.85338
728.00	0.85297
729.00	0.85256
730.00	0.85213
731.00	0.85168
732.00	0.85128
733.00	0.85088
734.00	0.85045
735.00	0.85007
736.00	0.84968
737.00	0.84932
738.00	0.84893
739.00	0.84854
740.00	0.84817
741.00	0.84779
742.00	0.84746
743.00	0.84710
744.00	0.84673
745.00	0.84637
746.00	0.84600
747.00	0.84567
748.00	0.84534
749.00	0.84501
750.00	0.84466
751.00	0.84432
752.00	0.84396
753.00	0.84360
754.00	0.84326
755.00	0.84296
756.00	0.84266
757.00	0.84235
758.00	0.84205
759.00	0.84174
760.00	0.84139
761.00	0.84106
762.00	0.84078
763.00	0.84048
764.00	0.84019
765.00	0.83984
766.00	0.83950
767.00	0.83919
768.00	0.83891
769.00	0.83865
770.00	0.83842
771.00	0.83815
772.00	0.83789
773.00	0.83756
774.00	0.83722
775.00	0.83691
776.00	0.83667
777.00	0.83642
778.00	0.83617
779.00	0.83589
780.00	0.83558
781.00	0.83526
782.00	0.83491
783.00	0.83460
784.00	0.83429
785.00	0.83402
786.00	0.83379
787.00	0.83352
788.00	0.83329
789.00	0.83303
790.00	0.83279
791.00	0.83260
792.00	0.83248
793.00	0.83224
794.00	0.83196
795.00	0.83179
796.00	0.83157
797.00	0.83136
798.00	0.83115
799.00	0.83088
800.00	0.83065
801.00	0.83048
802.00	0.83025
803.00	0.83002
804.00	0.82962
805.00	0.82940
806.00	0.82917
807.00	0.82898
808.00	0.82876
809.00	0.82852
810.00	0.82834
811.00	0.82815
812.00	0.82798
813.00	0.82783
814.00	0.82770
815.00	0.82756
816.00	0.82741
817.00	0.82726
818.00	0.82711
819.00	0.82698
820.00	0.82685
821.00	0.82674
822.00	0.82664
823.00	0.82650
824.00	0.82637
825.00	0.82624
826.00	0.82616
827.00	0.82608
828.00	0.82599
829.00	0.82589
830.00	0.82576
831.00	0.82561
832.00	0.82543
833.00	0.82528
834.00	0.82518
835.00	0.82508
836.00	0.82499
837.00	0.82485
838.00	0.82471
839.00	0.82460
840.00	0.82449
841.00	0.82441
842.00	0.82434
843.00	0.82432
844.00	0.82426
845.00	0.82420
846.00	0.82414
847.00	0.82404
848.00	0.82400
849.00	0.82391
850.00	0.82385
851.00	0.82376
852.00	0.82363
853.00	0.82343
854.00	0.82332
855.00	0.82326
856.00	0.82313
857.00	0.82300
858.00	0.82286
859.00	0.82268
860.00	0.82258
861.00	0.82246
862.00	0.82226
863.00	0.82214
864.00	0.82197
865.00	0.82202
866.00	0.82195
867.00	0.82189
868.00	0.82180
869.00	0.82172
870.00	0.82165
871.00	0.82156
872.00	0.82148
873.00	0.82140
874.00	0.82131
875.00	0.82124
876.00	0.82117
877.00	0.82108
878.00	0.82099
879.00	0.82092
880.00	0.82083
881.00	0.82074
882.00	0.82066
883.00	0.82058
884.00	0.82049
885.00	0.82041
886.00	0.82032
887.00	0.82024
888.00	0.82015
889.00	0.82006
890.00	0.81996
891.00	0.81988
892.00	0.81979
893.00	0.81969
894.00	0.81961
895.00	0.81954
896.00	0.81947
897.00	0.81939
898.00	0.81931
899.00	0.81924
900.00	0.81915
901.00	0.81907
902.00	0.81899
903.00	0.81891
904.00	0.81883
905.00	0.81873
906.00	0.81865
907.00	0.81857
908.00	0.81849
909.00	0.81840
910.00	0.81832
911.00	0.81824
912.00	0.81815
913.00	0.81806
914.00	0.81798
915.00	0.81789
916.00	0.81780
917.00	0.81771
918.00	0.81761
919.00	0.81752
920.00	0.81742
921.00	0.81733
922.00	0.81723
923.00	0.81713
924.00	0.81703
925.00	0.81693
926.00	0.81682
927.00	0.81671
928.00	0.81660
929.00	0.81649
930.00	0.81638
931.00	0.81627
932.00	0.81615
933.00	0.81603
934.00	0.81590
935.00	0.81577
936.00	0.81565
937.00	0.81552
938.00	0.81539
939.00	0.81525
940.00	0.81512
941.00	0.81498
942.00	0.81484
943.00	0.81470
944.00	0.81456
945.00	0.81442
946.00	0.81427
947.00	0.81413
948.00	0.81398
949.00	0.81382
950.00	0.81367
951.00	0.81351
952.00	0.81335
953.00	0.81320
954.00	0.81304
955.00	0.81288
956.00	0.81272
957.00	0.81255
958.00	0.81238
959.00	0.81220
960.00	0.81203
961.00	0.81185
962.00	0.81167
963.00	0.81149
964.00	0.81131
965.00	0.81113
966.00	0.81094
967.00	0.81076
968.00	0.81057
969.00	0.81037
970.00	0.81018
971.00	0.80997
972.00	0.80977
973.00	0.80956
974.00	0.80934
975.00	0.80913
976.00	0.80891
977.00	0.80869
978.00	0.80847
979.00	0.80824
980.00	0.80801
981.00	0.80778
982.00	0.80754
983.00	0.80730
984.00	0.80706
985.00	0.80681
986.00	0.80656
987.00	0.80631
988.00	0.80605
989.00	0.80580
990.00	0.80554
991.00	0.80527
992.00	0.80500
993.00	0.80473
994.00	0.80446
995.00	0.80418
996.00	0.80390
997.00	0.80362
998.00	0.80334
999.00	0.80305
1000.00	0.80275
