ESTIMATED THICKNESSES

Thickness of film 1 = 144.00 nm

ESTIMATED INFLEXION POINTS

Inflexion point of the absorption coefficient of film 1 = 400.00 nm

ESTIMATED REFRACTIVE INDICES AND ABSORPTION COEFFICIENTS

Film 1

lambda                     n                          kappa
2.85000000000000000000e+02 3.81856065857214161952e+01 -1.83205629144589349222e-01
2.97272727272727252057e+02 2.70861681112324923504e+01 -1.59206383059804251756e-01
3.09545454545454560957e+02 1.59867296367436040327e+01 -1.35207136975019154290e-01
3.21818181818181813014e+02 4.88729116225471571511e+00 -1.11207890890234056824e-01
3.34090909090909121915e+02 3.88475050180388681298e+00 -8.72086448054489593584e-02
3.46363636363636373972e+02 2.88220984135305791085e+00 -6.32093987206638618925e-02
3.58636363636363626028e+02 2.83118814468279511587e+00 -3.92101526358787713655e-02
3.70909090909090878085e+02 2.78016644801253232089e+00 -1.52109065510936877774e-02
3.83181818181818186986e+02 2.74088879392564699344e+00 8.78833953369139581069e-03
3.95454545454545495886e+02 2.70161113983876166600e+00 5.85889302246093025134e-03
4.07727272727272747943e+02 2.66233348575187633855e+00 2.92944651123046512567e-03
4.20000000000000000000e+02 2.62305583166499101111e+00 3.11847418986214281594e-23
4.32272727272727252057e+02 2.58377817757810568366e+00 3.03410564302799872716e-23
4.44545454545454560957e+02 2.54450052349122035622e+00 2.94973709619385463839e-23
4.56818181818181813014e+02 2.50522286940433502878e+00 2.86536854935971054961e-23
4.69090909090909121915e+02 2.46594521531744970133e+00 2.78100000252556646083e-23
4.81363636363636373972e+02 2.42666756123056437389e+00 2.69663145569142237206e-23
4.93636363636363626028e+02 2.42666756123056437389e+00 2.61226290885727828328e-23
5.05909090909090934929e+02 2.42666756123056437389e+00 2.52789436202313419450e-23
5.18181818181818243829e+02 2.42666756123056437389e+00 2.44352581518899010573e-23
5.30454545454545495886e+02 2.42666756123056437389e+00 2.35915726835484601695e-23
5.42727272727272747943e+02 2.42666756123056437389e+00 2.27478872152070192817e-23
5.55000000000000000000e+02 2.42666756123056437389e+00 2.19042017468655783939e-23
5.67272727272727252057e+02 2.42666756123056437389e+00 2.10605162785241375062e-23
5.79545454545454504114e+02 2.42666756123056437389e+00 2.02168308101826966184e-23
5.91818181818181756171e+02 2.42666756123056437389e+00 1.93731453418412557306e-23
6.04090909090909121915e+02 2.42666756123056437389e+00 1.85294598734998148429e-23
6.16363636363636373972e+02 2.42666756123056437389e+00 1.76857744051583739551e-23
6.28636363636363626028e+02 2.42666756123056437389e+00 1.68420889368169330673e-23
6.40909090909090991772e+02 2.42666756123056437389e+00 1.59984034684754921796e-23
6.53181818181818243829e+02 2.42666756123056437389e+00 1.51547180001340512918e-23
6.65454545454545495886e+02 2.42666756123056437389e+00 1.43110325317926104040e-23
6.77727272727272747943e+02 2.42666756123056437389e+00 1.34673470634511695163e-23
6.90000000000000000000e+02 2.42666756123056437389e+00 1.26236615951097300979e-23
7.02272727272727252057e+02 2.42666756123056437389e+00 1.17799761267682906794e-23
7.14545454545454504114e+02 2.42666756123056437389e+00 1.09362906584268512610e-23
7.26818181818181869858e+02 2.42666756123056437389e+00 1.00926051900854118426e-23
7.39090909090909121915e+02 2.42666756123056437389e+00 9.24891972174397242425e-24
7.51363636363636373972e+02 2.42666756123056437389e+00 8.40523425340253300584e-24
7.63636363636363739715e+02 2.42666756123056437389e+00 7.56154878506114060722e-24
7.75909090909090991772e+02 2.42666756123056437389e+00 6.71786331671974820859e-24
7.88181818181818243829e+02 2.42666756123056437389e+00 5.87417784848603182718e-24
8.00454545454545495886e+02 2.42666756123056437389e+00 5.03049238025231544577e-24
8.12727272727272747943e+02 2.42666756123056437389e+00 4.19214540392180079381e-24
8.25000000000000000000e+02 2.42666756123056437389e+00 3.35379842759128614184e-24
8.37272727272727252057e+02 2.42666756123056437389e+00 2.51545145126077185721e-24
8.49545454545454617801e+02 2.42666756123056437389e+00 1.67710447493025793993e-24
8.61818181818181869858e+02 2.42666756123056437389e+00 8.38757498599744022648e-25
8.74090909090909121915e+02 2.42666756123056437389e+00 4.10522269229977028852e-28
8.86363636363636373972e+02 2.42666756123056437389e+00 3.98736890232912161120e-28
8.98636363636363626028e+02 2.42666756123056437389e+00 3.86951511235847293388e-28
9.10909090909090991772e+02 2.42666756123056437389e+00 3.78419914570028245749e-28
9.23181818181818243829e+02 2.42666756123056437389e+00 3.69888317904209198110e-28
9.35454545454545495886e+02 2.42666756123056437389e+00 3.61356721238390150471e-28
9.47727272727272747943e+02 2.42666756123056437389e+00 3.52825124572571102832e-28
9.60000000000000000000e+02 2.42666756123056437389e+00 3.44293528077082686128e-28
9.72272727272727252057e+02 2.42666756123056437389e+00 3.35761931581594269425e-28
9.84545454545454617801e+02 2.42666756123056437389e+00 3.27230335086105852721e-28
9.96818181818181869858e+02 2.42666756123056437389e+00 3.18698835286811164202e-28
1.00909090909090912191e+03 2.42666756123056437389e+00 3.10167335487516475683e-28
1.02136363636363637397e+03 2.42666756123056437389e+00 3.01635835688221787164e-28
1.03363636363636351234e+03 2.42666756123056437389e+00 2.93104335888927098646e-28
1.04590909090909099177e+03 2.42666756123056437389e+00 2.84572836089632410127e-28
1.05818181818181824383e+03 2.42666756123056437389e+00 2.76041336290337721608e-28
1.07045454545454549589e+03 2.42666756123056437389e+00 2.67509836491043033089e-28
1.08272727272727274794e+03 2.42666756123056437389e+00 2.58978336691748344570e-28
1.09500000000000000000e+03 2.42666756123056437389e+00 2.50446836892453656051e-28
1.10727272727272747943e+03 2.42666756123056437389e+00 2.41915337093158967532e-28
1.11954545454545450411e+03 2.42666756123056437389e+00 2.33383837293864279013e-28
1.13181818181818198354e+03 2.42666756123056437389e+00 2.24852337494569590494e-28
1.14409090909090900823e+03 2.42666756123056437389e+00 2.16320837695274901976e-28
1.15636363636363648766e+03 2.42666756123056437389e+00 2.07789337895980213457e-28
1.16863636363636373972e+03 2.42666756123056437389e+00 1.99257838096685547359e-28
1.18090909090909099177e+03 2.42666756123056437389e+00 1.90726338297390858840e-28
1.19318181818181824383e+03 2.42666756123056437389e+00 1.82619609556677596056e-28
1.20545454545454549589e+03 2.42666756123056437389e+00 1.74512880815964333271e-28
1.21772727272727274794e+03 2.42666756123056437389e+00 1.66406156472709165586e-28
1.23000000000000000000e+03 2.42666756123056437389e+00 1.58299432129453997900e-28
1.24227272727272747943e+03 2.42666756123056437389e+00 1.50192707786198830214e-28
1.25454545454545450411e+03 2.42666756123056437389e+00 1.42287325300768321547e-28
1.26681818181818198354e+03 2.42666756123056437389e+00 1.34381942815337812880e-28
1.27909090909090900823e+03 2.42666756123056437389e+00 1.26476560329907304214e-28
1.29136363636363648766e+03 2.42666756123056437389e+00 1.18571603461238186345e-28
1.30363636363636373972e+03 2.42666756123056437389e+00 1.10666646592569068477e-28
1.31590909090909099177e+03 2.42666756123056437389e+00 1.02761881900646886508e-28
1.32818181818181824383e+03 2.42666756123056437389e+00 9.48571172087247045398e-29
1.34045454545454549589e+03 2.42666756123056437389e+00 8.69523525168025225712e-29
1.35272727272727274794e+03 2.42666756123056437389e+00 7.90475878249431524049e-29
1.36500000000000000000e+03 2.42666756123056437389e+00 7.11428231330837822387e-29
1.37727272727272725206e+03 2.42666756123056437389e+00 6.32380650000859970942e-29
1.38954545454545450411e+03 2.42666756123056437389e+00 5.53333068670882119497e-29
1.40181818181818198354e+03 2.42666756123056437389e+00 4.74285487432184737914e-29
1.41409090909090923560e+03 2.42666756123056437389e+00 3.95237906193487300279e-29
1.42636363636363648766e+03 2.42666756123056437389e+00 3.16190324954789862644e-29
1.43863636363636373972e+03 2.42666756123056437389e+00 2.37142743716092425009e-29
1.45090909090909099177e+03 2.42666756123056437389e+00 1.58095162477394959348e-29
1.46318181818181824383e+03 2.42666756123056437389e+00 7.90475812386974796739e-30
1.47545454545454549589e+03 2.42666756123056437389e+00 7.43800185048641154511e-48
1.48772727272727274794e+03 2.42666756123056437389e+00 7.43800185048641154511e-48
1.50000000000000000000e+03 2.42666756123056437389e+00 7.43800185048641154511e-48


TRANSMITTANCE WITH THE ESTIMATED THICKNESSES AND OPTICAL PARAMETERS

lambda                     t
2.85000000000000000000e+02 3.61019638563172921841e-03
2.97272727272727252057e+02 1.38576465486995158843e-02
3.09545454545454560957e+02 1.26381546636937430739e-01
3.21818181818181813014e+02 3.45667763474698852555e-01
3.34090909090909121915e+02 5.31162381232907820916e-01
3.46363636363636373972e+02 7.08394817159290979269e-01
3.58636363636363626028e+02 7.85705047701897529855e-01
3.70909090909090878085e+02 8.61098541924675053849e-01
3.83181818181818186986e+02 8.42874885303910525991e-01
3.95454545454545495886e+02 8.74012048843000322051e-01
4.07727272727272747943e+02 8.31273443445535664686e-01
4.20000000000000000000e+02 7.61435782698064222984e-01
4.32272727272727252057e+02 6.92974266544405081980e-01
4.44545454545454560957e+02 6.48766781939820957881e-01
4.56818181818181813014e+02 6.28007961216412002869e-01
4.69090909090909121915e+02 6.27146585785317345341e-01
4.81363636363636373972e+02 6.42564846589801175192e-01
4.93636363636363626028e+02 6.51411524542067965626e-01
5.05909090909090934929e+02 6.64352879308544697068e-01
5.18181818181818243829e+02 6.80680134835799699466e-01
5.30454545454545495886e+02 6.99711657966424760424e-01
5.42727272727272747943e+02 7.20774108917387135165e-01
5.55000000000000000000e+02 7.43192444567089882668e-01
5.67272727272727252057e+02 7.66289435210569469525e-01
5.79545454545454504114e+02 7.89394257531652709936e-01
5.91818181818181756171e+02 8.11858705173515327047e-01
6.04090909090909121915e+02 8.33078591725071038177e-01
6.16363636363636373972e+02 8.52517167167603173716e-01
6.28636363636363626028e+02 8.69727038326803536528e-01
6.40909090909090991772e+02 8.84367325593052977517e-01
6.53181818181818243829e+02 8.96213607186689964479e-01
6.65454545454545495886e+02 9.05159437064824157204e-01
6.77727272727272747943e+02 9.11209591982447109082e-01
6.90000000000000000000e+02 9.14466401294308117720e-01
7.02272727272727252057e+02 9.15111308269642820257e-01
7.14545454545454504114e+02 9.13384107676853629343e-01
7.26818181818181869858e+02 9.09562143823938185072e-01
7.39090909090909121915e+02 9.03941274571309016928e-01
7.51363636363636373972e+02 8.96819782096987538900e-01
7.63636363636363739715e+02 8.88485792199097290656e-01
7.75909090909090991772e+02 8.79208252135092238611e-01
7.88181818181818243829e+02 8.69231158056993913341e-01
8.00454545454545495886e+02 8.58770517916985665074e-01
8.12727272727272747943e+02 8.48013458046648849198e-01
8.25000000000000000000e+02 8.37118894472736685408e-01
8.37272727272727252057e+02 8.26219257228321013464e-01
8.49545454545454617801e+02 8.15422848161154290025e-01
8.61818181818181869858e+02 8.04816509537825020004e-01
8.74090909090909121915e+02 7.94468369722438949587e-01
8.86363636363636373972e+02 7.84430507310027946843e-01
8.98636363636363626028e+02 7.74741434546681762008e-01
9.10909090909090991772e+02 7.65428345456384162659e-01
9.23181818181818243829e+02 7.56509105878000798207e-01
9.35454545454545495886e+02 7.47993984083798690854e-01
9.47727272727272747943e+02 7.39887134229930354401e-01
9.60000000000000000000e+02 7.32187852699445751448e-01
9.72272727272727252057e+02 7.24891631166145411491e-01
9.84545454545454617801e+02 7.17991031268506052498e-01
9.96818181818181869858e+02 7.11476405128097844077e-01
1.00909090909090912191e+03 7.05336484285180809195e-01
1.02136363636363637397e+03 6.99558857444469106568e-01
1.03363636363636351234e+03 6.94130355050984304555e-01
1.04590909090909099177e+03 6.89037356354724073171e-01
1.05818181818181824383e+03 6.84266032395497103558e-01
1.07045454545454549589e+03 6.79802536310392779839e-01
1.08272727272727274794e+03 6.75633150563456630344e-01
1.09500000000000000000e+03 6.71744399123831104070e-01
1.10727272727272747943e+03 6.68123131264556913145e-01
1.11954545454545450411e+03 6.64756582501283221909e-01
1.13181818181818198354e+03 6.61632417216812096505e-01
1.14409090909090900823e+03 6.58738756701326089171e-01
1.15636363636363648766e+03 6.56064195657746984658e-01
1.16863636363636373972e+03 6.53597809657062600586e-01
1.18090909090909099177e+03 6.51329155561714556733e-01
1.19318181818181824383e+03 6.49248266550629504756e-01
1.20545454545454549589e+03 6.47345643063608311429e-01
1.21772727272727274794e+03 6.45612240723990815638e-01
1.23000000000000000000e+03 6.44039456086995754092e-01
1.24227272727272747943e+03 6.42619110888585698405e-01
1.25454545454545450411e+03 6.41343435329354116803e-01
1.26681818181818198354e+03 6.40205050813907328155e-01
1.27909090909090900823e+03 6.39196952473868207356e-01
1.29136363636363648766e+03 6.38312491727994535395e-01
1.30363636363636373972e+03 6.37545359072735240424e-01
1.31590909090909099177e+03 6.36889567248217436379e-01
1.32818181818181824383e+03 6.36339434885930033126e-01
1.34045454545454549589e+03 6.35889570713504492794e-01
1.35272727272727274794e+03 6.35534858367481469976e-01
1.36500000000000000000e+03 6.35270441845612210408e-01
1.37727272727272725206e+03 6.35091711615082044062e-01
1.38954545454545450411e+03 6.34994291381279718500e-01
1.40181818181818198354e+03 6.34974025512682338501e-01
1.41409090909090923560e+03 6.35026967110578710596e-01
1.42636363636363648766e+03 6.35149366707258189457e-01
1.43863636363636373972e+03 6.35337661572633938256e-01
1.45090909090909099177e+03 6.35588465606655383944e-01
1.46318181818181824383e+03 6.35898559793257378558e-01
1.47545454545454549589e+03 6.36264883190547636538e-01
1.48772727272727274794e+03 6.36684524431547105294e-01
1.50000000000000000000e+03 6.37154713709765063712e-01


QUADRATIC ERROR = 9.235911e-01
