ESTIMATED THICKNESSES

Thickness of film 1 = 151.00 nm

ESTIMATED INFLEXION POINTS

Inflexion point of the absorption coefficient of film 1 = 471.00 nm

ESTIMATED REFRACTIVE INDICES AND ABSORPTION COEFFICIENTS

Film 1

lambda                     n                          kappa
3.75000000000000000000e+02 2.04153712054693237121e+00 -2.42995858266327746655e-02
3.82323232323232332419e+02 2.00035607279128369029e+00 -2.04012119752452238119e-02
3.89646464646464664838e+02 1.95917502503563523142e+00 -1.65028381238576729584e-02
3.96969696969696997257e+02 1.95917502503563523142e+00 -1.26044642724701221048e-02
4.04292929292929272833e+02 1.95917502503563523142e+00 -8.70609042108257125125e-03
4.11616161616161605252e+02 1.95917502503563523142e+00 -4.80771656969502039769e-03
4.18939393939393937671e+02 1.95917502503563523142e+00 -9.09342718307469544126e-04
4.26262626262626270091e+02 1.95917502503563523142e+00 2.98903113308008130944e-03
4.33585858585858602510e+02 1.95917502503563523142e+00 6.88740498446763216300e-03
4.40909090909090878085e+02 1.95917502503563523142e+00 1.07857788358551830166e-02
4.48232323232323210505e+02 1.95917502503563523142e+00 1.46841526872427338701e-02
4.55555555555555542924e+02 1.95917502503563523142e+00 1.85825265386302847237e-02
4.62878787878787875343e+02 1.95917502503563523142e+00 2.24809003900178355773e-02
4.70202020202020207762e+02 1.95917502503563523142e+00 2.34013270869094167081e-02
4.77525252525252540181e+02 1.95917502503563523142e+00 2.43217537838009978390e-02
4.84848484848484872600e+02 1.95917502503563523142e+00 2.34214219156899904062e-02
4.92171717171717205019e+02 1.95917502503563523142e+00 2.25210900475789829733e-02
4.99494949494949480595e+02 1.95917502503563523142e+00 2.16207581794679755405e-02
5.06818181818181813014e+02 1.95917502503563523142e+00 2.07204263113569681076e-02
5.14141414141414088590e+02 1.95917502503563523142e+00 1.98200944432459606748e-02
5.21464646464646421009e+02 1.95917502503563523142e+00 1.89197625751349532419e-02
5.28787878787878753428e+02 1.95917502503563523142e+00 1.80194307070239458091e-02
5.36111111111111085847e+02 1.95917502503563523142e+00 1.71190988389129383762e-02
5.43434343434343418267e+02 1.95917502503563523142e+00 1.62187669708019309434e-02
5.50757575757575750686e+02 1.95917502503563523142e+00 1.53184351026909217758e-02
5.58080808080808083105e+02 1.95917502503563523142e+00 1.44181032345799126082e-02
5.65404040404040415524e+02 1.95917502503563523142e+00 1.35177713664689034406e-02
5.72727272727272747943e+02 1.95917502503563523142e+00 1.26174394983578942731e-02
5.80050505050505080362e+02 1.95917502503563523142e+00 1.17619893980042064530e-02
5.87373737373737412781e+02 1.95917502503563523142e+00 1.09065392976505186329e-02
5.94696969696969745200e+02 1.95917502503563523142e+00 1.00510891972968308128e-02
6.02020202020202077620e+02 1.95917502503563523142e+00 9.82265535190372449104e-03
6.09343434343434410039e+02 1.95917502503563523142e+00 9.59422150651061816928e-03
6.16666666666666742458e+02 1.95917502503563523142e+00 9.36578766111751184753e-03
6.23989898989898961190e+02 1.95917502503563523142e+00 9.13735381572440552578e-03
6.31313131313131407296e+02 1.95917502503563523142e+00 8.90891997033129920402e-03
6.38636363636363626028e+02 1.95917502503563523142e+00 8.68048612493819288227e-03
6.45959595959595958448e+02 1.95917502503563523142e+00 8.45205227954508656052e-03
6.53282828282828290867e+02 1.95917502503563523142e+00 8.22361843415198023877e-03
6.60606060606060623286e+02 1.95917502503563523142e+00 7.99518458875887391701e-03
6.67929292929292955705e+02 1.95917502503563523142e+00 7.76675074336576672790e-03
6.75252525252525288124e+02 1.95917502503563523142e+00 7.53831689797265953878e-03
6.82575757575757506856e+02 1.95917502503563523142e+00 7.30988305257955234967e-03
6.89898989898989839276e+02 1.95917502503563523142e+00 7.08144920718644516056e-03
6.97222222222222171695e+02 1.95917502503563523142e+00 6.85301536179333797144e-03
7.04545454545454504114e+02 1.95917502503563523142e+00 6.62458151640023078233e-03
7.11868686868686836533e+02 1.95917502503563523142e+00 6.39614767100712359321e-03
7.19191919191919168952e+02 1.95917502503563523142e+00 6.16771382561401640410e-03
7.26515151515151501371e+02 1.95917502503563523142e+00 5.93927998022090921498e-03
7.33838383838383833790e+02 1.95917502503563523142e+00 5.71084613482780202587e-03
7.41161616161616166210e+02 1.95917502503563523142e+00 5.48241228943469483675e-03
7.48484848484848498629e+02 1.95917502503563523142e+00 5.25397844404158764764e-03
7.55808080808080831048e+02 1.95917502503563523142e+00 5.02554459864848045852e-03
7.63131313131313163467e+02 1.95917502503563523142e+00 4.79711075325537326941e-03
7.70454545454545495886e+02 1.95917502503563523142e+00 4.56867690786226608030e-03
7.77777777777777828305e+02 1.95917502503563523142e+00 4.34024306246915889118e-03
7.85101010101010160724e+02 1.95917502503563523142e+00 4.11180921707605170207e-03
7.92424242424242493144e+02 1.95917502503563523142e+00 3.88337537168294451295e-03
7.99747474747474825563e+02 1.95917502503563523142e+00 3.65494152628983732384e-03
8.07070707070707157982e+02 1.95917502503563523142e+00 3.42650768089673013472e-03
8.14393939393939490401e+02 1.95917502503563523142e+00 3.19807383550362294561e-03
8.21717171717171709133e+02 1.95917502503563523142e+00 2.96963999011051575649e-03
8.29040404040404041552e+02 1.95917502503563523142e+00 2.74120614471740856738e-03
8.36363636363636373972e+02 1.95917502503563523142e+00 2.51277229932430137826e-03
8.43686868686868706391e+02 1.95917502503563523142e+00 2.28433845393119418915e-03
8.51010101010101038810e+02 1.95917502503563523142e+00 2.05590460853808700004e-03
8.58333333333333371229e+02 1.95917502503563523142e+00 1.82747076314497959408e-03
8.65656565656565703648e+02 1.95917502503563523142e+00 1.59903691775187218813e-03
8.72979797979797922380e+02 1.95917502503563523142e+00 1.37060307235876478217e-03
8.80303030303030254800e+02 1.95917502503563523142e+00 1.14216922696565737622e-03
8.87626262626262700905e+02 1.95917502503563523142e+00 9.13735381572549970261e-04
8.94949494949494919638e+02 1.95917502503563523142e+00 6.85301536179442564306e-04
9.02272727272727252057e+02 1.95917502503563523142e+00 4.56867690786335158351e-04
9.09595959595959584476e+02 1.95917502503563523142e+00 2.28433845393227698186e-04
9.16919191919191916895e+02 1.95917502503563523142e+00 1.20212093915324984466e-16
9.24242424242424249314e+02 1.95917502503563523142e+00 1.20212093915324984466e-16
9.31565656565656581733e+02 1.95917502503563523142e+00 1.20212093915324984466e-16
9.38888888888888914153e+02 1.95917502503563523142e+00 1.20212093915324984466e-16
9.46212121212121246572e+02 1.95917502503563523142e+00 1.20212093915324984466e-16
9.53535353535353578991e+02 1.95917502503563523142e+00 1.20212093915324984466e-16
9.60858585858585911410e+02 1.95917502503563523142e+00 1.20212093915324984466e-16
9.68181818181818243829e+02 1.95917502503563523142e+00 1.20212093915324984466e-16
9.75505050505050576248e+02 1.95917502503563523142e+00 1.20212093915324984466e-16
9.82828282828282908667e+02 1.95917502503563523142e+00 1.20212093915324984466e-16
9.90151515151515127400e+02 1.95917502503563523142e+00 1.20212093915324984466e-16
9.97474747474747459819e+02 1.95917502503563523142e+00 1.20212093915324984466e-16
1.00479797979797979224e+03 1.95917502503563523142e+00 1.20212093915324984466e-16
1.01212121212121212466e+03 1.95917502503563523142e+00 1.20212093915324984466e-16
1.01944444444444445708e+03 1.95917502503563523142e+00 1.20212093915324984466e-16
1.02676767676767667581e+03 1.95917502503563523142e+00 1.20212093915324984466e-16
1.03409090909090900823e+03 1.95917502503563523142e+00 1.20212093915324984466e-16
1.04141414141414134065e+03 1.95917502503563523142e+00 1.20212093915324984466e-16
1.04873737373737367307e+03 1.95917502503563523142e+00 1.20212093915324984466e-16
1.05606060606060600549e+03 1.95917502503563523142e+00 1.20212093915324984466e-16
1.06338383838383833790e+03 1.95917502503563523142e+00 1.20212093915324984466e-16
1.07070707070707067032e+03 1.95917502503563523142e+00 1.20212093915324984466e-16
1.07803030303030300274e+03 1.95917502503563523142e+00 1.20212093915324984466e-16
1.08535353535353533516e+03 1.95917502503563523142e+00 1.20212093915324984466e-16
1.09267676767676766758e+03 1.95917502503563523142e+00 1.20212093915324984466e-16
1.10000000000000000000e+03 1.95917502503563523142e+00 1.20212093915324984466e-16


TRANSMITTANCE WITH THE ESTIMATED THICKNESSES AND OPTICAL PARAMETERS

lambda                     t
3.75000000000000000000e+02 8.80118046086503902359e-01
3.82323232323232332419e+02 8.58694352837540475498e-01
3.89646464646464664838e+02 8.50596625030413555635e-01
3.96969696969696997257e+02 8.34740407482493340652e-01
4.04292929292929272833e+02 8.21159234176643382241e-01
4.11616161616161605252e+02 8.09474536010626799509e-01
4.18939393939393937671e+02 7.99357024799372872792e-01
4.26262626262626270091e+02 7.90521744321056374361e-01
4.33585858585858602510e+02 7.82723298710649828536e-01
4.40909090909090878085e+02 7.75751457154087331602e-01
4.48232323232323210505e+02 7.69427191131531129642e-01
4.55555555555555542924e+02 7.63599129547859689637e-01
4.62878787878787875343e+02 7.58140387214864319709e-01
4.70202020202020207762e+02 7.62467552495748823738e-01
4.77525252525252540181e+02 7.66817418968281261371e-01
4.84848484848484872600e+02 7.76971234513867070604e-01
4.92171717171717205019e+02 7.87001295440794002012e-01
4.99494949494949480595e+02 7.96824510880635550336e-01
5.06818181818181813014e+02 8.06365707577984425214e-01
5.14141414141414088590e+02 8.15558209796549249404e-01
5.21464646464646421009e+02 8.24344241759059292995e-01
5.28787878787878753428e+02 8.32675145450949449888e-01
5.36111111111111085847e+02 8.40511413343737912029e-01
5.43434343434343418267e+02 8.47822542735568007721e-01
5.50757575757575750686e+02 8.54586725170031757948e-01
5.58080808080808083105e+02 8.60790390170939501147e-01
5.65404040404040415524e+02 8.66427626911060788650e-01
5.72727272727272747943e+02 8.71499510206381278188e-01
5.80050505050505080362e+02 8.75872927085286412385e-01
5.87373737373737412781e+02 8.79704468036843434398e-01
5.94696969696969745200e+02 8.83011954910500773686e-01
6.02020202020202077620e+02 8.83933820261707525745e-01
6.09343434343434410039e+02 8.84438515682603121348e-01
6.16666666666666742458e+02 8.84555600910541528492e-01
6.23989898989898961190e+02 8.84315399672512381102e-01
6.31313131313131407296e+02 8.83748471069597973937e-01
6.38636363636363626028e+02 8.82885158941854930603e-01
6.45959595959595958448e+02 8.81755216380793460651e-01
6.53282828282828290867e+02 8.80387500849720394669e-01
6.60606060606060623286e+02 8.78809734185489688230e-01
6.67929292929292955705e+02 8.77048321026472232909e-01
6.75252525252525288124e+02 8.75128218868494456295e-01
6.82575757575757506856e+02 8.73072852917770481085e-01
6.89898989898989839276e+02 8.70904069115240653254e-01
6.97222222222222171695e+02 8.68642119084317210209e-01
7.04545454545454504114e+02 8.66305671246869746227e-01
7.11868686868686836533e+02 8.63911842912664873495e-01
7.19191919191919168952e+02 8.61476248737528926824e-01
7.26515151515151501371e+02 8.59013061535944699720e-01
7.33838383838383833790e+02 8.56535082003396230910e-01
7.41161616161616166210e+02 8.54053814437865765896e-01
7.48484848484848498629e+02 8.51579546039265222745e-01
7.55808080808080831048e+02 8.49121427805440198711e-01
7.63131313131313163467e+02 8.46687555432027449953e-01
7.70454545454545495886e+02 8.44285048961765149933e-01
7.77777777777777828305e+02 8.41920130219226736656e-01
7.85101010101010160724e+02 8.39598197312932614800e-01
7.92424242424242493144e+02 8.37323895692429154280e-01
7.99747474747474825563e+02 8.35101185417729707794e-01
8.07070707070707157982e+02 8.32933404436631108503e-01
8.14393939393939490401e+02 8.30823327776355924357e-01
8.21717171717171709133e+02 8.28773222643390927722e-01
8.29040404040404041552e+02 8.26784899493104852297e-01
8.36363636363636373972e+02 8.24859759181830187735e-01
8.43686868686868706391e+02 8.22998836351511164899e-01
8.51010101010101038810e+02 8.21202839223175273808e-01
8.58333333333333371229e+02 8.19472185992600632432e-01
8.65656565656565703648e+02 8.17807038031317046212e-01
8.72979797979797922380e+02 8.16207330100222394620e-01
8.80303030303030254800e+02 8.14672797782675095490e-01
8.87626262626262700905e+02 8.13203002340226244193e-01
8.94949494949494919638e+02 8.11797353187883152792e-01
9.02272727272727252057e+02 8.10455128177759998032e-01
9.09595959595959584476e+02 8.09175491870703256225e-01
9.16919191919191916895e+02 8.07957511965467056747e-01
9.24242424242424249314e+02 8.06467783387974090914e-01
9.31565656565656581733e+02 8.05043925381179636958e-01
9.38888888888888914153e+02 8.03684413693252275301e-01
9.46212121212121246572e+02 8.02387700703135253733e-01
9.53535353535353578991e+02 8.01152223555908427066e-01
9.60858585858585911410e+02 7.99976411303620849047e-01
9.68181818181818243829e+02 7.98858691153342515001e-01
9.75505050505050576248e+02 7.97797493914826794104e-01
9.82828282828282908667e+02 7.96791258731549323358e-01
9.90151515151515127400e+02 7.95838437170926615849e-01
9.97474747474747459819e+02 7.94937496742243232539e-01
1.00479797979797979224e+03 7.94086923904159136534e-01
1.01212121212121212466e+03 7.93285226617560290663e-01
1.01944444444444445708e+03 7.92530936494005744386e-01
1.02676767676767667581e+03 7.91822610584976716019e-01
1.03409090909090900823e+03 7.91158832852559834592e-01
1.04141414141414134065e+03 7.90538215358070894823e-01
1.04873737373737367307e+03 7.89959399201365597420e-01
1.05606060606060600549e+03 7.89421055240212221626e-01
1.06338383838383833790e+03 7.88921884616019974956e-01
1.07070707070707067032e+03 7.88460619109496718693e-01
1.07803030303030300274e+03 7.88036021347279791449e-01
1.08535353535353533516e+03 7.87646884878380748596e-01
1.09267676767676766758e+03 7.87292034137251350856e-01
1.10000000000000000000e+03 7.86970324308474911135e-01


QUADRATIC ERROR = 6.764501e-03
