ESTIMATED THICKNESSES

Thickness of film 1 = 146.00 nm

ESTIMATED INFLEXION POINTS

Inflexion point of the absorption coefficient of film 1 = 495.00 nm

ESTIMATED REFRACTIVE INDICES AND ABSORPTION COEFFICIENTS

Film 1

lambda                     n                          kappa
4.00000000000000000000e+02 2.04367751826596144582e+00 -2.43271001464480315923e-02
4.05042016806722699584e+02 2.04208872585066902872e+00 -2.02752844394857231758e-02
4.10084033613445399169e+02 2.04049993343537661161e+00 -1.62234687325234147592e-02
4.15126050420168041910e+02 2.03891114102008419451e+00 -1.21716530255611046080e-02
4.20168067226890741495e+02 2.03732234860479177740e+00 -8.11983731859879445669e-03
4.25210084033613441079e+02 2.03573355618949936030e+00 -4.06802161163648430542e-03
4.30252100840336140664e+02 2.03414476377420694320e+00 -1.62059046741741541453e-05
4.35294117647058840248e+02 2.03255597135891452609e+00 3.37211792715400460879e-03
4.40336134453781482989e+02 2.03096717894362210899e+00 6.76044175898218337173e-03
4.45378151260504182574e+02 2.02937838652832969188e+00 9.44558181312510000693e-03
4.50420168067226882158e+02 2.02778959411303727478e+00 1.21307218672680166421e-02
4.55462184873949581743e+02 2.02620080169774485768e+00 1.48158619214109332773e-02
4.60504201680672281327e+02 2.02461200928245244057e+00 1.61997511452307424440e-02
4.65546218487394980912e+02 2.02302321686716002347e+00 1.75836403690505516106e-02
4.70588235294117680496e+02 2.02143442445186760636e+00 1.89675295928703607773e-02
4.75630252100840323237e+02 2.01984563203657518926e+00 2.03514188166901699439e-02
4.80672268907563022822e+02 2.01825683962128277216e+00 2.12759698042237870019e-02
4.85714285714285722406e+02 2.01666804720599035505e+00 2.22005207917574040599e-02
4.90756302521008365147e+02 2.01507925479069793795e+00 2.31250717792910211179e-02
4.95798319327731064732e+02 2.01349046237540552085e+00 2.40496227668246381759e-02
5.00840336134453764316e+02 2.01190166996011310374e+00 2.33824798138285681881e-02
5.05882352941176463901e+02 2.01031287754482068664e+00 2.27153368608324982003e-02
5.10924369747899163485e+02 2.00872408512952826953e+00 2.20481939078364282125e-02
5.15966386554621863070e+02 2.00713529271423585243e+00 2.13810509548403582247e-02
5.21008403361344562654e+02 2.00554650029894343533e+00 2.07139080018442882369e-02
5.26050420168067262239e+02 2.00395770788365101822e+00 2.00467650488482182491e-02
5.31092436974789961823e+02 2.00236891546835860112e+00 1.93796220958521482614e-02
5.36134453781512547721e+02 2.00078012305306618401e+00 1.87124791428560782736e-02
5.41176470588235360992e+02 1.99919133063777354486e+00 1.80453361898600082858e-02
5.46218487394957946890e+02 1.99760253822248068367e+00 1.73781932368639382980e-02
5.51260504201680646474e+02 1.99601374580718782248e+00 1.67110502838678683102e-02
5.56302521008403346059e+02 1.99442495339189496129e+00 1.60439073308717983224e-02
5.61344537815126045643e+02 1.99283616097660210009e+00 1.53767643778757283346e-02
5.66386554621848745228e+02 1.99124736856130923890e+00 1.47096214248796583468e-02
5.71428571428571444812e+02 1.98965857614601637771e+00 1.40424784718835883590e-02
5.76470588235294144397e+02 1.98806978373072351651e+00 1.33753355188875183712e-02
5.81512605042016730295e+02 1.98648099131543065532e+00 1.27081925658914483834e-02
5.86554621848739543566e+02 1.98489219890013779413e+00 1.20410496128953783956e-02
5.91596638655462129464e+02 1.98330340648484493293e+00 1.13739066598993084078e-02
5.96638655462184829048e+02 1.98171461406955207174e+00 1.07067637069032384201e-02
6.01680672268907528633e+02 1.98012582165425921055e+00 1.00396207539071684323e-02
6.06722689075630228217e+02 1.97853702923896634935e+00 9.37247780091109844447e-03
6.11764705882352927802e+02 1.97694823682367348816e+00 8.70533484791502845668e-03
6.16806722689075627386e+02 1.97535944440838062697e+00 8.13949085005605602050e-03
6.21848739495798326971e+02 1.97377065199308776577e+00 7.57364685219708358432e-03
6.26890756302521026555e+02 1.97218185957779490458e+00 7.00780285433811028079e-03
6.31932773109243726140e+02 1.97059306716250204339e+00 6.59236209936148349897e-03
6.36974789915966312037e+02 1.96900427474720918219e+00 6.17692134438485671716e-03
6.42016806722689125309e+02 1.96741548233191632100e+00 5.87274384836093156503e-03
6.47058823529411711206e+02 1.96582668991662345981e+00 5.56856635233700641291e-03
6.52100840336134410791e+02 1.96423789750133059862e+00 5.46349906267190339043e-03
6.57142857142857110375e+02 1.96264910508603773742e+00 5.35843177300680036795e-03
6.62184873949579809960e+02 1.96106031267074487623e+00 5.25336448334169734548e-03
6.67226890756302509544e+02 1.95947152025545201504e+00 5.14829719367659432300e-03
6.72268907563025209129e+02 1.95788272784015915384e+00 5.04322990401149130052e-03
6.77310924369747908713e+02 1.95629393542486629265e+00 4.93816261434638827804e-03
6.82352941176470608298e+02 1.95470514300957343146e+00 4.83309532468128525556e-03
6.87394957983193307882e+02 1.95311635059428057026e+00 4.72802803501618223309e-03
6.92436974789915893780e+02 1.95152755817898770907e+00 4.62296074535107921061e-03
6.97478991596638707051e+02 1.94993876576369484788e+00 4.51789345568597618813e-03
7.02521008403361292949e+02 1.94834997334840198668e+00 4.41282616602087316565e-03
7.07563025210084106220e+02 1.94676118093310912549e+00 4.30775887635577014317e-03
7.12605042016806692118e+02 1.94517238851781626430e+00 4.20269158669066712070e-03
7.17647058823529391702e+02 1.94358359610252340310e+00 4.09762429702556409822e-03
7.22689075630252091287e+02 1.94199480368723054191e+00 3.99255700736046107574e-03
7.27731092436974790871e+02 1.94040601127193768072e+00 3.88748971769535805326e-03
7.32773109243697490456e+02 1.93881721885664481952e+00 3.78242242803025503078e-03
7.37815126050420076353e+02 1.93722842644135195833e+00 3.67735513836515200831e-03
7.42857142857142889625e+02 1.93563963402605909714e+00 3.57228784870004898583e-03
7.47899159663865475522e+02 1.93405084161076623595e+00 3.46722055903494596335e-03
7.52941176470588288794e+02 1.93246204919547337475e+00 3.36215326936984294087e-03
7.57983193277310874691e+02 1.93087325678018051356e+00 3.25708597970473991839e-03
7.63025210084033574276e+02 1.92928446436488765237e+00 3.15201869003963689592e-03
7.68067226890756273860e+02 1.92769567194959479117e+00 3.04695140037453387344e-03
7.73109243697478973445e+02 1.92610687953430192998e+00 2.94188411070943085096e-03
7.78151260504201673029e+02 1.92451808711900906879e+00 2.83681682104432782848e-03
7.83193277310924372614e+02 1.92292929470371620759e+00 2.73174953137922480600e-03
7.88235294117647072198e+02 1.92134050228842334640e+00 2.62668224171412178353e-03
7.93277310924369658096e+02 1.91975170987313048521e+00 2.52161495204901876105e-03
7.98319327731092471367e+02 1.91816291745783762401e+00 2.41654766238391573857e-03
8.03361344537815057265e+02 1.91657412504254476282e+00 2.31148037271881271609e-03
8.08403361344537870536e+02 1.91498533262725190163e+00 2.20641308305370969362e-03
8.13445378151260456434e+02 1.91339654021195904043e+00 2.10134579338860667114e-03
8.18487394957983156019e+02 1.91180774779666617924e+00 1.99627850372350364866e-03
8.23529411764705855603e+02 1.91021895538137331805e+00 1.89121121405840062618e-03
8.28571428571428555188e+02 1.90863016296608045685e+00 1.78614392439329738686e-03
8.33613445378151254772e+02 1.90704137055078759566e+00 1.68107663472819414754e-03
8.38655462184873954357e+02 1.90545257813549473447e+00 1.57600934506309090823e-03
8.43697478991596653941e+02 1.90386378572020187327e+00 1.47094205539798766891e-03
8.48739495798319239839e+02 1.90227499330490901208e+00 1.36587476573288442959e-03
8.53781512605042053110e+02 1.90068620088961615089e+00 1.26080747606778119027e-03
8.58823529411764639008e+02 1.89909740847432328970e+00 1.15574018640267795095e-03
8.63865546218487452279e+02 1.89750861605903042850e+00 1.05067289673757471163e-03
8.68907563025210038177e+02 1.89591982364373756731e+00 9.45605607072471472316e-04
8.73949579831932737761e+02 1.89571143508655493015e+00 8.40538317407368341418e-04
8.78991596638655437346e+02 1.89550304652937229299e+00 7.35471027742265210519e-04
8.84033613445378136930e+02 1.89529465797218965584e+00 6.30403738077162079621e-04
8.89075630252100836515e+02 1.89508626941500701868e+00 5.25336448412058948723e-04
8.94117647058823536099e+02 1.89487788085782438152e+00 4.20269158746955817825e-04
8.99159663865546235684e+02 1.89466949230064174436e+00 3.15201869081852686927e-04
9.04201680672268821581e+02 1.89446110374345910721e+00 2.10134579416749528924e-04
9.09243697478991634853e+02 1.89425271518627647005e+00 1.05067289751646343815e-04
9.14285714285714220750e+02 1.89404432662909383289e+00 8.65431452456868775646e-14
9.19327731092436920335e+02 1.89383593807191119573e+00 8.65431452456868775646e-14
9.24369747899159619919e+02 1.89362754951472855858e+00 8.65431452456868775646e-14
9.29411764705882319504e+02 1.89362754951472855858e+00 8.65431452456868775646e-14
9.34453781512605019088e+02 1.89362754951472855858e+00 8.65431452456868775646e-14
9.39495798319327718673e+02 1.89362754951472855858e+00 8.65431452456868775646e-14
9.44537815126050418257e+02 1.89362754951472855858e+00 8.65431452456868775646e-14
9.49579831932773117842e+02 1.89362754951472855858e+00 8.65431452456868775646e-14
9.54621848739495817426e+02 1.89362754951472855858e+00 8.65431452456868775646e-14
9.59663865546218517011e+02 1.89362754951472855858e+00 8.65431452456868775646e-14
9.64705882352941216595e+02 1.89362754951472855858e+00 8.65431452456868775646e-14
9.69747899159663802493e+02 1.89362754951472855858e+00 8.65431452456868775646e-14
9.74789915966386502078e+02 1.89362754951472855858e+00 8.65431452456868775646e-14
9.79831932773109201662e+02 1.89362754951472855858e+00 8.65431452456868775646e-14
9.84873949579831901247e+02 1.89362754951472855858e+00 8.65431452456868775646e-14
9.89915966386554600831e+02 1.89362754951472855858e+00 8.65431452456868775646e-14
9.94957983193277300416e+02 1.89362754951472855858e+00 8.65431452456868775646e-14
1.00000000000000000000e+03 1.89362754951472855858e+00 8.65431452456868775646e-14


TRANSMITTANCE WITH THE ESTIMATED THICKNESSES AND OPTICAL PARAMETERS

lambda                     t
4.00000000000000000000e+02 8.40685325470759692301e-01
4.05042016806722699584e+02 8.27638956101983680469e-01
4.10084033613445399169e+02 8.15934320239343757741e-01
4.15126050420168041910e+02 8.05374412070199219293e-01
4.20168067226890741495e+02 7.95786493367690694889e-01
4.25210084033613441079e+02 7.87019231254106998996e-01
4.30252100840336140664e+02 7.78940238992388622741e-01
4.35294117647058840248e+02 7.73567026725824558042e-01
4.40336134453781482989e+02 7.68626696833045075508e-01
4.45378151260504182574e+02 7.66265946099511485734e-01
4.50420168067226882158e+02 7.64149480561602034712e-01
4.55462184873949581743e+02 7.62210895955476863683e-01
4.60504201680672281327e+02 7.64483398607219477583e-01
4.65546218487394980912e+02 7.66804593901528996902e-01
4.70588235294117680496e+02 7.69124627728457244125e-01
4.75630252100840323237e+02 7.71398714240629668204e-01
4.80672268907563022822e+02 7.75036181330594708960e-01
4.85714285714285722406e+02 7.78551030865120008428e-01
4.90756302521008365147e+02 7.81909810673154459515e-01
4.95798319327731064732e+02 7.85083401806529246336e-01
5.00840336134453764316e+02 7.93076285276858472528e-01
5.05882352941176463901e+02 8.00845847119638243328e-01
5.10924369747899163485e+02 8.08361552958845708261e-01
5.15966386554621863070e+02 8.15596329870444614052e-01
5.21008403361344562654e+02 8.22526655868393352655e-01
5.26050420168067262239e+02 8.29132601963493476305e-01
5.31092436974789961823e+02 8.35397826881286498235e-01
5.36134453781512547721e+02 8.41309525887968701063e-01
5.41176470588235360992e+02 8.46858336418515156296e-01
5.46218487394957946890e+02 8.52038204276415744864e-01
5.51260504201680646474e+02 8.56846215041769831977e-01
5.56302521008403346059e+02 8.61282395961565416798e-01
5.61344537815126045643e+02 8.65349493995480112396e-01
5.66386554621848745228e+02 8.69052735858553138115e-01
5.71428571428571444812e+02 8.72399575856307007982e-01
5.76470588235294144397e+02 8.75399437074744324327e-01
5.81512605042016730295e+02 8.78063451099410974265e-01
5.86554621848739543566e+02 8.80404200930019253946e-01
5.91596638655462129464e+02 8.82435471165939455673e-01
5.96638655462184829048e+02 8.84172008897894157187e-01
6.01680672268907528633e+02 8.85629298083650429163e-01
6.06722689075630228217e+02 8.86823349537503635709e-01
6.11764705882352927802e+02 8.87770508046859530005e-01
6.16806722689075627386e+02 8.88205263431972480426e-01
6.21848739495798326971e+02 8.88433786530537727977e-01
6.26890756302521026555e+02 8.88472516010077262294e-01
6.31932773109243726140e+02 8.87936310540856199580e-01
6.36974789915966312037e+02 8.87253859158836921672e-01
6.42016806722689125309e+02 8.86152303689209830395e-01
6.47058823529411711206e+02 8.84942856364926089263e-01
6.52100840336134410791e+02 8.83139714534636355303e-01
6.57142857142857110375e+02 8.81270892204813915960e-01
6.62184873949579809960e+02 8.79348196476562593560e-01
6.67226890756302509544e+02 8.77382655031028524384e-01
6.72268907563025209129e+02 8.75384527985835547703e-01
6.77310924369747908713e+02 8.73363325467798157220e-01
6.82352941176470608298e+02 8.71327829792011065990e-01
6.87394957983193307882e+02 8.69286121256520383227e-01
6.92436974789915893780e+02 8.67245606677797153949e-01
6.97478991596638707051e+02 8.65213049902957997972e-01
7.02521008403361292949e+02 8.63194603638656299260e-01
7.07563025210084106220e+02 8.61195842032780878306e-01
7.12605042016806692118e+02 8.59221793532993105558e-01
7.17647058823529391702e+02 8.57276973625558991188e-01
7.22689075630252091287e+02 8.55365417128934879543e-01
7.27731092436974790871e+02 8.53490709779373801780e-01
7.32773109243697490456e+02 8.51656018900990297027e-01
7.37815126050420076353e+02 8.49864123000542037722e-01
7.42857142857142889625e+02 8.48117440168497438435e-01
7.47899159663865475522e+02 8.46418055203088437466e-01
7.52941176470588288794e+02 8.44767745403819381167e-01
7.57983193277310874691e+02 8.43168005005740517355e-01
7.63025210084033574276e+02 8.41620068246365371500e-01
7.68067226890756273860e+02 8.40124931073910063972e-01
7.73109243697478973445e+02 8.38683371518996190197e-01
7.78151260504201673029e+02 8.37295968762649445161e-01
7.83193277310924372614e+02 8.35963120941629833638e-01
7.88235294117647072198e+02 8.34685061738295597245e-01
7.93277310924369658096e+02 8.33461875806593588401e-01
7.98319327731092471367e+02 8.32293513088735115169e-01
8.03361344537815057265e+02 8.31179802078827911771e-01
8.08403361344537870536e+02 8.30120462090473743011e-01
8.13445378151260456434e+02 8.29115114585300072569e-01
8.18487394957983156019e+02 8.28163293618624063441e-01
8.23529411764705855603e+02 8.27264455457275449390e-01
8.28571428571428555188e+02 8.26417987422959354760e-01
8.33613445378151254772e+02 8.25623216012637661798e-01
8.38655462184873954357e+02 8.24879414345287442778e-01
8.43697478991596653941e+02 8.24185808982135559297e-01
8.48739495798319239839e+02 8.23541586165107863948e-01
8.53781512605042053110e+02 8.22945897515858670879e-01
8.58823529411764639008e+02 8.22397865235331093636e-01
8.63865546218487452279e+02 8.21896586841443177462e-01
8.68907563025210038177e+02 8.21441139480174831178e-01
8.73949579831932737761e+02 8.20743127050333698413e-01
8.78991596638655437346e+02 8.20074916372775519768e-01
8.84033613445378136930e+02 8.19436032362534816365e-01
8.89075630252100836515e+02 8.18825990428823979883e-01
8.94117647058823536099e+02 8.18244298179386375658e-01
8.99159663865546235684e+02 8.17690456981393198888e-01
9.04201680672268821581e+02 8.17163963389122449676e-01
9.09243697478991634853e+02 8.16664310448055430491e-01
9.14285714285714220750e+02 8.16190988884374246659e-01
9.19327731092436920335e+02 8.15590785073560642360e-01
9.24369747899159619919e+02 8.15017482070405918648e-01
9.29411764705882319504e+02 8.14417425041643494588e-01
9.34453781512605019088e+02 8.13841631152715350161e-01
9.39495798319327718673e+02 8.13289589966811554689e-01
9.44537815126050418257e+02 8.12760795554958836995e-01
9.49579831932773117842e+02 8.12254746952250639147e-01
9.54621848739495817426e+02 8.11770948562356653433e-01
9.59663865546218517011e+02 8.11308910514470293940e-01
9.64705882352941216595e+02 8.10868148976526370575e-01
9.69747899159663802493e+02 8.10448186428266326153e-01
9.74789915966386502078e+02 8.10048551897457613791e-01
9.79831932773109201662e+02 8.09668781162318662581e-01
9.84873949579831901247e+02 8.09308416922996709530e-01
9.89915966386554600831e+02 8.08967008944722731911e-01
9.94957983193277300416e+02 8.08644114175059103289e-01
1.00000000000000000000e+03 8.08339296837502829796e-01


QUADRATIC ERROR = 2.569995e-04
