ESTIMATED THICKNESSES

Thickness of film 1 = 150.00 nm

ESTIMATED INFLEXION POINTS

Inflexion point of the absorption coefficient of film 1 = 285.00 nm

ESTIMATED REFRACTIVE INDICES AND ABSORPTION COEFFICIENTS

Film 1

lambda                     n                          kappa
2.85000000000000000000e+02 2.88663659690829543791e+00 1.12605079609656399953e+00
2.93529411764705855603e+02 2.84911463249001073450e+00 7.70496110699638303565e-01
3.02058823529411768050e+02 2.81159266807172603109e+00 4.14941425302712663115e-01
3.10588235294117623653e+02 2.77407070365344132767e+00 2.68559238499131824884e-01
3.19117647058823536099e+02 2.73654873923515662426e+00 1.22177051695550986654e-01
3.27647058823529391702e+02 2.69902677481687192085e+00 6.50001458743883764324e-02
3.36176470588235304149e+02 2.66150481039858721743e+00 7.82324005322577141486e-03
3.44705882352941159752e+02 2.62398284598030251402e+00 6.95399115842291158651e-03
3.53235294117647072198e+02 2.58646088156201781061e+00 6.08474226362005175817e-03
3.61764705882352927802e+02 2.54893891714373310720e+00 5.21549336881719192982e-03
3.70294117647058840248e+02 2.51141695272544840378e+00 4.34624447401433210147e-03
3.78823529411764695851e+02 2.47389498830716370037e+00 3.47699557921147270681e-03
3.87352941176470608298e+02 2.43637302388887899696e+00 2.60774668440861331214e-03
3.95882352941176463901e+02 2.39885105947059429354e+00 1.73849778960575391748e-03
4.04411764705882319504e+02 2.36132909505230959013e+00 8.69248894802894631235e-04
4.12941176470588231950e+02 2.32380713063402488672e+00 3.52544747566345384929e-17
4.21470588235294144397e+02 2.28628516621574018330e+00 3.47883441314302681589e-17
4.30000000000000000000e+02 2.24876320179745547989e+00 3.43222135062259978250e-17
4.38529411764705855603e+02 2.21124123737917077648e+00 3.38560828810217274910e-17
4.47058823529411768050e+02 2.17371927296088607307e+00 3.33899522558174571571e-17
4.55588235294117680496e+02 2.17371927296088607307e+00 3.29238216306131868231e-17
4.64117647058823536099e+02 2.17371927296088607307e+00 3.24576910054089164892e-17
4.72647058823529391702e+02 2.17371927296088607307e+00 3.19915603802046461552e-17
4.81176470588235304149e+02 2.17371927296088607307e+00 3.15254297550003758213e-17
4.89705882352941159752e+02 2.17371927296088607307e+00 3.10592991297961054873e-17
4.98235294117647072198e+02 2.17371927296088607307e+00 3.05931685045918351534e-17
5.06764705882352927802e+02 2.17371927296088607307e+00 3.01270378793875648195e-17
5.15294117647058783405e+02 2.17371927296088607307e+00 2.96609072541832944855e-17
5.23823529411764639008e+02 2.17371927296088607307e+00 2.91947766289790241516e-17
5.32352941176470608298e+02 2.17371927296088607307e+00 2.87286460037747538176e-17
5.40882352941176463901e+02 2.17371927296088607307e+00 2.82625153785704834837e-17
5.49411764705882433191e+02 2.17371927296088607307e+00 2.77963847533662131497e-17
5.57941176470588288794e+02 2.17371927296088607307e+00 2.73302541281619736306e-17
5.66470588235294144397e+02 2.17371927296088607307e+00 2.68641235029577371931e-17
5.75000000000000000000e+02 2.17371927296088607307e+00 2.63979928777535007555e-17
5.83529411764705855603e+02 2.17371927296088607307e+00 2.59318622525492643179e-17
5.92058823529411711206e+02 2.17371927296088607307e+00 2.54657316273450278803e-17
6.00588235294117566809e+02 2.17371927296088607307e+00 2.49996010021407914427e-17
6.09117647058823536099e+02 2.17371927296088607307e+00 2.45334703769365550052e-17
6.17647058823529391702e+02 2.17371927296088607307e+00 2.40673397517323185676e-17
6.26176470588235360992e+02 2.17371927296088607307e+00 2.36012091265280821300e-17
6.34705882352941216595e+02 2.17371927296088607307e+00 2.31350785013238456924e-17
6.43235294117647072198e+02 2.17371927296088607307e+00 2.26689478761196092548e-17
6.51764705882352927802e+02 2.17371927296088607307e+00 2.22028172509153728173e-17
6.60294117647058783405e+02 2.17371927296088607307e+00 2.17366866257111363797e-17
6.68823529411764639008e+02 2.17371927296088607307e+00 2.12705560005068999421e-17
6.77352941176470608298e+02 2.17371927296088607307e+00 2.08044329771229020989e-17
6.85882352941176463901e+02 2.17371927296088607307e+00 2.03383099537389042557e-17
6.94411764705882319504e+02 2.17371927296088607307e+00 1.98724312571622989276e-17
7.02941176470588288794e+02 2.17371927296088607307e+00 1.94065525605856935994e-17
7.11470588235294144397e+02 2.17371927296088607307e+00 1.89406738646662987685e-17
7.20000000000000000000e+02 2.17371927296088607307e+00 1.84747951687469039376e-17
7.28529411764705855603e+02 2.17371927296088607307e+00 1.81770107909338184502e-17
7.37058823529411711206e+02 2.17371927296088607307e+00 1.78792264131207329628e-17
7.45588235294117566809e+02 2.17371927296088607307e+00 1.75814420353076474754e-17
7.54117647058823536099e+02 2.17371927296088607307e+00 1.72836578353103396978e-17
7.62647058823529391702e+02 2.17371927296088607307e+00 1.69858736353130319201e-17
7.71176470588235360992e+02 2.17371927296088607307e+00 1.66881175857050778908e-17
7.79705882352941216595e+02 2.17371927296088607307e+00 1.63904365574740730060e-17
7.88235294117647072198e+02 2.17371927296088607307e+00 1.60927555292430681212e-17
7.96764705882352927802e+02 2.17371927296088607307e+00 1.57950745010120632363e-17
8.05294117647058783405e+02 2.17371927296088607307e+00 1.54973934727810583515e-17
8.13823529411764752695e+02 2.17371927296088607307e+00 1.51997124445500534667e-17
8.22352941176470608298e+02 2.17371927296088607307e+00 1.49020314163190485819e-17
8.30882352941176463901e+02 2.17371927296088607307e+00 1.46043503880880436971e-17
8.39411764705882319504e+02 2.17371927296088607307e+00 1.43080288282171694877e-17
8.47941176470588175107e+02 2.17371927296088607307e+00 1.40117072683462952784e-17
8.56470588235294144397e+02 2.17371927296088607307e+00 1.37153857084754195283e-17
8.65000000000000000000e+02 2.17371927296088607307e+00 1.34190641486045437782e-17
8.73529411764705855603e+02 2.17371927296088607307e+00 1.31227425887336680282e-17
8.82058823529411711206e+02 2.17371927296088607307e+00 1.28264210288627922781e-17
8.90588235294117680496e+02 2.17371927296088607307e+00 1.25300994689919165280e-17
8.99117647058823536099e+02 2.17371927296088607307e+00 1.22337779091210407779e-17
9.07647058823529391702e+02 2.17371927296088607307e+00 1.19374563492501650278e-17
9.16176470588235247305e+02 2.17371927296088607307e+00 1.16411347893792892778e-17
9.24705882352941216595e+02 2.17371927296088607307e+00 1.13448132295084135277e-17
9.33235294117647072198e+02 2.17371927296088607307e+00 1.10484916696375377776e-17
9.41764705882352927802e+02 2.17371927296088607307e+00 1.07521701097666620275e-17
9.50294117647058783405e+02 2.17371927296088607307e+00 1.04558485498957862774e-17
9.58823529411764752695e+02 2.17371927296088607307e+00 1.01595269900249105274e-17
9.67352941176470608298e+02 2.17371927296088607307e+00 9.86322764677378955593e-18
9.75882352941176463901e+02 2.17371927296088607307e+00 9.56692830352266858451e-18
9.84411764705882319504e+02 2.17371927296088607307e+00 9.27062896027154761308e-18
9.92941176470588175107e+02 2.17371927296088607307e+00 8.97432961733533467649e-18
1.00147058823529414440e+03 2.17371927296088607307e+00 8.67803027439912173990e-18
1.01000000000000000000e+03 2.17371927296088607307e+00 8.38173093146290880331e-18
1.01852941176470585560e+03 2.17371927296088607307e+00 8.08543158852669586671e-18
1.02705882352941171121e+03 2.17371927296088607307e+00 7.78913224561430283168e-18
1.03558823529411756681e+03 2.17371927296088607307e+00 7.49283290270190979664e-18
1.04411764705882342241e+03 2.17371927296088607307e+00 7.19653355978951676160e-18
1.05264705882352927802e+03 2.17371927296088607307e+00 6.90023421687712295619e-18
1.06117647058823513362e+03 2.17371927296088607307e+00 6.60393487396472915077e-18
1.06970588235294121660e+03 2.17371927296088607307e+00 6.30809864355584088253e-18
1.07823529411764707220e+03 2.17371927296088607307e+00 6.01226241314695261429e-18
1.08676470588235292780e+03 2.17371927296088607307e+00 5.71642618273806434605e-18
1.09529411764705878340e+03 2.17371927296088607307e+00 5.42058995232922152976e-18
1.10382352941176463901e+03 2.17371927296088607307e+00 5.12475372192037871347e-18
1.11235294117647072198e+03 2.17371927296088607307e+00 4.82891750347742030108e-18
1.12088235294117657759e+03 2.17371927296088607307e+00 4.53308128503446188869e-18
1.12941176470588243319e+03 2.17371927296088607307e+00 4.30642718188018589650e-18
1.13794117647058828879e+03 2.17371927296088607307e+00 4.07977307872590990431e-18
1.14647058823529414440e+03 2.17371927296088607307e+00 3.85311897557163391212e-18
1.15500000000000000000e+03 2.17371927296088607307e+00 3.62646487241735791993e-18
1.16352941176470585560e+03 2.17371927296088607307e+00 3.39981076926308231293e-18
1.17205882352941171121e+03 2.17371927296088607307e+00 3.17315666610880632074e-18
1.18058823529411756681e+03 2.17371927296088607307e+00 2.94650256295453032855e-18
1.18911764705882342241e+03 2.17371927296088607307e+00 2.71984845980086331541e-18
1.19764705882352927802e+03 2.17371927296088607307e+00 2.49319435664719630227e-18
1.20617647058823513362e+03 2.17371927296088607307e+00 2.26654025349352928913e-18
1.21470588235294121660e+03 2.17371927296088607307e+00 2.03988615033986227598e-18
1.22323529411764707220e+03 2.17371927296088607307e+00 1.81323213363543309141e-18
1.23176470588235292780e+03 2.17371927296088607307e+00 1.58657811693100390683e-18
1.24029411764705878340e+03 2.17371927296088607307e+00 1.35992410022657472226e-18
1.24882352941176463901e+03 2.17371927296088607307e+00 1.13327008352214553769e-18
1.25735294117647072198e+03 2.17371927296088607307e+00 9.06616066817716353112e-19
1.26588235294117657759e+03 2.17371927296088607307e+00 6.79962050113287168537e-19
1.27441176470588243319e+03 2.17371927296088607307e+00 4.53308033408858080259e-19
1.28294117647058828879e+03 2.17371927296088607307e+00 2.26654016704429040130e-19
1.29147058823529414440e+03 2.17371927296088607307e+00 2.87557444205060071060e-42
1.30000000000000000000e+03 2.17371927296088607307e+00 2.87557444205060071060e-42


TRANSMITTANCE WITH THE ESTIMATED THICKNESSES AND OPTICAL PARAMETERS

lambda                     t
2.85000000000000000000e+02 3.88793273013404922563e-04
2.93529411764705855603e+02 4.79694544610317213928e-03
3.02058823529411768050e+02 5.16823752290902632689e-02
3.10588235294117623653e+02 1.33132712042238171568e-01
3.19117647058823536099e+02 3.05393940627244675490e-01
3.27647058823529391702e+02 4.13012320280902345271e-01
3.36176470588235304149e+02 5.82330746095577889143e-01
3.44705882352941159752e+02 6.54140975672160007726e-01
3.53235294117647072198e+02 7.44943602090231360435e-01
3.61764705882352927802e+02 8.30945400744360407330e-01
3.70294117647058840248e+02 8.83303807408218566444e-01
3.78823529411764695851e+02 8.87909065478115211434e-01
3.87352941176470608298e+02 8.55347273607350411240e-01
3.95882352941176463901e+02 8.07745589379010198172e-01
4.04411764705882319504e+02 7.62733125433217917788e-01
4.12941176470588231950e+02 7.29124283349424251455e-01
4.21470588235294144397e+02 7.07190509038764347771e-01
4.30000000000000000000e+02 6.99206297186606540173e-01
4.38529411764705855603e+02 7.03445131805110923651e-01
4.47058823529411768050e+02 7.17813363410903182427e-01
4.55588235294117680496e+02 7.22303454742833084268e-01
4.64117647058823536099e+02 7.28747433372215480674e-01
4.72647058823529391702e+02 7.36865238043395542888e-01
4.81176470588235304149e+02 7.46386133461290679492e-01
4.89705882352941159752e+02 7.57047977232369939671e-01
4.98235294117647072198e+02 7.68596743683690797333e-01
5.06764705882352927802e+02 7.80786593890440028254e-01
5.15294117647058783405e+02 7.93380595762923079839e-01
5.23823529411764639008e+02 8.06152071974946871080e-01
5.32352941176470608298e+02 8.18886466575675764368e-01
5.40882352941176463901e+02 8.31383562994161495752e-01
5.49411764705882433191e+02 8.43459852204118121222e-01
5.57941176470588288794e+02 8.54950838084609698875e-01
5.66470588235294144397e+02 8.65713076014418492221e-01
5.75000000000000000000e+02 8.75625768185174124802e-01
5.83529411764705855603e+02 8.84591781316687364445e-01
5.92058823529411711206e+02 8.92538004343698343490e-01
6.00588235294117566809e+02 8.99415019296875284383e-01
6.09117647058823536099e+02 9.05196112032018107563e-01
6.17647058823529391702e+02 9.09875695437964537859e-01
6.26176470588235360992e+02 9.13467252470281820820e-01
6.34705882352941216595e+02 9.16000927809466625185e-01
6.43235294117647072198e+02 9.17520904956646288220e-01
6.51764705882352927802e+02 9.18082701549596591484e-01
6.60294117647058783405e+02 9.17750502099043408144e-01
6.68823529411764639008e+02 9.16594627257323324443e-01
6.77352941176470608298e+02 9.14689215235341857024e-01
6.85882352941176463901e+02 9.12110166831516022690e-01
6.94411764705882319504e+02 9.08933382890839691726e-01
7.02941176470588288794e+02 9.05233303348920714804e-01
7.11470588235294144397e+02 9.01081741144117986941e-01
7.20000000000000000000e+02 8.96546992444692492086e-01
7.28529411764705855603e+02 8.91693196655568343090e-01
7.37058823529411711206e+02 8.86579915081083469452e-01
7.45588235294117566809e+02 8.81261895319378596447e-01
7.54117647058823536099e+02 8.75788988801858514499e-01
7.62647058823529391702e+02 8.70206190749529540085e-01
7.71176470588235360992e+02 8.64553774655106410663e-01
7.79705882352941216595e+02 8.58867496771004601541e-01
7.88235294117647072198e+02 8.53178849646100023740e-01
7.96764705882352927802e+02 8.47515347260481277658e-01
8.05294117647058783405e+02 8.41900827591604561384e-01
8.13823529411764752695e+02 8.36355761407605591273e-01
8.22352941176470608298e+02 8.30897558675445013776e-01
8.30882352941176463901e+02 8.25540866181148191849e-01
8.39411764705882319504e+02 8.20297851799763000358e-01
8.47941176470588175107e+02 8.15178472352559135850e-01
8.56470588235294144397e+02 8.10190723185550631946e-01
8.65000000000000000000e+02 8.05340868537148146800e-01
8.73529411764705855603e+02 8.00633652474004420263e-01
8.82058823529411711206e+02 7.96072490700808210740e-01
8.90588235294117680496e+02 7.91659643926309386508e-01
8.99117647058823536099e+02 7.87396373724281728457e-01
9.07647058823529391702e+02 7.83283081990259311134e-01
9.16176470588235247305e+02 7.79319435184397946159e-01
9.24705882352941216595e+02 7.75504474585457126423e-01
9.33235294117647072198e+02 7.71836713775254201764e-01
9.41764705882352927802e+02 7.68314224538451107094e-01
9.50294117647058783405e+02 7.64934712308380393431e-01
9.58823529411764752695e+02 7.61695582222794098648e-01
9.67352941176470608298e+02 7.58593996779299062361e-01
9.75882352941176463901e+02 7.55626926002883059219e-01
9.84411764705882319504e+02 7.52791190960198752791e-01
9.92941176470588175107e+02 7.50083501379362194150e-01
1.00147058823529414440e+03 7.47500488061224266367e-01
1.01000000000000000000e+03 7.45038730699446594130e-01
1.01852941176470585560e+03 7.42694781662716629889e-01
1.02705882352941171121e+03 7.40465186233366434720e-01
1.03558823529411756681e+03 7.38346499742534412292e-01
1.04411764705882342241e+03 7.36335301992793622716e-01
1.05264705882352927802e+03 7.34428209314608948510e-01
1.06117647058823513362e+03 7.32621884562856484635e-01
1.06970588235294121660e+03 7.30913045323644761098e-01
1.07823529411764707220e+03 7.29298470569485379755e-01
1.08676470588235292780e+03 7.27775005972180588643e-01
1.09529411764705878340e+03 7.26339568057274842516e-01
1.10382352941176463901e+03 7.24989147361306596196e-01
1.11235294117647072198e+03 7.23720810733034514151e-01
1.12088235294117657759e+03 7.22531702902142303202e-01
1.12941176470588243319e+03 7.21419047423274562014e-01
1.13794117647058828879e+03 7.20380147089491496004e-01
1.14647058823529414440e+03 7.19412383897131579857e-01
1.15500000000000000000e+03 7.18513218633399342039e-01
1.16352941176470585560e+03 7.17680190148651808713e-01
1.17205882352941171121e+03 7.16910914367149154636e-01
1.18058823529411756681e+03 7.16203083082848412921e-01
1.18911764705882342241e+03 7.15554462580508032765e-01
1.19764705882352927802e+03 7.14962892116873360848e-01
1.20617647058823513362e+03 7.14426282291893310905e-01
1.21470588235294121660e+03 7.13942613335699194366e-01
1.22323529411764707220e+03 7.13509933333419055224e-01
1.23176470588235292780e+03 7.13126356406684980271e-01
1.24029411764705878340e+03 7.12790060867909969211e-01
1.24882352941176463901e+03 7.12499287360968347471e-01
1.25735294117647072198e+03 7.12252336999819490870e-01
1.26588235294117657759e+03 7.12047569514761113929e-01
1.27441176470588243319e+03 7.11883401414414862529e-01
1.28294117647058828879e+03 7.11758304170170386094e-01
1.29147058823529414440e+03 7.11670802428606918966e-01
1.30000000000000000000e+03 7.11619472256397767040e-01


QUADRATIC ERROR = 2.478700e-01
