ESTIMATED THICKNESSES

Thickness of film 1 = 151.00 nm

ESTIMATED INFLEXION POINTS

Inflexion point of the absorption coefficient of film 1 = 499.00 nm

ESTIMATED REFRACTIVE INDICES AND ABSORPTION COEFFICIENTS

Film 1

lambda                     n                          kappa
4.00000000000000000000e+02 2.05473725580895072440e+00 -2.39794788828429604466e-02
4.07070707070707044295e+02 2.05237968654363411858e+00 -1.96183555844011286995e-02
4.14141414141414145433e+02 2.05002211727831751276e+00 -1.52572322859592969524e-02
4.21212121212121189728e+02 2.04766454801300090693e+00 -1.08961089875174652053e-02
4.28282828282828290867e+02 2.04530697874768430111e+00 -6.53498568907563345820e-03
4.35353535353535335162e+02 2.04294940948236769529e+00 -2.17386239063380257847e-03
4.42424242424242436300e+02 2.04059184021705108947e+00 2.18726090780802830127e-03
4.49494949494949480595e+02 2.03823427095173448365e+00 5.18313288237926342306e-03
4.56565656565656581733e+02 2.03587670168641787782e+00 8.17900485695049854484e-03
4.63636363636363626028e+02 2.03351913242110127200e+00 1.00447052889487721539e-02
4.70707070707070727167e+02 2.03116156315578466618e+00 1.19104057209470457629e-02
4.77777777777777771462e+02 2.02880399389046806036e+00 1.37761061529453193719e-02
4.84848484848484872600e+02 2.02644642462515145453e+00 1.44797200218126816129e-02
4.91919191919191916895e+02 2.02408885535983484871e+00 1.51833338906800438539e-02
4.98989898989898961190e+02 2.02173128609451824289e+00 1.57982709352696773508e-02
5.06060606060606062329e+02 2.01937371682920163707e+00 1.64132079798593108477e-02
5.13131313131313163467e+02 2.01701614756388503125e+00 1.59512061406760913274e-02
5.20202020202020207762e+02 2.01465857829856842542e+00 1.54892043014928700723e-02
5.27272727272727252057e+02 2.01230100903325181960e+00 1.50272024623096488172e-02
5.34343434343434410039e+02 2.00994343976793521378e+00 1.45652006231264275621e-02
5.41414141414141454334e+02 2.00758587050261860796e+00 1.41031987839432063070e-02
5.48484848484848498629e+02 2.00522830123730200214e+00 1.36411969447599850519e-02
5.55555555555555542924e+02 2.00287073197198539631e+00 1.31791951055767637968e-02
5.62626262626262587219e+02 2.00051316270666879049e+00 1.27171932663935425417e-02
5.69696969696969745200e+02 1.99815559344135218467e+00 1.22551914272103212866e-02
5.76767676767676789495e+02 1.99579802417603557885e+00 1.19333217045896958219e-02
5.83838383838383833790e+02 1.99344045491071897303e+00 1.16114519819690703573e-02
5.90909090909090878085e+02 1.99108288564540236720e+00 1.13590291127958296219e-02
5.97979797979797922380e+02 1.98872531638008576138e+00 1.11066062436225888865e-02
6.05050505050505080362e+02 1.98636774711476915556e+00 1.08541833744493481512e-02
6.12121212121212124657e+02 1.98401017784945254974e+00 1.06017605052761074158e-02
6.19191919191919168952e+02 1.98165260858413594391e+00 1.03493376361028666804e-02
6.26262626262626326934e+02 1.97929503931881933809e+00 1.00969147669296259451e-02
6.33333333333333371229e+02 1.97693747005350273227e+00 9.84449189775638520972e-03
6.40404040404040415524e+02 1.97457990078818612645e+00 9.59206902858314447435e-03
6.47474747474747459819e+02 1.97222233152286952063e+00 9.33964615940990373899e-03
6.54545454545454504114e+02 1.96986476225755291480e+00 9.08722329023666300363e-03
6.61616161616161662096e+02 1.96750719299223630898e+00 8.83480042106342226826e-03
6.68686868686868706391e+02 1.96514962372691970316e+00 8.58237755189018153290e-03
6.75757575757575750686e+02 1.96279205446160309734e+00 8.32995468271694079754e-03
6.82828282828282908667e+02 1.96043448519628649152e+00 8.07753181354370006217e-03
6.89898989898989839276e+02 1.95964232293733564561e+00 7.82510894437045932681e-03
6.96969696969696997257e+02 1.95885016067838479970e+00 7.57268607519721859145e-03
7.04040404040404041552e+02 1.95805799841943395379e+00 7.32026320602397785609e-03
7.11111111111111085847e+02 1.95726583616048310788e+00 7.06784033685073712072e-03
7.18181818181818243829e+02 1.95647367390153226197e+00 6.81541746767749638536e-03
7.25252525252525288124e+02 1.95568151164258141606e+00 6.56299459850425565000e-03
7.32323232323232332419e+02 1.95488934938363057014e+00 6.31057172933101491463e-03
7.39393939393939376714e+02 1.95488934938363057014e+00 6.05814886015777417927e-03
7.46464646464646421009e+02 1.95488934938363057014e+00 5.80572599098453344391e-03
7.53535353535353578991e+02 1.95488934938363057014e+00 5.55330312181129270854e-03
7.60606060606060623286e+02 1.95488934938363057014e+00 5.30088025263805197318e-03
7.67676767676767667581e+02 1.95488934938363057014e+00 5.04845738346481123782e-03
7.74747474747474825563e+02 1.95488934938363057014e+00 4.79603451429157050245e-03
7.81818181818181756171e+02 1.95488934938363057014e+00 4.54361164511832976709e-03
7.88888888888888914153e+02 1.95488934938363057014e+00 4.29118877594508903173e-03
7.95959595959595958448e+02 1.95488934938363057014e+00 4.03876590677184829636e-03
8.03030303030303002743e+02 1.95488934938363057014e+00 3.78634303759860756100e-03
8.10101010101010160724e+02 1.95488934938363057014e+00 3.53392016842536725932e-03
8.17171717171717205019e+02 1.95488934938363057014e+00 3.28149729925212695764e-03
8.24242424242424249314e+02 1.95488934938363057014e+00 3.02907443007888665595e-03
8.31313131313131407296e+02 1.95488934938363057014e+00 2.77665156090564635427e-03
8.38383838383838337904e+02 1.95488934938363057014e+00 2.52422869173240605259e-03
8.45454545454545495886e+02 1.95488934938363057014e+00 2.27180582255916575091e-03
8.52525252525252540181e+02 1.95488934938363057014e+00 2.01938295338592544922e-03
8.59595959595959584476e+02 1.95488934938363057014e+00 1.76696008421268536438e-03
8.66666666666666742458e+02 1.95488934938363057014e+00 1.51453721503944527954e-03
8.73737373737373673066e+02 1.95488934938363057014e+00 1.26211434586620519470e-03
8.80808080808080831048e+02 1.95488934938363057014e+00 1.00969147669296510986e-03
8.87878787878787875343e+02 1.95488934938363057014e+00 7.57268607519725025015e-04
8.94949494949494919638e+02 1.95488934938363057014e+00 5.04845738346484940173e-04
9.02020202020202077620e+02 1.95488934938363057014e+00 2.52422869173244855331e-04
9.09090909090909121915e+02 1.95488934938363057014e+00 4.81413107845297964123e-18
9.16161616161616166210e+02 1.95488934938363057014e+00 4.81381695531695458650e-18
9.23232323232323210505e+02 1.95488934938363057014e+00 4.81350283218092953177e-18
9.30303030303030368486e+02 1.95488934938363057014e+00 4.81350283218092953177e-18
9.37373737373737412781e+02 1.95488934938363057014e+00 4.81350283218092953177e-18
9.44444444444444457076e+02 1.95488934938363057014e+00 4.81350283218092953177e-18
9.51515151515151501371e+02 1.95488934938363057014e+00 4.81350283218092953177e-18
9.58585858585858659353e+02 1.95488934938363057014e+00 4.81350283218092953177e-18
9.65656565656565703648e+02 1.95488934938363057014e+00 4.81350283218092953177e-18
9.72727272727272747943e+02 1.95488934938363057014e+00 4.81350283218092953177e-18
9.79797979797979792238e+02 1.95488934938363057014e+00 4.81350283218092953177e-18
9.86868686868686836533e+02 1.95488934938363057014e+00 4.81350283218092953177e-18
9.93939393939393994515e+02 1.95488934938363057014e+00 4.81350283218092953177e-18
1.00101010101010103881e+03 1.95488934938363057014e+00 4.81350283218092953177e-18
1.00808080808080808310e+03 1.95488934938363057014e+00 4.81350283218092953177e-18
1.01515151515151512740e+03 1.95488934938363057014e+00 4.81350283218092953177e-18
1.02222222222222228538e+03 1.95488934938363057014e+00 4.81350283218092953177e-18
1.02929292929292932968e+03 1.95488934938363057014e+00 4.81350283218092953177e-18
1.03636363636363648766e+03 1.95488934938363057014e+00 4.81350283218092953177e-18
1.04343434343434341827e+03 1.95488934938363057014e+00 4.81350283218092953177e-18
1.05050505050505057625e+03 1.95488934938363057014e+00 4.81350283218092953177e-18
1.05757575757575750686e+03 1.95488934938363057014e+00 4.81350283218092953177e-18
1.06464646464646466484e+03 1.95488934938363057014e+00 4.81350283218092953177e-18
1.07171717171717182282e+03 1.95488934938363057014e+00 4.81350283218092953177e-18
1.07878787878787875343e+03 1.95488934938363057014e+00 4.81350283218092953177e-18
1.08585858585858591141e+03 1.95488934938363057014e+00 4.81350283218092953177e-18
1.09292929292929284202e+03 1.95488934938363057014e+00 4.81350283218092953177e-18
1.10000000000000000000e+03 1.95488934938363057014e+00 4.81350283218092953177e-18


TRANSMITTANCE WITH THE ESTIMATED THICKNESSES AND OPTICAL PARAMETERS

lambda                     t
4.00000000000000000000e+02 8.40419226478047565188e-01
4.07070707070707044295e+02 8.21865380611458307136e-01
4.14141414141414145433e+02 8.06451235388269793702e-01
4.21212121212121189728e+02 7.93633890249327844657e-01
4.28282828282828290867e+02 7.82945127946110264183e-01
4.35353535353535335162e+02 7.73981813555526532156e-01
4.42424242424242436300e+02 7.66397419463272666640e-01
4.49494949494949480595e+02 7.64209827555857312831e-01
4.56565656565656581733e+02 7.62796513341679860432e-01
4.63636363636363626028e+02 7.65516768668059843783e-01
4.70707070707070727167e+02 7.68614736809488996450e-01
4.77777777777777771462e+02 7.71927275596001050140e-01
4.84848484848484872600e+02 7.79019466664251369892e-01
4.91919191919191916895e+02 7.86077259906515335430e-01
4.98989898989898961190e+02 7.93265863648081381854e-01
5.06060606060606062329e+02 8.00193333916253357607e-01
5.13131313131313163467e+02 8.10276885636821986303e-01
5.20202020202020207762e+02 8.19946137175457390178e-01
5.27272727272727252057e+02 8.29118525679828466401e-01
5.34343434343434410039e+02 8.37725184030464808949e-01
5.41414141414141454334e+02 8.45711155443786499752e-01
5.48484848484848498629e+02 8.53035278613029301908e-01
5.55555555555555542924e+02 8.59669756307568366793e-01
5.62626262626262587219e+02 8.65599437356466383520e-01
5.69696969696969745200e+02 8.70820855400980975425e-01
5.76767676767676789495e+02 8.74892950649494904880e-01
5.83838383838383833790e+02 8.78290495664849846236e-01
5.90909090909090878085e+02 8.80822973363596606333e-01
5.97979797979797922380e+02 8.82745342311424097126e-01
6.05050505050505080362e+02 8.84095181305764366009e-01
6.12121212121212124657e+02 8.84913456417675270416e-01
6.19191919191919168952e+02 8.85243347193562568620e-01
6.26262626262626326934e+02 8.85129201013631350392e-01
6.33333333333333371229e+02 8.84615625450385967277e-01
6.40404040404040415524e+02 8.83746721277652524940e-01
6.47474747474747459819e+02 8.82565452939278016764e-01
6.54545454545454504114e+02 8.81113148843499671692e-01
6.61616161616161662096e+02 8.79429120736117564405e-01
6.68686868686868706391e+02 8.77550389478241710250e-01
6.75757575757575750686e+02 8.75511503625308828980e-01
6.82828282828282908667e+02 8.73344437070571300019e-01
6.89898989898989839276e+02 8.71184517718861850533e-01
6.96969696969696997257e+02 8.68937581673039249885e-01
7.04040404040404041552e+02 8.66623359201262766227e-01
7.11111111111111085847e+02 8.64259866045294256054e-01
7.18181818181818243829e+02 8.61863463824229181220e-01
7.25252525252525288124e+02 8.59448933224949973564e-01
7.32323232323232332419e+02 8.57029556186734375878e-01
7.39393939393939376714e+02 8.54635121187059865200e-01
7.46464646464646421009e+02 8.52245024459276412365e-01
7.53535353535353578991e+02 8.49867892143343239830e-01
7.60606060606060623286e+02 8.47511395309198611869e-01
7.67676767676767667581e+02 8.45182319136883908328e-01
7.74747474747474825563e+02 8.42886630380193846435e-01
7.81818181818181756171e+02 8.40629542491547421257e-01
7.88888888888888914153e+02 8.38415577954478297151e-01
7.95959595959595958448e+02 8.36248627510672193353e-01
8.03030303030303002743e+02 8.34132006083998178703e-01
8.10101010101010160724e+02 8.32068505297783089780e-01
8.17171717171717205019e+02 8.30060442556474376019e-01
8.24242424242424249314e+02 8.28109706721748772829e-01
8.31313131313131407296e+02 8.26217800458402540364e-01
8.38383838383838337904e+02 8.24385879359328610505e-01
8.45454545454545495886e+02 8.22614787983420581163e-01
8.52525252525252540181e+02 8.20905092957116888641e-01
8.59595959595959584476e+02 8.19257113300880468465e-01
8.66666666666666742458e+02 8.17670948147563247943e-01
8.73737373737373673066e+02 8.16146502021279918182e-01
8.80808080808080831048e+02 8.14683507844032095413e-01
8.87878787878787875343e+02 8.13281547833640483525e-01
8.94949494949494919638e+02 8.11940072451130867570e-01
9.02020202020202077620e+02 8.10658417549060428264e-01
9.09090909090909121915e+02 8.09435819864802286183e-01
9.16161616161616166210e+02 8.07900948310325217605e-01
9.23232323232323210505e+02 8.06430410805873965074e-01
9.30303030303030368486e+02 8.05022806485636732710e-01
9.37373737373737412781e+02 8.03676707826095459986e-01
9.44444444444444457076e+02 8.02390668467739320846e-01
9.51515151515151501371e+02 8.01163230118089875198e-01
9.58585858585858659353e+02 7.99992928626894972410e-01
9.65656565656565703648e+02 7.98878299316338580383e-01
9.72727272727272747943e+02 7.97817881641629145228e-01
9.79797979797979792238e+02 7.96810223250451699073e-01
9.86868686868686836533e+02 7.95853883503414682998e-01
9.93939393939393994515e+02 7.94947436511777349999e-01
1.00101010101010103881e+03 7.94089473743415985574e-01
1.00808080808080808310e+03 7.93278606243075001814e-01
1.01515151515151512740e+03 7.92513466508502184560e-01
1.02222222222222228538e+03 7.91792710060000071159e-01
1.02929292929292932968e+03 7.91115016737214515885e-01
1.03636363636363648766e+03 7.90479091753635954021e-01
1.04343434343434341827e+03 7.89883666536234985145e-01
1.05050505050505057625e+03 7.89327499374882890493e-01
1.05757575757575750686e+03 7.88809375903722242995e-01
1.06464646464646466484e+03 7.88328109434375812192e-01
1.07171717171717182282e+03 7.87882541158837490514e-01
1.07878787878787875343e+03 7.87471540238056322281e-01
1.08585858585858591141e+03 7.87094003790536955734e-01
1.09292929292929284202e+03 7.86748856793788253761e-01
1.10000000000000000000e+03 7.86435051910104321315e-01


QUADRATIC ERROR = 5.833882e-03
