ESTIMATED THICKNESSES

Thickness of film 1 = 169.00 nm

ESTIMATED INFLEXION POINTS

Inflexion point of the absorption coefficient of film 1 = 900.00 nm

ESTIMATED REFRACTIVE INDICES AND ABSORPTION COEFFICIENTS

Film 1

lambda                     n                          kappa
4.00000000000000000000e+02 2.01588553767097877767e+00 0.00000000000000000000e+00
4.03351955307262585393e+02 2.01532951802731918889e+00 0.00000000000000000000e+00
4.06703910614525113942e+02 2.01477349838365960011e+00 0.00000000000000000000e+00
4.10055865921787699335e+02 2.01421747874000045542e+00 0.00000000000000000000e+00
4.13407821229050284728e+02 2.01366145909634131073e+00 0.00000000000000000000e+00
4.16759776536312870121e+02 2.01310543945268216603e+00 0.00000000000000000000e+00
4.20111731843575398671e+02 2.01254941980902346543e+00 0.00000000000000000000e+00
4.23463687150837984063e+02 2.01199340016536476483e+00 0.00000000000000000000e+00
4.26815642458100569456e+02 2.01143738052170650832e+00 0.00000000000000000000e+00
4.30167597765363154849e+02 2.01088136087804825181e+00 0.00000000000000000000e+00
4.33519553072625683399e+02 2.01032534123438999529e+00 0.00000000000000000000e+00
4.36871508379888268792e+02 2.00976932159073218287e+00 0.00000000000000000000e+00
4.40223463687150854184e+02 2.00921330194707437045e+00 0.00000000000000000000e+00
4.43575418994413439577e+02 2.00865728230341655802e+00 0.00000000000000000000e+00
4.46927374301675968127e+02 2.00810126265975918969e+00 0.00000000000000000000e+00
4.50279329608938553520e+02 2.00754524301610182135e+00 0.00000000000000000000e+00
4.53631284916201138913e+02 2.00698922337244489711e+00 0.00000000000000000000e+00
4.56983240223463667462e+02 2.00643320372878797286e+00 0.00000000000000000000e+00
4.60335195530726252855e+02 2.00587718408513104862e+00 0.00000000000000000000e+00
4.63687150837988838248e+02 2.00532116444147456846e+00 0.00000000000000000000e+00
4.67039106145251366797e+02 2.00476514479781808831e+00 0.00000000000000000000e+00
4.70391061452513952190e+02 2.00420912515416160815e+00 0.00000000000000000000e+00
4.73743016759776537583e+02 2.00365310551050557208e+00 0.00000000000000000000e+00
4.77094972067039122976e+02 2.00309708586684953602e+00 0.00000000000000000000e+00
4.80446927374301708369e+02 2.00254106622319349995e+00 0.00000000000000000000e+00
4.83798882681564236918e+02 2.00198504657953835206e+00 0.00000000000000000000e+00
4.87150837988826822311e+02 2.00142902693588320417e+00 0.00000000000000000000e+00
4.90502793296089407704e+02 2.00087300729222938855e+00 0.00000000000000000000e+00
4.93854748603351936254e+02 2.00031698764857557293e+00 0.00000000000000000000e+00
4.97206703910614521646e+02 1.99976096800492197936e+00 0.00000000000000000000e+00
5.00558659217877107039e+02 1.99920494836127127236e+00 0.00000000000000000000e+00
5.03910614525139635589e+02 1.99864892871762056537e+00 0.00000000000000000000e+00
5.07262569832402220982e+02 1.99809290907396985837e+00 0.00000000000000000000e+00
5.10614525139664806375e+02 1.99753688943032670089e+00 0.00000000000000000000e+00
5.13966480446927334924e+02 1.99698086978668354341e+00 0.00000000000000000000e+00
5.17318435754189977160e+02 1.99642485014305370861e+00 0.00000000000000000000e+00
5.20670391061452505710e+02 1.99586883049942387380e+00 0.00000000000000000000e+00
5.24022346368715034259e+02 1.99531281085579403900e+00 0.00000000000000000000e+00
5.27374301675977676496e+02 1.99475679121219484635e+00 0.00000000000000000000e+00
5.30726256983240205045e+02 1.99420077156859565370e+00 0.00000000000000000000e+00
5.34078212290502733595e+02 1.99364475192499646106e+00 0.00000000000000000000e+00
5.37430167597765375831e+02 1.99308873228146010703e+00 0.00000000000000000000e+00
5.40782122905027904380e+02 1.99253271263792375301e+00 0.00000000000000000000e+00
5.44134078212290432930e+02 1.99197669299438739898e+00 0.00000000000000000000e+00
5.47486033519553075166e+02 1.99142067335096428771e+00 0.00000000000000000000e+00
5.50837988826815603716e+02 1.99086465370754117643e+00 0.00000000000000000000e+00
5.54189944134078245952e+02 1.99030863406427438456e+00 0.00000000000000000000e+00
5.57541899441340774501e+02 1.98975261442100759268e+00 0.00000000000000000000e+00
5.60893854748603416738e+02 1.98919659477774080081e+00 0.00000000000000000000e+00
5.64245810055865945287e+02 1.98864057513470227079e+00 0.00000000000000000000e+00
5.67597765363128473837e+02 1.98808455549166374077e+00 0.00000000000000000000e+00
5.70949720670391116073e+02 1.98752853584862521075e+00 3.33093918848149928014e-05
5.74301675977653644622e+02 1.98697251620588333232e+00 4.67805989931475291188e-04
5.77653631284916173172e+02 1.98641649656314145389e+00 9.02302587978135589575e-04
5.81005586592178815408e+02 1.98586047692073286441e+00 1.33679918602479588796e-03
5.84357541899441343958e+02 1.98530445727832427494e+00 1.77129578407145618635e-03
5.87709497206703872507e+02 1.98474843763591568546e+00 2.20579238211811648473e-03
5.91061452513966514744e+02 1.98419241799387480185e+00 2.64028898016477678312e-03
5.94413407821229043293e+02 1.98363639835183391824e+00 3.07478557821143708151e-03
5.97765363128491571842e+02 1.98308037870979303463e+00 3.50928217625809737990e-03
6.01117318435754214079e+02 1.98252435906812740640e+00 3.94377877430475767828e-03
6.04469273743016742628e+02 1.98196833942646177817e+00 4.37827537235141797667e-03
6.07821229050279271178e+02 1.98141231978479614995e+00 4.81277197039807827506e-03
6.11173184357541913414e+02 1.98085630014349090011e+00 5.24726856844473857344e-03
6.14525139664804441963e+02 1.98030028050218565028e+00 5.68176516649139887183e-03
6.17877094972066970513e+02 1.97974426086122190505e+00 6.11626176453805917022e-03
6.21229050279329612749e+02 1.97918824122025815981e+00 6.55075836241239550795e-03
6.24581005586592141299e+02 1.97863222157929441458e+00 6.98525496028673184568e-03
6.27932960893854783535e+02 1.97807620193863598068e+00 7.41975155816106818341e-03
6.31284916201117312085e+02 1.97752018229797754678e+00 7.85424815603540452114e-03
6.34636871508379954321e+02 1.97696416265731911288e+00 8.28874475390974085887e-03
6.37988826815642482870e+02 1.97640814301692602228e+00 8.72324135178407719660e-03
6.41340782122905011420e+02 1.97585212337653293169e+00 9.15773794965841353433e-03
6.44692737430167653656e+02 1.97529610373637831700e+00 9.59223454753274987206e-03
6.48044692737430182206e+02 1.97474008409622370230e+00 1.00267311454070862098e-02
6.51396648044692710755e+02 1.97418406445606908761e+00 1.04612277432814225475e-02
6.54748603351955352991e+02 1.97362804481611475715e+00 1.08957243411557588852e-02
6.58100558659217881541e+02 1.97307202517616042670e+00 1.13302209390300952230e-02
6.61452513966480410090e+02 1.97251600553620609624e+00 1.17647175369044315607e-02
6.64804469273743052327e+02 1.97195998589641718901e+00 1.21992141347787678984e-02
6.68156424581005580876e+02 1.97140396625662828178e+00 1.26337107326531042362e-02
6.71508379888268109426e+02 1.97084794661698325946e+00 1.30682073305274405739e-02
6.74860335195530751662e+02 1.97029192697733823714e+00 1.35027039284017769116e-02
6.78212290502793280211e+02 1.96973590733769321481e+00 1.39372005262761132494e-02
6.81564245810055808761e+02 1.96917988769816298955e+00 1.43716971241504495871e-02
6.84916201117318450997e+02 1.96862386805863276429e+00 1.48061937220247859248e-02
6.88268156424580979547e+02 1.96806784841910253903e+00 1.52406903198991222625e-02
6.91620111731843508096e+02 1.96751182877966113161e+00 1.56751869177734586003e-02
6.94972067039106150332e+02 1.96695580914021972418e+00 1.61096835156477949380e-02
6.98324022346368792569e+02 1.96639978950077831676e+00 1.65441801135221312757e-02
7.01675977653631207431e+02 1.96584376986140330068e+00 1.69786767113964676135e-02
7.05027932960893849668e+02 1.96528775022202828460e+00 1.74131733092708039512e-02
7.08379888268156491904e+02 1.96473173058265326851e+00 1.78476699071451402889e-02
7.11731843575419020453e+02 1.96417571094327825243e+00 1.82821665050194766267e-02
7.15083798882681549003e+02 1.96361969130392388649e+00 1.87166631028938129644e-02
7.18435754189944191239e+02 1.96306367166456952056e+00 1.91511597007681493021e-02
7.21787709497206719789e+02 1.96250765202521515462e+00 1.95850083273264689854e-02
7.25139664804469248338e+02 1.96195163238586078869e+00 2.00188569538847886686e-02
7.28491620111731890574e+02 1.96139561274651752498e+00 2.04527055804431083519e-02
7.31843575418994419124e+02 1.96083959310717426128e+00 2.08865542070014280351e-02
7.35195530726256947673e+02 1.96028357346783099757e+00 2.13204028335597477184e-02
7.38547486033519589910e+02 1.95972755382849395112e+00 2.17542514601180674017e-02
7.41899441340782118459e+02 1.95917153418915690466e+00 2.21881000866763870849e-02
7.45251396648044647009e+02 1.95861551454981985820e+00 2.26219487132347067682e-02
7.48603351955307289245e+02 1.95805949491048281175e+00 2.30557973397930264514e-02
7.51955307262569817794e+02 1.95750347527114776369e+00 2.34862855434121269027e-02
7.55307262569832346344e+02 1.95694745563181271564e+00 2.39167737470312273540e-02
7.58659217877094988580e+02 1.95639143599247766758e+00 2.43472619506503278053e-02
7.62011173184357517130e+02 1.95583541635314261953e+00 2.47457835578176361946e-02
7.65363128491620045679e+02 1.95527939671380779352e+00 2.51443051649849445839e-02
7.68715083798882687915e+02 1.95472337707447296751e+00 2.55428267721522529732e-02
7.72067039106145330152e+02 1.95416735743513814150e+00 2.56383864711607137310e-02
7.75418994413407745014e+02 1.95361133779580331549e+00 2.57339461701691744888e-02
7.78770949720670387251e+02 1.95305531815646848948e+00 2.55202439936006997279e-02
7.82122905027933029487e+02 1.95249929851713366347e+00 2.53065418170322249669e-02
7.85474860335195558037e+02 1.95194327887779883746e+00 2.49334944058208218820e-02
7.88826815642458086586e+02 1.95138725923846401145e+00 2.45604469946094187971e-02
7.92178770949720728822e+02 1.95083123959912962953e+00 2.41705986229919442265e-02
7.95530726256983257372e+02 1.95027521995979524760e+00 2.37807502513744696560e-02
7.98882681564245785921e+02 1.94971920032046086568e+00 2.33909018797569950854e-02
8.02234636871508428158e+02 1.94916318068112737194e+00 2.30010535081395205148e-02
8.05586592178770956707e+02 1.94860716104179387820e+00 2.26112051365220459442e-02
8.08938547486033485256e+02 1.94805114140246038446e+00 2.22213567649045713737e-02
8.12290502793296127493e+02 1.94749512176312689071e+00 2.18315083932870968031e-02
8.15642458100558656042e+02 1.94693910212379339697e+00 2.14416600216696222325e-02
8.18994413407821184592e+02 1.94638308248446145754e+00 2.10518116500521476619e-02
8.22346368715083826828e+02 1.94582706284512951811e+00 2.06619632784346730914e-02
8.25698324022346355378e+02 1.94527104320579757868e+00 2.02721149068171985208e-02
8.29050279329608883927e+02 1.94471502356646719356e+00 1.98822665351997239502e-02
8.32402234636871526163e+02 1.94415900392713680844e+00 1.94924181635822493797e-02
8.35754189944134054713e+02 1.94360298428780642332e+00 1.91025697919647748091e-02
8.39106145251396583262e+02 1.94304696464847603821e+00 1.87127214203473002385e-02
8.42458100558659225499e+02 1.94249094500914698536e+00 1.83228730487298256679e-02
8.45810055865921867735e+02 1.94193492536981793251e+00 1.79330246771123510974e-02
8.49162011173184282598e+02 1.94137890573048887966e+00 1.75431763054948765268e-02
8.52513966480446924834e+02 1.94082288609115982680e+00 1.71533279338774019562e-02
8.55865921787709567070e+02 1.94026686645183188418e+00 1.67634795622599273857e-02
8.59217877094972095620e+02 1.93971084681250394155e+00 1.63736311906424528151e-02
8.62569832402234624169e+02 1.93915482717317599892e+00 1.59837828190249782445e-02
8.65921787709497266405e+02 1.93859880753384894447e+00 1.55939344474075019392e-02
8.69273743016759794955e+02 1.93804278789452189002e+00 1.52040860757900256339e-02
8.72625698324022323504e+02 1.93748676825519483558e+00 1.48142377041725493286e-02
8.75977653631284965741e+02 1.93693074861586778113e+00 1.44243893325550730233e-02
8.79329608938547494290e+02 1.93637472897654072668e+00 1.40345409609375967180e-02
8.82681564245810022840e+02 1.93581870933721433836e+00 1.36446925893201204127e-02
8.86033519553072665076e+02 1.93526268969788795005e+00 1.32548442177026441074e-02
8.89385474860335193625e+02 1.93470667005856156173e+00 1.28649958460851678022e-02
8.92737430167597722175e+02 1.93415065041923561751e+00 1.24751474744676914969e-02
8.96089385474860364411e+02 1.93359463077990967328e+00 1.20852991028502151916e-02
8.99441340782122892961e+02 1.93303861114058372905e+00 1.16954507312327388863e-02
9.02793296089385421510e+02 1.93248259150125778483e+00 1.13056023596152625810e-02
9.06145251396648063746e+02 1.93192657186193206265e+00 1.09157539879977845410e-02
9.09497206703910592296e+02 1.93137055222260634046e+00 1.05259056163803065009e-02
9.12849162011173234532e+02 1.93081453258328061828e+00 1.01360572447628562165e-02
9.16201117318435763082e+02 1.93025851294395489610e+00 9.74620887314540593205e-03
9.19553072625698291631e+02 1.92970249330462939596e+00 9.35636050152804758795e-03
9.22905027932960933867e+02 1.92914647366530389583e+00 8.96651212991068924385e-03
9.26256983240223462417e+02 1.92859045402597839569e+00 8.57666375829333089975e-03
9.29608938547485990966e+02 1.92803443438665289555e+00 8.18681538667597255565e-03
9.32960893854748633203e+02 1.92747841474732739542e+00 7.79696701505861421155e-03
9.36312849162011161752e+02 1.92692239510800189528e+00 7.40711864344125586745e-03
9.39664804469273690302e+02 1.92636637546867639514e+00 7.01727027182389752336e-03
9.43016759776536332538e+02 1.92581035582935089501e+00 6.62742190020653917926e-03
9.46368715083798861087e+02 1.92525433619002539487e+00 6.23757352858918083516e-03
9.49720670391061503324e+02 1.92469831655069989473e+00 5.84772515697182249106e-03
9.53072625698324031873e+02 1.92414229691137439460e+00 5.45787678535475037633e-03
9.56424581005586560423e+02 1.92358627727204889446e+00 5.06802841373767826161e-03
9.59776536312849202659e+02 1.92303025763272339432e+00 4.67818004212063043301e-03
9.63128491620111731208e+02 1.92247423799339789419e+00 4.28833167050358260441e-03
9.66480446927374259758e+02 1.92191821835407239405e+00 3.89848329888679541802e-03
9.69832402234636901994e+02 1.92136219871474689391e+00 3.50863492727000779794e-03
9.73184357541899430544e+02 1.92080617907542139378e+00 3.11878655568195890802e-03
9.76536312849161959093e+02 1.92025015943609589364e+00 2.72893818409391001809e-03
9.79888268156424601329e+02 1.91969413979677039350e+00 2.33908981256273533836e-03
9.83240223463687129879e+02 1.91913812015744489337e+00 1.94924144103156065863e-03
9.86592178770949772115e+02 1.91858210051811939323e+00 1.55939306950038597890e-03
9.89944134078212300665e+02 1.91802608087879389309e+00 1.16954469796921129918e-03
9.93296089385474829214e+02 1.91747006123946839296e+00 7.79696326438036511029e-04
9.96648044692737471451e+02 1.91691404160014289282e+00 3.89847954906861831302e-04
1.00000000000000000000e+03 1.91635802196081739268e+00 2.10585712295519695631e-11


TRANSMITTANCE WITH THE ESTIMATED THICKNESSES AND OPTICAL PARAMETERS

lambda                     t
4.00000000000000000000e+02 8.14003574113278283164e-01
4.03351955307262585393e+02 8.08091557903410251384e-01
4.06703910614525113942e+02 8.02577592164352093818e-01
4.10055865921787699335e+02 7.97478715872708132650e-01
4.13407821229050284728e+02 7.92806123452795108442e-01
4.16759776536312870121e+02 7.88566023868433774169e-01
4.20111731843575398671e+02 7.84760411807175484178e-01
4.23463687150837984063e+02 7.81387750506339018308e-01
4.26815642458100569456e+02 7.78443569319951511609e-01
4.30167597765363154849e+02 7.75920981404750853550e-01
4.33519553072625683399e+02 7.73811128222437250024e-01
4.36871508379888268792e+02 7.72103558172695936257e-01
4.40223463687150854184e+02 7.70786546794530846860e-01
4.43575418994413439577e+02 7.69847365763304924968e-01
4.46927374301675968127e+02 7.69272507489493384547e-01
4.50279329608938553520e+02 7.69047871582025810433e-01
4.53631284916201138913e+02 7.69158918838193317313e-01
4.56983240223463667462e+02 7.69590797807450766044e-01
4.60335195530726252855e+02 7.70328448377279539905e-01
4.63687150837988838248e+02 7.71356686263657054248e-01
4.67039106145251366797e+02 7.72660271766884565459e-01
4.70391061452513952190e+02 7.74223965680261194677e-01
4.73743016759776537583e+02 7.76032574815294529103e-01
4.77094972067039122976e+02 7.78070989231433474131e-01
4.80446927374301708369e+02 7.80324212927739568890e-01
4.83798882681564236918e+02 7.82777389464793915685e-01
4.87150837988826822311e+02 7.85415823733486617719e-01
4.90502793296089407704e+02 7.88225000869039238438e-01
4.93854748603351936254e+02 7.91190603119876989524e-01
4.97206703910614521646e+02 7.94298525318120174354e-01
5.00558659217877107039e+02 7.97534889458339946167e-01
5.03910614525139635589e+02 8.00886058770915010285e-01
5.07262569832402220982e+02 8.04338651573277330087e-01
5.10614525139664806375e+02 8.07879555094466406118e-01
5.13966480446927334924e+02 8.11495939393789278427e-01
5.17318435754189977160e+02 8.15175271431362480357e-01
5.20670391061452505710e+02 8.18905329295794293110e-01
5.24022346368715034259e+02 8.22674216550677517290e-01
5.27374301675977676496e+02 8.26470376626442071455e-01
5.30726256983240205045e+02 8.30282607156275331839e-01
5.34078212290502733595e+02 8.34100074133387825448e-01
5.37430167597765375831e+02 8.37912325751992592693e-01
5.40782122905027904380e+02 8.41709305784552719309e-01
5.44134078212290432930e+02 8.45481366342639484301e-01
5.47486033519553075166e+02 8.49219279868839826975e-01
5.50837988826815603716e+02 8.52914250210548563480e-01
5.54189944134078245952e+02 8.56557922632756763015e-01
5.57541899441340774501e+02 8.60142392638458264109e-01
5.60893854748603416738e+02 8.63660213476039717584e-01
5.64245810055865945287e+02 8.67104402229422976944e-01
5.67597765363128473837e+02 8.70468444402641705615e-01
5.70949720670391116073e+02 8.73626994232743592228e-01
5.74301675977653644622e+02 8.75257974547359096640e-01
5.77653631284916173172e+02 8.76795146244376710776e-01
5.81005586592178815408e+02 8.78235334456340832610e-01
5.84357541899441343958e+02 8.79575835486219204107e-01
5.87709497206703872507e+02 8.80814401367167265633e-01
5.91061452513966514744e+02 8.81949223397303416760e-01
5.94413407821229043293e+02 8.82978914750402243961e-01
5.97765363128491571842e+02 8.83902492270517647910e-01
6.01117318435754214079e+02 8.84719357566655539848e-01
6.04469273743016742628e+02 8.85429277526533997644e-01
6.07821229050279271178e+02 8.86032364370028968636e-01
6.11173184357541913414e+02 8.86529055365037899072e-01
6.14525139664804441963e+02 8.86920092326322628828e-01
6.17877094972066970513e+02 8.87206501014550563688e-01
6.21229050279329612749e+02 8.87389570551134543308e-01
6.24581005586592141299e+02 8.87470832953631938445e-01
6.27932960893854783535e+02 8.87452042900735982300e-01
6.31284916201117312085e+02 8.87335157816335429182e-01
6.34636871508379954321e+02 8.87122318363006034936e-01
6.37988826815642482870e+02 8.86815829424397850111e-01
6.41340782122905011420e+02 8.86418141647587032317e-01
6.44692737430167653656e+02 8.85931833607653707041e-01
6.48044692737430182206e+02 8.85359594648714942622e-01
6.51396648044692710755e+02 8.84704208446323470127e-01
6.54748603351955352991e+02 8.83968537328333914260e-01
6.58100558659217881541e+02 8.83155507382959004126e-01
6.61452513966480410090e+02 8.82268094374981770578e-01
6.64804469273743052327e+02 8.81309310484015173692e-01
6.68156424581005580876e+02 8.80282191871727515142e-01
6.71508379888268109426e+02 8.79189787078697104761e-01
6.74860335195530751662e+02 8.78035146245899067452e-01
6.78212290502793280211e+02 8.76821311150580151583e-01
6.81564245810055808761e+02 8.75551306041715271533e-01
6.84916201117318450997e+02 8.74228129256155561677e-01
6.88268156424580979547e+02 8.72854745593127812064e-01
6.91620111731843508096e+02 8.71434079421720908520e-01
6.94972067039106150332e+02 8.69969008493546636096e-01
6.98324022346368792569e+02 8.68462358430809655552e-01
7.01675977653631207431e+02 8.66916897858407087263e-01
7.05027932960893849668e+02 8.65335334147594670284e-01
7.08379888268156491904e+02 8.63720309738018721113e-01
7.11731843575419020453e+02 8.62074399004435054650e-01
7.15083798882681549003e+02 8.60400105634418044254e-01
7.18435754189944191239e+02 8.58699860483469579187e-01
7.21787709497206719789e+02 8.56977720010120957994e-01
7.25139664804469248338e+02 8.55234231303596881268e-01
7.28491620111731890574e+02 8.53471598568387945782e-01
7.31843575418994419124e+02 8.51691948751681082719e-01
7.35195530726256947673e+02 8.49897331299757419210e-01
7.38547486033519589910e+02 8.48089718205555231911e-01
7.41899441340782118459e+02 8.46271004320123143572e-01
7.45251396648044647009e+02 8.44443007901999331821e-01
7.48603351955307289245e+02 8.42607471379855033078e-01
7.51955307262569817794e+02 8.40774132980218413813e-01
7.55307262569832346344e+02 8.38936359316945101661e-01
7.58659217877094988580e+02 8.37095674732841410481e-01
7.62011173184357517130e+02 8.35328106576434858965e-01
7.65363128491620045679e+02 8.33559041070841222343e-01
7.68715083798882687915e+02 8.31789823589148991090e-01
7.72067039106145330152e+02 8.30708931017582807854e-01
7.75418994413407745014e+02 8.29618019543393092619e-01
7.78770949720670387251e+02 8.29208503648657058172e-01
7.82122905027933029487e+02 8.28780440130302609170e-01
7.85474860335195558037e+02 8.28685532543305458653e-01
7.88826815642458086586e+02 8.28569708398609661160e-01
7.92178770949720728822e+02 8.28470832388437217197e-01
7.95530726256983257372e+02 8.28353406991053975439e-01
7.98882681564245785921e+02 8.28218821461645493542e-01
8.02234636871508428158e+02 8.28068419747340911385e-01
8.05586592178770956707e+02 8.27903500799780367458e-01
8.08938547486033485256e+02 8.27725318979325663804e-01
8.12290502793296127493e+02 8.27535084541869414565e-01
8.15642458100558656042e+02 8.27333964199673199680e-01
8.18994413407821184592e+02 8.27123081748159405535e-01
8.22346368715083826828e+02 8.26903518751061827885e-01
8.25698324022346355378e+02 8.26676315276797524234e-01
8.29050279329608883927e+02 8.26442470679395579936e-01
8.32402234636871526163e+02 8.26202944417746554251e-01
8.35754189944134054713e+02 8.25958656907393895530e-01
8.39106145251396583262e+02 8.25710490399467089695e-01
8.42458100558659225499e+02 8.25459289881801505651e-01
8.45810055865921867735e+02 8.25205863997626964945e-01
8.49162011173184282598e+02 8.24950985977613626687e-01
8.52513966480446924834e+02 8.24695394581381302501e-01
8.55865921787709567070e+02 8.24439795044925038958e-01
8.59217877094972095620e+02 8.24184860030726773594e-01
8.62569832402234624169e+02 8.23931230577592876863e-01
8.65921787709497266405e+02 8.23679517047578468869e-01
8.69273743016759794955e+02 8.23430300067571230294e-01
8.72625698324022323504e+02 8.23184131463398638395e-01
8.75977653631284965741e+02 8.22941535184522399149e-01
8.79329608938547494290e+02 8.22703008217605891161e-01
8.82681564245810022840e+02 8.22469021487449714058e-01
8.86033519553072665076e+02 8.22240020743960298155e-01
8.89385474860335193625e+02 8.22016427433997165508e-01
8.92737430167597722175e+02 8.21798639557108301368e-01
8.96089385474860364411e+02 8.21587032504292325008e-01
8.99441340782122892961e+02 8.21381959879089462717e-01
9.02793296089385421510e+02 8.21183754300386370417e-01
9.06145251396648063746e+02 8.20992728186485054565e-01
9.09497206703910592296e+02 8.20809174520041207046e-01
9.12849162011173234532e+02 8.20633367593604501344e-01
9.16201117318435763082e+02 8.20465563735564562542e-01
9.19553072625698291631e+02 8.20306002016390700682e-01
9.22905027932960933867e+02 8.20154904935122108789e-01
9.26256983240223462417e+02 8.20012479086120293914e-01
9.29608938547485990966e+02 8.19878915806175445624e-01
9.32960893854748633203e+02 8.19754391802080317753e-01
9.36312849162011161752e+02 8.19639069758851257497e-01
9.39664804469273690302e+02 8.19533098928807879346e-01
9.43016759776536332538e+02 8.19436615701763626518e-01
9.46368715083798861087e+02 8.19349744156594228528e-01
9.49720670391061503324e+02 8.19272596594510571499e-01
9.53072625698324031873e+02 8.19205274054338294931e-01
9.56424581005586560423e+02 8.19147866810180591557e-01
9.59776536312849202659e+02 8.19100454851800940936e-01
9.63128491620111731208e+02 8.19063108348134560899e-01
9.66480446927374259758e+02 8.19035888094283071048e-01
9.69832402234636901994e+02 8.19018845942426798601e-01
9.73184357541899430544e+02 8.19012025216983130527e-01
9.76536312849161959093e+02 8.19015461114663945175e-01
9.79888268156424601329e+02 8.19029181089296343110e-01
9.83240223463687129879e+02 8.19053205222717850553e-01
9.86592178770949772115e+02 8.19087546581039105398e-01
9.89944134078212300665e+02 8.19132211557629497101e-01
9.93296089385474829214e+02 8.19187200202773024849e-01
9.96648044692737471451e+02 8.19252506540509517485e-01
1.00000000000000000000e+03 8.19328118200501887003e-01


QUADRATIC ERROR = 6.001149e-03
