ESTIMATED THICKNESSES NOBS=100

Thickness of film 1 = 170.00 nm

ESTIMATED INFLEXION POINTS

Inflexion point of the absorption coefficient of film 1 = 800.00 nm

ESTIMATED REFRACTIVE INDICES AND ABSORPTION COEFFICIENTS

Film 1

lambda                     n                          kappa
4.00000000000000000000e+02 2.00744240342217405981e+00 0.00000000000000000000e+00
4.06060606060606062329e+02 2.00657732845152869672e+00 0.00000000000000000000e+00
4.12121212121212124657e+02 2.00571225348088377771e+00 0.00000000000000000000e+00
4.18181818181818186986e+02 2.00484717851023885871e+00 0.00000000000000000000e+00
4.24242424242424249314e+02 2.00398210353959393970e+00 0.00000000000000000000e+00
4.30303030303030311643e+02 2.00311702856894946478e+00 0.00000000000000000000e+00
4.36363636363636373972e+02 2.00225195359830498987e+00 0.00000000000000000000e+00
4.42424242424242436300e+02 2.00138687862766051495e+00 0.00000000000000000000e+00
4.48484848484848498629e+02 2.00052180365701648412e+00 0.00000000000000000000e+00
4.54545454545454560957e+02 1.99965672868637245330e+00 0.00000000000000000000e+00
4.60606060606060623286e+02 1.99879165371572864451e+00 0.00000000000000000000e+00
4.66666666666666685614e+02 1.99792657874508639004e+00 0.00000000000000000000e+00
4.72727272727272747943e+02 1.99706150377444413557e+00 0.00000000000000000000e+00
4.78787878787878753428e+02 1.99619642880380188110e+00 0.00000000000000000000e+00
4.84848484848484872600e+02 1.99533135383316784228e+00 0.00000000000000000000e+00
4.90909090909090878085e+02 1.99446627886253380346e+00 0.00000000000000000000e+00
4.96969696969696997257e+02 1.99360120389189976464e+00 0.00000000000000000000e+00
5.03030303030303002743e+02 1.99273612892129703411e+00 0.00000000000000000000e+00
5.09090909090909121915e+02 1.99187105395069430358e+00 0.00000000000000000000e+00
5.15151515151515127400e+02 1.99100597898009157305e+00 0.00000000000000000000e+00
5.21212121212121246572e+02 1.99014090400956367155e+00 0.00000000000000000000e+00
5.27272727272727252057e+02 1.98927582903903577005e+00 0.00000000000000000000e+00
5.33333333333333371229e+02 1.98841075406850786855e+00 0.00000000000000000000e+00
5.39393939393939376714e+02 1.98754567909808965709e+00 0.00000000000000000000e+00
5.45454545454545495886e+02 1.98668060412767144562e+00 0.00000000000000000000e+00
5.51515151515151501371e+02 1.98581552915725323416e+00 0.00000000000000000000e+00
5.57575757575757506856e+02 1.98495045418693916162e+00 0.00000000000000000000e+00
5.63636363636363626028e+02 1.98408537921662508907e+00 0.00000000000000000000e+00
5.69696969696969745200e+02 1.98322030424631101653e+00 0.00000000000000000000e+00
5.75757575757575750686e+02 1.98235522927606466759e+00 5.43436927134908782239e-04
5.81818181818181756171e+02 1.98149015430581831865e+00 1.30616208826782233959e-03
5.87878787878787875343e+02 1.98062507933557196971e+00 2.06888724940073589695e-03
5.93939393939393994515e+02 1.97976000436535426452e+00 2.83161241053364945430e-03
6.00000000000000000000e+02 1.97889492939513655934e+00 3.59433756615627243713e-03
6.06060606060606005485e+02 1.97802985442491885415e+00 4.35706272177889541997e-03
6.12121212121212124657e+02 1.97716477945470670008e+00 5.11978787740151840280e-03
6.18181818181818243829e+02 1.97629970448449454601e+00 5.88251287008650231014e-03
6.24242424242424249314e+02 1.97543462951428239194e+00 6.64523786277148621748e-03
6.30303030303030254800e+02 1.97456955454407023787e+00 7.40796285545647012483e-03
6.36363636363636373972e+02 1.97370447957385808380e+00 8.17068385812463361673e-03
6.42424242424242493144e+02 1.97283940460364592973e+00 8.93340486079279710863e-03
6.48484848484848498629e+02 1.97197432963343954881e+00 9.69612586346096060053e-03
6.54545454545454504114e+02 1.97110925466323316790e+00 1.04588468661291240924e-02
6.60606060606060623286e+02 1.97024417969302678699e+00 1.12214067470114142733e-02
6.66666666666666742458e+02 1.96937910472283683738e+00 1.19839666278937044541e-02
6.72727272727272747943e+02 1.96851402975264688777e+00 1.27465265087759946350e-02
6.78787878787878753428e+02 1.96764895478245693816e+00 1.35077410587914961693e-02
6.84848484848484872600e+02 1.96678387981229452208e+00 1.42689556088069977036e-02
6.90909090909090878085e+02 1.96591880484213210600e+00 1.50265746733478505748e-02
6.96969696969696997257e+02 1.96505372987196968992e+00 1.57841937378887034460e-02
7.03030303030303002743e+02 1.96418865490184413325e+00 1.65418128024295563172e-02
7.09090909090909008228e+02 1.96332357993171857657e+00 1.72934761106151059507e-02
7.15151515151515127400e+02 1.96245850496159301990e+00 1.80451394188006555841e-02
7.21212121212121246572e+02 1.96159342999151053988e+00 1.87943932493451031085e-02
7.27272727272727252057e+02 1.96072835502142805986e+00 1.95436470798895506329e-02
7.33333333333333257542e+02 1.95986328005134557984e+00 2.02929009104339981573e-02
7.39393939393939376714e+02 1.95899820508130906305e+00 2.10408717334092491835e-02
7.45454545454545495886e+02 1.95813313011127254626e+00 2.17888425563845002098e-02
7.51515151515151501371e+02 1.95726805514123602947e+00 2.25368133793597512360e-02
7.57575757575757506856e+02 1.95640298017124458774e+00 2.32833634292797381216e-02
7.63636363636363626028e+02 1.95553790520125314600e+00 2.40299134791997250071e-02
7.69696969696969745200e+02 1.95467283023126170427e+00 2.47764635291197118927e-02
7.75757575757575750686e+02 1.95380775526131222897e+00 2.55230135790396987783e-02
7.81818181818181756171e+02 1.95294268029136275366e+00 2.58106424670007938982e-02
7.87878787878787875343e+02 1.95207760532141327836e+00 2.60982713549618890181e-02
7.93939393939393994515e+02 1.95121253035150088451e+00 2.63859002429229841380e-02
8.00000000000000000000e+02 1.95034745538158849065e+00 2.56098443560710195555e-02
8.06060606060606005485e+02 1.94948238041167609680e+00 2.48337884692190549729e-02
8.12121212121212124657e+02 1.94861730544179589941e+00 2.40577325823670903904e-02
8.18181818181818243829e+02 1.94775223047191570203e+00 2.32816766955151258078e-02
8.24242424242424249314e+02 1.94688715550203550464e+00 2.25056208086631612253e-02
8.30303030303030254800e+02 1.94602208053218328487e+00 2.17295649218111966428e-02
8.36363636363636373972e+02 1.94515700556233106511e+00 2.09535090349592320602e-02
8.42424242424242493144e+02 1.94429193059247884534e+00 2.01774531481072674777e-02
8.48484848484848498629e+02 1.94342685562265193866e+00 1.94013972612553028951e-02
8.54545454545454504114e+02 1.94256178065282503198e+00 1.86253413744033383126e-02
8.60606060606060623286e+02 1.94169670568299812530e+00 1.78492854875513737301e-02
8.66666666666666742458e+02 1.94083163071319542148e+00 1.70732296006994091475e-02
8.72727272727272747943e+02 1.93996655574339271766e+00 1.62971737138474445650e-02
8.78787878787878753428e+02 1.93910148077359001384e+00 1.55211178269954799824e-02
8.84848484848484872600e+02 1.93823640580381240106e+00 1.47450619401435136652e-02
8.90909090909090878085e+02 1.93737133083403478828e+00 1.39690060532915473479e-02
8.96969696969696997257e+02 1.93650625586425717550e+00 1.31929501664395810306e-02
9.03030303030303002743e+02 1.93564118089450865057e+00 1.24168942795876147134e-02
9.09090909090909008228e+02 1.93477610592476012563e+00 1.16408383927356483961e-02
9.15151515151515127400e+02 1.93391103095501160070e+00 1.08647825058836820789e-02
9.21212121212121246572e+02 1.93304595598530015721e+00 1.00887266190317157616e-02
9.27272727272727252057e+02 1.93218088101558871372e+00 9.31267073217974944432e-03
9.33333333333333371229e+02 1.93131580604587727024e+00 8.53661484532778312706e-03
9.39393939393939376714e+02 1.93045073107621711905e+00 7.76055895847584630010e-03
9.45454545454545495886e+02 1.92958565610655696787e+00 6.98450307162390947313e-03
9.51515151515151501371e+02 1.92872058113689681669e+00 6.20844718477197264617e-03
9.57575757575757620543e+02 1.92785550616730883000e+00 5.43239129792039750905e-03
9.63636363636363626028e+02 1.92699043119772084331e+00 4.65633541106882237193e-03
9.69696969696969745200e+02 1.92612535622813285663e+00 3.88027952421724723481e-03
9.75757575757575750686e+02 1.92526028125863435392e+00 3.10422363736567209769e-03
9.81818181818181756171e+02 1.92439520628913585121e+00 2.32816775052868511764e-03
9.87878787878787875343e+02 1.92353013131963734850e+00 1.55211186369169835443e-03
9.93939393939393880828e+02 1.92266505635019857579e+00 7.76055977134378614270e-04
1.00000000000000000000e+03 1.92179998138075980307e+00 9.05770589162733866684e-11


TRANSMITTANCE WITH THE ESTIMATED THICKNESSES AND OPTICAL PARAMETERS

lambda                     t
4.00000000000000000000e+02 8.17246808668500412942e-01
4.06060606060606062329e+02 8.06918384686893586100e-01
4.12121212121212124657e+02 7.97876297488550156878e-01
4.18181818181818186986e+02 7.90188379191492651366e-01
4.24242424242424249314e+02 7.83873935905856411566e-01
4.30303030303030311643e+02 7.78916612622684079170e-01
4.36363636363636373972e+02 7.75274563589006038278e-01
4.42424242424242436300e+02 7.72888245798579953671e-01
4.48484848484848498629e+02 7.71686242707355640746e-01
4.54545454545454560957e+02 7.71589525092580608145e-01
4.60606060606060623286e+02 7.72514512565000699418e-01
4.66666666666666685614e+02 7.74375240085799387835e-01
4.72727272727272747943e+02 7.77084873682865495681e-01
4.78787878787878753428e+02 7.80556765334933788658e-01
4.84848484848484872600e+02 7.84705191184807193672e-01
4.90909090909090878085e+02 7.89445880033627145345e-01
4.96969696969696997257e+02 7.94696409586788332646e-01
5.03030303030303002743e+02 8.00376524942276179608e-01
5.09090909090909121915e+02 8.06408416101700331602e-01
5.15151515151515127400e+02 8.12716977759390446501e-01
5.21212121212121246572e+02 8.19230064400132906854e-01
5.27272727272727252057e+02 8.25878746116841977454e-01
5.33333333333333371229e+02 8.32597565016207075139e-01
5.39393939393939376714e+02 8.39324788215002781655e-01
5.45454545454545495886e+02 8.46002650935267053178e-01
5.51515151515151501371e+02 8.52577581844186527249e-01
5.57575757575757506856e+02 8.59000402358606862663e-01
5.63636363636363626028e+02 8.65226491968571820301e-01
5.69696969696969745200e+02 8.71215912571749018234e-01
5.75757575757575750686e+02 8.74984294302576959268e-01
5.81818181818181756171e+02 8.77673373383451194130e-01
5.87878787878787875343e+02 8.80052922989521202446e-01
5.93939393939393994515e+02 8.82110004263929048385e-01
6.00000000000000000000e+02 8.83836036383290113427e-01
6.06060606060606005485e+02 8.85226471487188359966e-01
6.12121212121212124657e+02 8.86280448743846926973e-01
6.18181818181818243829e+02 8.87000434658287706391e-01
6.24242424242424249314e+02 8.87391853717961698322e-01
6.30303030303030254800e+02 8.87462721534616361119e-01
6.36363636363636373972e+02 8.87223294143179463944e-01
6.42424242424242493144e+02 8.86685675411234885956e-01
6.48484848484848498629e+02 8.85863519967973633840e-01
6.54545454545454504114e+02 8.84771701593848880485e-01
6.60606060606060623286e+02 8.83426522367778410683e-01
6.66666666666666742458e+02 8.81843910937708863607e-01
6.72727272727272747943e+02 8.80040721277698834157e-01
6.78787878787878753428e+02 8.78038021077860442176e-01
6.84848484848484872600e+02 8.75848686633221462650e-01
6.90909090909090878085e+02 8.73499993771923222141e-01
6.96969696969696997257e+02 8.70997717785439884430e-01
7.03030303030303002743e+02 8.68357962984451781097e-01
7.09090909090909008228e+02 8.65612702916881748827e-01
7.15151515151515127400e+02 8.62759931639933252967e-01
7.21212121212121246572e+02 8.59820355120370694024e-01
7.27272727272727252057e+02 8.56800924310380351834e-01
7.33333333333333257542e+02 8.53714483039646587770e-01
7.39393939393939376714e+02 8.50576352567419924355e-01
7.45454545454545495886e+02 8.47394497665312718127e-01
7.51515151515151501371e+02 8.44179471836804418139e-01
7.57575757575757506856e+02 8.40944476038164467901e-01
7.63636363636363626028e+02 8.37695050228472348763e-01
7.69696969696969745200e+02 8.34439540513469135696e-01
7.75757575757575750686e+02 8.31185600957512593645e-01
7.81818181818181756171e+02 8.28967026095090986360e-01
7.87878787878787875343e+02 8.26730335272061078733e-01
7.93939393939393994515e+02 8.24482555752939938465e-01
8.00000000000000000000e+02 8.24506016320628476457e-01
8.06060606060606005485e+02 8.24467554612724584651e-01
8.12121212121212124657e+02 8.24374788501079258651e-01
8.18181818181818243829e+02 8.24234904508181820404e-01
8.24242424242424249314e+02 8.24054663865051217897e-01
8.30303030303030254800e+02 8.23840411035268060935e-01
8.36363636363636373972e+02 8.23598084265773522361e-01
8.42424242424242493144e+02 8.23333227769413089625e-01
8.48484848484848498629e+02 8.23051005187061313073e-01
8.54545454545454504114e+02 8.22756214017949960571e-01
8.60606060606060623286e+02 8.22453300745222715129e-01
8.66666666666666742458e+02 8.22146376419391144985e-01
8.72727272727272747943e+02 8.21839232495237603793e-01
8.78787878787878753428e+02 8.21535356747691958290e-01
8.84848484848484872600e+02 8.21237949119357324435e-01
8.90909090909090878085e+02 8.20949937376731164740e-01
8.96969696969696997257e+02 8.20673992473918034740e-01
9.03030303030303002743e+02 8.20412543541882754994e-01
9.09090909090909008228e+02 8.20167792438217468920e-01
9.15151515151515127400e+02 8.19941727807159903563e-01
9.21212121212121246572e+02 8.19736138612460307762e-01
9.27272727272727252057e+02 8.19552627116695520115e-01
9.33333333333333371229e+02 8.19392621290055744865e-01
9.39393939393939376714e+02 8.19257386639632434466e-01
9.45454545454545495886e+02 8.19148037456972066828e-01
9.51515151515151501371e+02 8.19065547487135448002e-01
9.57575757575757620543e+02 8.19010760027185646948e-01
9.63636363636363626028e+02 8.18984397465724933696e-01
9.69696969696969745200e+02 8.18987070277914175342e-01
9.75757575757575750686e+02 8.19019285492895376954e-01
9.81818181818181756171e+02 8.19081454652165641406e-01
9.87878787878787875343e+02 8.19173901278711924512e-01
9.93939393939393880828e+02 8.19296867877016721238e-01
1.00000000000000000000e+03 8.19450522487487842405e-01


QUADRATIC ERROR = 3.451593e-03
