ESTIMATED THICKNESSES

Thickness of film 1 = 161.00 nm

ESTIMATED INFLEXION POINTS

Inflexion point of the absorption coefficient of film 1 = 285.00 nm

ESTIMATED REFRACTIVE INDICES AND ABSORPTION COEFFICIENTS

Film 1

lambda                     n                          kappa
2.85000000000000000000e+02 3.48046946212265417842e+00 1.07148454810123494596e+00
2.92689075630252091287e+02 3.33927223641025783252e+00 7.35544618084381207623e-01
3.00378151260504182574e+02 3.19807501069786148662e+00 3.99604688067527469286e-01
3.08067226890756273860e+02 3.05687778498546514072e+00 2.88800742537680843469e-01
3.15756302521008421991e+02 2.91568055927306879482e+00 1.77996797007834217652e-01
3.23445378151260513278e+02 2.77448333356067244893e+00 1.04489585319016434206e-01
3.31134453781512604564e+02 2.63328610784827610303e+00 3.09823736301986611685e-02
3.38823529411764695851e+02 2.49208888213587975713e+00 1.86660714536481323056e-02
3.46512605042016787138e+02 2.45878712486942285764e+00 6.34976927709760431001e-03
3.54201680672268935268e+02 2.42548536760296595816e+00 6.34976927709760431001e-03
3.61890756302521026555e+02 2.39218361033650905867e+00 6.34976927709760431001e-03
3.69579831932773117842e+02 2.35888185307005215918e+00 6.34976927709760431001e-03
3.77268907563025209129e+02 2.32558009580359525970e+00 6.34976927709760431001e-03
3.84957983193277300416e+02 2.29227833853713836021e+00 6.34976927709760431001e-03
3.92647058823529391702e+02 2.25897658127068146072e+00 6.34976927709760431001e-03
4.00336134453781482989e+02 2.22567482400422456124e+00 6.34976927709760431001e-03
4.08025210084033631119e+02 2.19237306673776766175e+00 6.34976927709760431001e-03
4.15714285714285722406e+02 2.15907130947131076226e+00 6.34976927709760431001e-03
4.23403361344537813693e+02 2.12576955220485386278e+00 6.34976927709760431001e-03
4.31092436974789961823e+02 2.09246779493839696329e+00 6.34976927709760431001e-03
4.38781512605042053110e+02 2.05916603767194006380e+00 6.34976927709760431001e-03
4.46470588235294144397e+02 2.02586428040548316432e+00 6.34976927709760431001e-03
4.54159663865546235684e+02 2.02586428040548316432e+00 6.34976927709760431001e-03
4.61848739495798326971e+02 2.02586428040548316432e+00 6.34976927709760431001e-03
4.69537815126050418257e+02 2.02586428040548316432e+00 6.34976927709760431001e-03
4.77226890756302509544e+02 2.02586428040548316432e+00 6.34976927709760431001e-03
4.84915966386554600831e+02 2.02586428040548316432e+00 6.34976927709760431001e-03
4.92605042016806692118e+02 2.02586428040548316432e+00 6.34976927709760431001e-03
5.00294117647058840248e+02 2.02586428040548316432e+00 6.34976927709760431001e-03
5.07983193277310931535e+02 2.02586428040548316432e+00 6.34976927709760431001e-03
5.15672268907562965978e+02 2.02586428040548316432e+00 6.34976927709760431001e-03
5.23361344537815170952e+02 2.02586428040548316432e+00 6.34976927709760431001e-03
5.31050420168067262239e+02 2.02586428040548316432e+00 6.34976927709760431001e-03
5.38739495798319353526e+02 2.02586428040548316432e+00 6.34976927709760431001e-03
5.46428571428571444812e+02 2.02586428040548316432e+00 6.34976927709760431001e-03
5.54117647058823536099e+02 2.02586428040548316432e+00 6.34976927709760431001e-03
5.61806722689075627386e+02 2.02586428040548316432e+00 6.34976927709760431001e-03
5.69495798319327718673e+02 2.02586428040548316432e+00 6.34976927709760431001e-03
5.77184873949579923647e+02 2.02586428040548316432e+00 6.34976927709760431001e-03
5.84873949579832014933e+02 2.02586428040548316432e+00 6.34976927709760431001e-03
5.92563025210084106220e+02 2.02586428040548316432e+00 6.34976927709760431001e-03
6.00252100840336197507e+02 2.02586428040548316432e+00 6.34976927709760431001e-03
6.07941176470588288794e+02 2.02586428040548316432e+00 6.34976927709760431001e-03
6.15630252100840380081e+02 2.02586428040548316432e+00 6.34976927709760431001e-03
6.23319327731092471367e+02 2.02586428040548316432e+00 6.34976927709760431001e-03
6.31008403361344562654e+02 2.02586428040548316432e+00 6.34976927709760431001e-03
6.38697478991596653941e+02 2.02586428040548316432e+00 6.34976927709760431001e-03
6.46386554621848745228e+02 2.02586428040548316432e+00 6.34976927709760431001e-03
6.54075630252100836515e+02 2.02586428040548316432e+00 6.34976927709760431001e-03
6.61764705882352927802e+02 2.02586428040548316432e+00 6.34976927709760431001e-03
6.69453781512605019088e+02 2.02586428040548316432e+00 6.34976927709760431001e-03
6.77142857142857110375e+02 2.02586428040548316432e+00 6.34976927709760431001e-03
6.84831932773109201662e+02 2.02586428040548316432e+00 6.34976927709760431001e-03
6.92521008403361292949e+02 2.02586428040548316432e+00 6.34976927709760431001e-03
7.00210084033613384236e+02 2.02586428040548316432e+00 6.34976927709760431001e-03
7.07899159663865475522e+02 2.02586428040548316432e+00 6.34976927709760431001e-03
7.15588235294117680496e+02 2.02586428040548316432e+00 6.34976927709760431001e-03
7.23277310924369771783e+02 2.02586428040548316432e+00 6.34976927709760431001e-03
7.30966386554621863070e+02 2.02586428040548316432e+00 6.34976927709760431001e-03
7.38655462184873954357e+02 2.02586428040548316432e+00 6.34976927709760431001e-03
7.46344537815126045643e+02 2.02586428040548316432e+00 6.34976927709760431001e-03
7.54033613445378136930e+02 2.02586428040548316432e+00 6.34976927709760431001e-03
7.61722689075630341904e+02 2.02586428040548316432e+00 6.34976927709760431001e-03
7.69411764705882433191e+02 2.02586428040548316432e+00 6.34976927709760431001e-03
7.77100840336134524478e+02 2.02586428040548316432e+00 6.34976927709760431001e-03
7.84789915966386615764e+02 2.02586428040548316432e+00 6.34976927709760431001e-03
7.92478991596638707051e+02 2.02586428040548316432e+00 6.34976927709760431001e-03
8.00168067226890798338e+02 2.02586428040548316432e+00 6.34976927709760431001e-03
8.07857142857142889625e+02 2.02586428040548316432e+00 6.34976927709760431001e-03
8.15546218487394980912e+02 2.02586428040548316432e+00 6.34976927709760431001e-03
8.23235294117647072198e+02 2.02586428040548316432e+00 6.34976927709760431001e-03
8.30924369747899163485e+02 2.02586428040548316432e+00 6.34976927709760431001e-03
8.38613445378151254772e+02 2.02586428040548316432e+00 6.34976927709760431001e-03
8.46302521008403346059e+02 2.02586428040548316432e+00 6.34976927709760431001e-03
8.53991596638655437346e+02 2.02586428040548316432e+00 6.34976927709760431001e-03
8.61680672268907528633e+02 2.02586428040548316432e+00 6.34976927709760431001e-03
8.69369747899159733606e+02 2.02586428040548316432e+00 6.34976927709760431001e-03
8.77058823529411824893e+02 2.02586428040548316432e+00 6.34976927709760431001e-03
8.84747899159663916180e+02 2.02586428040548316432e+00 6.34976927709760431001e-03
8.92436974789916007467e+02 2.02586428040548316432e+00 6.34976927709760431001e-03
9.00126050420168098753e+02 2.02586428040548316432e+00 6.34976927709760431001e-03
9.07815126050420190040e+02 2.02586428040548316432e+00 6.34976927709760431001e-03
9.15504201680672281327e+02 2.02586428040548316432e+00 6.34976927709760431001e-03
9.23193277310924372614e+02 2.02586428040548316432e+00 6.34976927709760431001e-03
9.30882352941176463901e+02 2.02586428040548316432e+00 6.34976927709760431001e-03
9.38571428571428555188e+02 2.02586428040548316432e+00 6.34976927709760431001e-03
9.46260504201680646474e+02 2.02586428040548316432e+00 6.34976927709760431001e-03
9.53949579831932737761e+02 2.02586428040548316432e+00 6.34976927709760431001e-03
9.61638655462184942735e+02 2.02586428040548316432e+00 6.34976927709760431001e-03
9.69327731092437034022e+02 2.02586428040548316432e+00 6.34976927709760431001e-03
9.77016806722689125309e+02 2.02586428040548316432e+00 6.34976927709760431001e-03
9.84705882352941216595e+02 2.02586428040548316432e+00 6.34976927709760431001e-03
9.92394957983193307882e+02 2.02586428040548316432e+00 6.34976927709760431001e-03
1.00008403361344539917e+03 2.02586428040548316432e+00 6.34976927709760431001e-03
1.00777310924369749046e+03 2.02586428040548316432e+00 6.34976927709760431001e-03
1.01546218487394958174e+03 2.02586428040548316432e+00 6.34976927709760431001e-03
1.02315126050420167303e+03 2.02586428040548316432e+00 6.34976927709760431001e-03
1.03084033613445376432e+03 2.02586428040548316432e+00 6.34976927709760431001e-03
1.03852941176470585560e+03 2.02586428040548316432e+00 6.34976927709760431001e-03
1.04621848739495817426e+03 2.02586428040548316432e+00 6.34976927709760431001e-03
1.05390756302521003818e+03 2.02586428040548316432e+00 6.34976927709760431001e-03
1.06159663865546235684e+03 2.02586428040548316432e+00 6.34976927709760431001e-03
1.06928571428571422075e+03 2.02586428040548316432e+00 6.34976927709760431001e-03
1.07697478991596653941e+03 2.02586428040548316432e+00 6.34976927709760431001e-03
1.08466386554621840332e+03 2.02586428040548316432e+00 6.34976927709760431001e-03
1.09235294117647072198e+03 2.02586428040548316432e+00 6.34976927709760431001e-03
1.10004201680672258590e+03 2.02586428040548316432e+00 6.34976927709760431001e-03
1.10773109243697490456e+03 2.02586428040548316432e+00 6.34976927709760431001e-03
1.11542016806722676847e+03 2.02586428040548316432e+00 6.34976927709760431001e-03
1.12310924369747908713e+03 2.02586428040548316432e+00 6.34976927709760431001e-03
1.13079831932773095104e+03 2.02586428040548316432e+00 6.34976927709760431001e-03
1.13848739495798326971e+03 2.02586428040548316432e+00 6.34976927709760431001e-03
1.14617647058823536099e+03 2.02586428040548316432e+00 6.34976927709760431001e-03
1.15386554621848745228e+03 2.02586428040548316432e+00 6.34976927709760431001e-03
1.16155462184873954357e+03 2.02586428040548316432e+00 6.34976927709760431001e-03
1.16924369747899163485e+03 2.02586428040548316432e+00 6.34976927709760431001e-03
1.17693277310924372614e+03 2.02586428040548316432e+00 6.34976927709760431001e-03
1.18462184873949581743e+03 2.02586428040548316432e+00 6.34976927709760431001e-03
1.19231092436974790871e+03 2.02586428040548316432e+00 6.34976927709760431001e-03
1.20000000000000000000e+03 2.02586428040548316432e+00 6.34976927709760431001e-03


TRANSMITTANCE WITH THE ESTIMATED THICKNESSES AND OPTICAL PARAMETERS

lambda                     t
2.85000000000000000000e+02 2.80678062411821450505e-04
2.92689075630252091287e+02 3.64454393277573477847e-03
3.00378151260504182574e+02 4.05272884533642782645e-02
3.08067226890756273860e+02 9.60486878892494316817e-02
3.15756302521008421991e+02 2.32333050350215258861e-01
3.23445378151260513278e+02 3.64405268617230493344e-01
3.31134453781512604564e+02 5.02758143458165940309e-01
3.38823529411764695851e+02 5.90152579884972050550e-01
3.46512605042016787138e+02 6.89950517043812938667e-01
3.54201680672268935268e+02 7.59643800217100317873e-01
3.61890756302521026555e+02 8.24011973896387250882e-01
3.69579831932773117842e+02 8.66025702457456580952e-01
3.77268907563025209129e+02 8.76858726483798700535e-01
3.84957983193277300416e+02 8.60484017875024265187e-01
3.92647058823529391702e+02 8.28860218700609774345e-01
4.00336134453781482989e+02 7.94001636070578387105e-01
4.08025210084033631119e+02 7.63863420838610474028e-01
4.15714285714285722406e+02 7.42274882237204058910e-01
4.23403361344537813693e+02 7.30334788545234259161e-01
4.31092436974789961823e+02 7.27667049619717065667e-01
4.38781512605042053110e+02 7.33167541711106318658e-01
4.46470588235294144397e+02 7.45361525690495074770e-01
4.54159663865546235684e+02 7.48447137649788762914e-01
4.61848739495798326971e+02 7.52772524091982142558e-01
4.69537815126050418257e+02 7.58171801465440164947e-01
4.77226890756302509544e+02 7.64482352371661955104e-01
4.84915966386554600831e+02 7.71546019680417360931e-01
4.92605042016806692118e+02 7.79209991592781259229e-01
5.00294117647058840248e+02 7.87327554118995354138e-01
5.07983193277310931535e+02 7.95758808487128099785e-01
5.15672268907562965978e+02 8.04371396075784339530e-01
5.23361344537815170952e+02 8.13041236236876296850e-01
5.31050420168067262239e+02 8.21653258400075525714e-01
5.38739495798319353526e+02 8.30102096016832047276e-01
5.46428571428571444812e+02 8.38292703949830242394e-01
5.54117647058823536099e+02 8.46140861082428141771e-01
5.61806722689075627386e+02 8.53573524713983178280e-01
5.69495798319327718673e+02 8.60529011355812167849e-01
5.77184873949579923647e+02 8.66956988569168252035e-01
5.84873949579832014933e+02 8.72818273305258740535e-01
5.92563025210084106220e+02 8.78084442767202433267e-01
6.00252100840336197507e+02 8.82737273248998755015e-01
6.07941176470588288794e+02 8.86768030077592306348e-01
6.15630252100840380081e+02 8.90176637300072903791e-01
6.23319327731092471367e+02 8.92970758973595679642e-01
6.31008403361344562654e+02 8.95164824904959854912e-01
6.38697478991596653941e+02 8.96779032698878486585e-01
6.46386554621848745228e+02 8.97838355377851837780e-01
6.54075630252100836515e+02 8.98371580064347696748e-01
6.61764705882352927802e+02 8.98410398710963176150e-01
6.69453781512605019088e+02 8.97988567038887519622e-01
6.77142857142857110375e+02 8.97141143051673695119e-01
6.84831932773109201662e+02 8.95903812005846011957e-01
6.92521008403361292949e+02 8.94312300736303522619e-01
7.00210084033613384236e+02 8.92401880869266972418e-01
7.07899159663865475522e+02 8.90206957757455508151e-01
7.15588235294117680496e+02 8.87760739935962495117e-01
7.23277310924369771783e+02 8.85094982477833136514e-01
7.30966386554621863070e+02 8.82239796754669236556e-01
7.38655462184873954357e+02 8.79223518694815631136e-01
7.46344537815126045643e+02 8.76072627590422037258e-01
7.54033613445378136930e+02 8.72811707748500587023e-01
7.61722689075630341904e+02 8.69463445730806028244e-01
7.69411764705882433191e+02 8.66048656514304071585e-01
7.77100840336134524478e+02 8.62586332570777769568e-01
7.84789915966386615764e+02 8.59093710564945101105e-01
7.92478991596638707051e+02 8.55586351070350414894e-01
8.00168067226890798338e+02 8.52078227375628105555e-01
8.07857142857142889625e+02 8.48581820083232130081e-01
8.15546218487394980912e+02 8.45108214777503641280e-01
8.23235294117647072198e+02 8.41667200553533056961e-01
8.30924369747899163485e+02 8.38267367650983641347e-01
8.38613445378151254772e+02 8.34916202829154241449e-01
8.46302521008403346059e+02 8.31620181454267748400e-01
8.53991596638655437346e+02 8.28384855551737575574e-01
8.61680672268907528633e+02 8.25214937310072671472e-01
8.69369747899159733606e+02 8.22114377714592059476e-01
8.77058823529411824893e+02 8.19086440143538929703e-01
8.84747899159663916180e+02 8.16133768881661225691e-01
8.92436974789916007467e+02 8.13258452601660741799e-01
9.00126050420168098753e+02 8.10462082936348471307e-01
9.07815126050420190040e+02 8.07745808317872238113e-01
9.15504201680672281327e+02 8.05110383298229814741e-01
9.23193277310924372614e+02 8.02556213590543632286e-01
9.30882352941176463901e+02 8.00083397085652348046e-01
9.38571428571428555188e+02 7.97691761105638219576e-01
9.46260504201680646474e+02 7.95380896156772099204e-01
9.53949579831932737761e+02 7.93150186440426341328e-01
9.61638655462184942735e+02 7.90998837373089513925e-01
9.69327731092437034022e+02 7.88925900356616804920e-01
9.77016806722689125309e+02 7.86930295028137383184e-01
9.84705882352941216595e+02 7.85010829206221005805e-01
9.92394957983193307882e+02 7.83166216736449816160e-01
1.00008403361344539917e+03 7.81395093425923170649e-01
1.00777310924369749046e+03 7.79696031242631093505e-01
1.01546218487394958174e+03 7.78067550942388330704e-01
1.02315126050420167303e+03 7.76508133273204670388e-01
1.03084033613445376432e+03 7.75016228894744529931e-01
1.03852941176470585560e+03 7.73590267138957399240e-01
1.04621848739495817426e+03 7.72228663727060227195e-01
1.05390756302521003818e+03 7.70929827547883750327e-01
1.06159663865546235684e+03 7.69692166593125670637e-01
1.06928571428571422075e+03 7.68514093136286935426e-01
1.07697478991596653941e+03 7.67394028233991720711e-01
1.08466386554621840332e+03 7.66330405620931687238e-01
1.09235294117647072198e+03 7.65321675062890394159e-01
1.10004201680672258590e+03 7.64366305226038988963e-01
1.10773109243697490456e+03 7.63462786115012503885e-01
1.11542016806722676847e+03 7.62609631127108555937e-01
1.12310924369747908713e+03 7.61805378765203489166e-01
1.13079831932773095104e+03 7.61048594047732840373e-01
1.13848739495798326971e+03 7.60337869650192565985e-01
1.14617647058823536099e+03 7.59671826809097616717e-01
1.15386554621848745228e+03 7.59049116016169866938e-01
1.16155462184873954357e+03 7.58468417527647709164e-01
1.16924369747899163485e+03 7.57928441711025580041e-01
1.17693277310924372614e+03 7.57427929249188336414e-01
1.18462184873949581743e+03 7.56965651219807411643e-01
1.19231092436974790871e+03 7.56540409065953323164e-01
1.20000000000000000000e+03 7.56151034472197003389e-01


QUADRATIC ERROR = 7.747025e-02
