# ITO - d=165.00nm, RMS=0.089128
# λ(nm)  T_exp  T_calc  Residual
4.000000e+02 8.404000e-01 8.422627e-01 1.862716e-03
4.010000e+02 8.379000e-01 8.375736e-01 -3.264243e-04
4.020000e+02 8.353000e-01 8.333086e-01 -1.991413e-03
4.030000e+02 8.328000e-01 8.294653e-01 -3.334684e-03
4.040000e+02 8.304000e-01 8.260359e-01 -4.364119e-03
4.050000e+02 8.279000e-01 8.230077e-01 -4.892302e-03
4.060000e+02 8.255000e-01 8.203642e-01 -5.135817e-03
4.070000e+02 8.231000e-01 8.180854e-01 -5.014600e-03
4.080000e+02 8.208000e-01 8.161487e-01 -4.651345e-03
4.090000e+02 8.185000e-01 8.145290e-01 -3.970954e-03
4.100000e+02 8.163000e-01 8.132000e-01 -3.100044e-03
4.110000e+02 8.140000e-01 8.121335e-01 -1.866499e-03
4.120000e+02 8.118000e-01 8.113009e-01 -4.990666e-04
4.130000e+02 8.097000e-01 8.106730e-01 9.730017e-04
4.140000e+02 8.076000e-01 8.102203e-01 2.620271e-03
4.150000e+02 8.055000e-01 8.099134e-01 4.413405e-03
4.160000e+02 8.035000e-01 8.097234e-01 6.223412e-03
4.170000e+02 8.015000e-01 8.096219e-01 8.121860e-03
4.180000e+02 7.996000e-01 8.095811e-01 9.981057e-03
4.190000e+02 7.976000e-01 8.095742e-01 1.197421e-02
4.200000e+02 7.958000e-01 8.095755e-01 1.377553e-02
4.210000e+02 7.940000e-01 8.095604e-01 1.556037e-02
4.220000e+02 7.922000e-01 8.095053e-01 1.730529e-02
4.230000e+02 7.905000e-01 8.093881e-01 1.888811e-02
4.240000e+02 7.888000e-01 8.091880e-01 2.038799e-02
4.250000e+02 7.872000e-01 8.088855e-01 2.168545e-02
4.260000e+02 7.856000e-01 8.084759e-01 2.287590e-02
4.270000e+02 7.840000e-01 8.079678e-01 2.396784e-02
4.280000e+02 7.826000e-01 8.073641e-01 2.476415e-02
4.290000e+02 7.811000e-01 8.066695e-01 2.556954e-02
4.300000e+02 7.797000e-01 8.058903e-01 2.619030e-02
4.310000e+02 7.784000e-01 8.050340e-01 2.663401e-02
4.320000e+02 7.771000e-01 8.041093e-01 2.700933e-02
4.330000e+02 7.759000e-01 8.031258e-01 2.722581e-02
4.340000e+02 7.747000e-01 8.020937e-01 2.739374e-02
4.350000e+02 7.737000e-01 8.010240e-01 2.732399e-02
4.360000e+02 7.726000e-01 7.999280e-01 2.732799e-02
4.370000e+02 7.716000e-01 7.988176e-01 2.721757e-02
4.380000e+02 7.707000e-01 7.977050e-01 2.700496e-02
4.390000e+02 7.698000e-01 7.966028e-01 2.680277e-02
4.400000e+02 7.690000e-01 7.955239e-01 2.652394e-02
4.410000e+02 7.683000e-01 7.944818e-01 2.618183e-02
4.420000e+02 7.676000e-01 7.934902e-01 2.589018e-02
4.430000e+02 7.670000e-01 7.925633e-01 2.556326e-02
4.440000e+02 7.664000e-01 7.917159e-01 2.531585e-02
4.450000e+02 7.659000e-01 7.909634e-01 2.506344e-02
4.460000e+02 7.654000e-01 7.903223e-01 2.492227e-02
4.470000e+02 7.650000e-01 7.898095e-01 2.480950e-02
4.480000e+02 7.647000e-01 7.894433e-01 2.474333e-02
4.490000e+02 7.643000e-01 7.892431e-01 2.494314e-02
4.500000e+02 7.641000e-01 7.892296e-01 2.512965e-02
4.510000e+02 7.638000e-01 7.893465e-01 2.554645e-02
4.520000e+02 7.637000e-01 7.895221e-01 2.582215e-02
4.530000e+02 7.636000e-01 7.897559e-01 2.615592e-02
4.540000e+02 7.635000e-01 7.900468e-01 2.654680e-02
4.550000e+02 7.634000e-01 7.903937e-01 2.699371e-02
4.560000e+02 7.634000e-01 7.907954e-01 2.739539e-02
4.570000e+02 7.635000e-01 7.912504e-01 2.775045e-02
4.580000e+02 7.636000e-01 7.917574e-01 2.815735e-02
4.590000e+02 7.638000e-01 7.923144e-01 2.851443e-02
4.600000e+02 7.639000e-01 7.929199e-01 2.901987e-02
4.610000e+02 7.642000e-01 7.935717e-01 2.937172e-02
4.620000e+02 7.644000e-01 7.942679e-01 2.986792e-02
4.630000e+02 7.647000e-01 7.950063e-01 3.030625e-02
4.640000e+02 7.650000e-01 7.957844e-01 3.078441e-02
4.650000e+02 7.653000e-01 7.966000e-01 3.129995e-02
4.660000e+02 7.657000e-01 7.974503e-01 3.175034e-02
4.670000e+02 7.662000e-01 7.983329e-01 3.213294e-02
4.680000e+02 7.666000e-01 7.992450e-01 3.264499e-02
4.690000e+02 7.671000e-01 8.001837e-01 3.308369e-02
4.700000e+02 7.676000e-01 8.011461e-01 3.354612e-02
4.710000e+02 7.682000e-01 8.021293e-01 3.392930e-02
4.720000e+02 7.688000e-01 8.031302e-01 3.433018e-02
4.730000e+02 7.694000e-01 8.041457e-01 3.474566e-02
4.740000e+02 7.700000e-01 8.051726e-01 3.517258e-02
4.750000e+02 7.707000e-01 8.062077e-01 3.550775e-02
4.760000e+02 7.714000e-01 8.072609e-01 3.586093e-02
4.770000e+02 7.722000e-01 8.083433e-01 3.614330e-02
4.780000e+02 7.729000e-01 8.094537e-01 3.655370e-02
4.790000e+02 7.737000e-01 8.105910e-01 3.689096e-02
4.800000e+02 7.745000e-01 8.117539e-01 3.725386e-02
4.810000e+02 7.753000e-01 8.129412e-01 3.764118e-02
4.820000e+02 7.762000e-01 8.141517e-01 3.795168e-02
4.830000e+02 7.771000e-01 8.153841e-01 3.828407e-02
4.840000e+02 7.780000e-01 8.166371e-01 3.863708e-02
4.850000e+02 7.789000e-01 8.179094e-01 3.900940e-02
4.860000e+02 7.798000e-01 8.191997e-01 3.939972e-02
4.870000e+02 7.808000e-01 8.205067e-01 3.970672e-02
4.880000e+02 7.817000e-01 8.218291e-01 4.012906e-02
4.890000e+02 7.827000e-01 8.231654e-01 4.046541e-02
4.900000e+02 7.838000e-01 8.245144e-01 4.071441e-02
4.910000e+02 7.848000e-01 8.258747e-01 4.107474e-02
4.920000e+02 7.859000e-01 8.272450e-01 4.134502e-02
4.930000e+02 7.869000e-01 8.286239e-01 4.172393e-02
4.940000e+02 7.880000e-01 8.300101e-01 4.201012e-02
4.950000e+02 7.891000e-01 8.314023e-01 4.230226e-02
4.960000e+02 7.902000e-01 8.327990e-01 4.259902e-02
4.970000e+02 7.913000e-01 8.341991e-01 4.289907e-02
4.980000e+02 7.924000e-01 8.356011e-01 4.320112e-02
4.990000e+02 7.936000e-01 8.370039e-01 4.340387e-02
5.000000e+02 7.947000e-01 8.384060e-01 4.370604e-02
5.010000e+02 7.959000e-01 8.398146e-01 4.391463e-02
5.020000e+02 7.971000e-01 8.412368e-01 4.413683e-02
5.030000e+02 7.983000e-01 8.426717e-01 4.437167e-02
5.040000e+02 7.995000e-01 8.441181e-01 4.461815e-02
5.050000e+02 8.007000e-01 8.455753e-01 4.487529e-02
5.060000e+02 8.019000e-01 8.470421e-01 4.514211e-02
5.070000e+02 8.031000e-01 8.485176e-01 4.541763e-02
5.080000e+02 8.043000e-01 8.500009e-01 4.570087e-02
5.090000e+02 8.055000e-01 8.514908e-01 4.599084e-02
5.100000e+02 8.068000e-01 8.529866e-01 4.618659e-02
5.110000e+02 8.080000e-01 8.544871e-01 4.648715e-02
5.120000e+02 8.093000e-01 8.559916e-01 4.669156e-02
5.130000e+02 8.105000e-01 8.574989e-01 4.699887e-02
5.140000e+02 8.117000e-01 8.590082e-01 4.730816e-02
5.150000e+02 8.130000e-01 8.605185e-01 4.751848e-02
5.160000e+02 8.142000e-01 8.620289e-01 4.782894e-02
5.170000e+02 8.155000e-01 8.635386e-01 4.803863e-02
5.180000e+02 8.167000e-01 8.650467e-01 4.834666e-02
5.190000e+02 8.180000e-01 8.665522e-01 4.855216e-02
5.200000e+02 8.192000e-01 8.680543e-01 4.885427e-02
5.210000e+02 8.204000e-01 8.695522e-01 4.915216e-02
5.220000e+02 8.217000e-01 8.710450e-01 4.934501e-02
5.230000e+02 8.229000e-01 8.725320e-01 4.963200e-02
5.240000e+02 8.242000e-01 8.740124e-01 4.981236e-02
5.250000e+02 8.254000e-01 8.754853e-01 5.008533e-02
5.260000e+02 8.266000e-01 8.769501e-01 5.035015e-02
5.270000e+02 8.279000e-01 8.784061e-01 5.050610e-02
5.280000e+02 8.291000e-01 8.798525e-01 5.075249e-02
5.290000e+02 8.303000e-01 8.812886e-01 5.098864e-02
5.300000e+02 8.315000e-01 8.827139e-01 5.121388e-02
5.310000e+02 8.327000e-01 8.841276e-01 5.142759e-02
5.320000e+02 8.339000e-01 8.855292e-01 5.162916e-02
5.330000e+02 8.351000e-01 8.869180e-01 5.181799e-02
5.340000e+02 8.363000e-01 8.882935e-01 5.199353e-02
5.350000e+02 8.375000e-01 8.896552e-01 5.215523e-02
5.360000e+02 8.387000e-01 8.910026e-01 5.230259e-02
5.370000e+02 8.399000e-01 8.923351e-01 5.243511e-02
5.380000e+02 8.410000e-01 8.936523e-01 5.265233e-02
5.390000e+02 8.422000e-01 8.949538e-01 5.275380e-02
5.400000e+02 8.433000e-01 8.962391e-01 5.293910e-02
5.410000e+02 8.445000e-01 8.975079e-01 5.300785e-02
5.420000e+02 8.456000e-01 8.987597e-01 5.315967e-02
5.430000e+02 8.467000e-01 8.999942e-01 5.329422e-02
5.440000e+02 8.477000e-01 9.012112e-01 5.351117e-02
5.450000e+02 8.488000e-01 9.024102e-01 5.361023e-02
5.460000e+02 8.499000e-01 9.035911e-01 5.369111e-02
5.470000e+02 8.510000e-01 9.047536e-01 5.375356e-02
5.480000e+02 8.520000e-01 9.058974e-01 5.389735e-02
5.490000e+02 8.531000e-01 9.070223e-01 5.392227e-02
5.500000e+02 8.541000e-01 9.081281e-01 5.402812e-02
5.510000e+02 8.551000e-01 9.092240e-01 5.412403e-02
5.520000e+02 8.561000e-01 9.103190e-01 5.421905e-02
5.530000e+02 8.571000e-01 9.114129e-01 5.431288e-02
5.540000e+02 8.581000e-01 9.125053e-01 5.440525e-02
5.550000e+02 8.591000e-01 9.135959e-01 5.449587e-02
5.560000e+02 8.600000e-01 9.146845e-01 5.468445e-02
5.570000e+02 8.609000e-01 9.157707e-01 5.487073e-02
5.580000e+02 8.619000e-01 9.168544e-01 5.495443e-02
5.590000e+02 8.628000e-01 9.179353e-01 5.513529e-02
5.600000e+02 8.637000e-01 9.190130e-01 5.531303e-02
5.610000e+02 8.645000e-01 9.200874e-01 5.558741e-02
5.620000e+02 8.654000e-01 9.211582e-01 5.575815e-02
5.630000e+02 8.662000e-01 9.222250e-01 5.602502e-02
5.640000e+02 8.670000e-01 9.232877e-01 5.628775e-02
5.650000e+02 8.678000e-01 9.243461e-01 5.654610e-02
5.660000e+02 8.686000e-01 9.253998e-01 5.679984e-02
5.670000e+02 8.694000e-01 9.264487e-01 5.704871e-02
5.680000e+02 8.702000e-01 9.274925e-01 5.729249e-02
5.690000e+02 8.709000e-01 9.285310e-01 5.763095e-02
5.700000e+02 8.717000e-01 9.295639e-01 5.786386e-02
5.710000e+02 8.724000e-01 9.305910e-01 5.819098e-02
5.720000e+02 8.731000e-01 9.316121e-01 5.851212e-02
5.730000e+02 8.737000e-01 9.326270e-01 5.892704e-02
5.740000e+02 8.744000e-01 9.336355e-01 5.923553e-02
5.750000e+02 8.750000e-01 9.346374e-01 5.963739e-02
5.760000e+02 8.756000e-01 9.356324e-01 6.003241e-02
5.770000e+02 8.763000e-01 9.366204e-01 6.032038e-02
5.780000e+02 8.769000e-01 9.376011e-01 6.070112e-02
5.790000e+02 8.774000e-01 9.385744e-01 6.117442e-02
5.800000e+02 8.780000e-01 9.395401e-01 6.154009e-02
5.810000e+02 8.786000e-01 9.404980e-01 6.189795e-02
5.820000e+02 8.791000e-01 9.414478e-01 6.234782e-02
5.830000e+02 8.796000e-01 9.423895e-01 6.278950e-02
5.840000e+02 8.801000e-01 9.433228e-01 6.322284e-02
5.850000e+02 8.806000e-01 9.442476e-01 6.364765e-02
5.860000e+02 8.811000e-01 9.451638e-01 6.406376e-02
5.870000e+02 8.815000e-01 9.460710e-01 6.457101e-02
5.880000e+02 8.820000e-01 9.469692e-01 6.496923e-02
5.890000e+02 8.824000e-01 9.478583e-01 6.545828e-02
5.900000e+02 8.828000e-01 9.487380e-01 6.593798e-02
5.910000e+02 8.832000e-01 9.496082e-01 6.640820e-02
5.920000e+02 8.836000e-01 9.504688e-01 6.686878e-02
5.930000e+02 8.840000e-01 9.513196e-01 6.731958e-02
5.940000e+02 8.844000e-01 9.521604e-01 6.776045e-02
5.950000e+02 8.847000e-01 9.529913e-01 6.829126e-02
5.960000e+02 8.851000e-01 9.538119e-01 6.871187e-02
5.970000e+02 8.854000e-01 9.546222e-01 6.922215e-02
5.980000e+02 8.856000e-01 9.554220e-01 6.982198e-02
5.990000e+02 8.859000e-01 9.562112e-01 7.031123e-02
6.000000e+02 8.862000e-01 9.569898e-01 7.078977e-02
6.010000e+02 8.864000e-01 9.577655e-01 7.136549e-02
6.020000e+02 8.867000e-01 9.585460e-01 7.184599e-02
6.030000e+02 8.869000e-01 9.593307e-01 7.243074e-02
6.040000e+02 8.871000e-01 9.601192e-01 7.301920e-02
6.050000e+02 8.873000e-01 9.609109e-01 7.361085e-02
6.060000e+02 8.875000e-01 9.617052e-01 7.420516e-02
6.070000e+02 8.876000e-01 9.625016e-01 7.490162e-02
6.080000e+02 8.878000e-01 9.632997e-01 7.549970e-02
6.090000e+02 8.880000e-01 9.640989e-01 7.609888e-02
6.100000e+02 8.881000e-01 9.648987e-01 7.679866e-02
6.110000e+02 8.882000e-01 9.656985e-01 7.749852e-02
6.120000e+02 8.883000e-01 9.664980e-01 7.819796e-02
6.130000e+02 8.884000e-01 9.672965e-01 7.889646e-02
6.140000e+02 8.885000e-01 9.680935e-01 7.959354e-02
6.150000e+02 8.886000e-01 9.688887e-01 8.028869e-02
6.160000e+02 8.886000e-01 9.696814e-01 8.108141e-02
6.170000e+02 8.887000e-01 9.704712e-01 8.177121e-02
6.180000e+02 8.887000e-01 9.712576e-01 8.255761e-02
6.190000e+02 8.887000e-01 9.720401e-01 8.334012e-02
6.200000e+02 8.887000e-01 9.728183e-01 8.411826e-02
6.210000e+02 8.887000e-01 9.735915e-01 8.489154e-02
6.220000e+02 8.886000e-01 9.743595e-01 8.575949e-02
6.230000e+02 8.886000e-01 9.751216e-01 8.652165e-02
6.240000e+02 8.886000e-01 9.758775e-01 8.727753e-02
6.250000e+02 8.885000e-01 9.766267e-01 8.812668e-02
6.260000e+02 8.884000e-01 9.773686e-01 8.896864e-02
6.270000e+02 8.884000e-01 9.781029e-01 8.970294e-02
6.280000e+02 8.883000e-01 9.788291e-01 9.052913e-02
6.290000e+02 8.882000e-01 9.795468e-01 9.134677e-02
6.300000e+02 8.881000e-01 9.802554e-01 9.215540e-02
6.310000e+02 8.879000e-01 9.809546e-01 9.305459e-02
6.320000e+02 8.878000e-01 9.816439e-01 9.384389e-02
6.330000e+02 8.876000e-01 9.823229e-01 9.472288e-02
6.340000e+02 8.875000e-01 9.829911e-01 9.549111e-02
6.350000e+02 8.874000e-01 9.836482e-01 9.624818e-02
6.360000e+02 8.872000e-01 9.842936e-01 9.709364e-02
6.370000e+02 8.870000e-01 9.849271e-01 9.792709e-02
6.380000e+02 8.868000e-01 9.855481e-01 9.874812e-02
6.390000e+02 8.866000e-01 9.861563e-01 9.955631e-02
6.400000e+02 8.864000e-01 9.867513e-01 1.003513e-01
6.410000e+02 8.862000e-01 9.873326e-01 1.011326e-01
6.420000e+02 8.859000e-01 9.878998e-01 1.019998e-01
6.430000e+02 8.857000e-01 9.884527e-01 1.027527e-01
6.440000e+02 8.855000e-01 9.889907e-01 1.034907e-01
6.450000e+02 8.853000e-01 9.895136e-01 1.042136e-01
6.460000e+02 8.850000e-01 9.900209e-01 1.050209e-01
6.470000e+02 8.848000e-01 9.905122e-01 1.057122e-01
6.480000e+02 8.845000e-01 9.909873e-01 1.064873e-01
6.490000e+02 8.843000e-01 9.914456e-01 1.071456e-01
6.500000e+02 8.840000e-01 9.918870e-01 1.078870e-01
6.510000e+02 8.837000e-01 9.923178e-01 1.086178e-01
6.520000e+02 8.834000e-01 9.927447e-01 1.093447e-01
6.530000e+02 8.831000e-01 9.931670e-01 1.100670e-01
6.540000e+02 8.828000e-01 9.935843e-01 1.107843e-01
6.550000e+02 8.825000e-01 9.939962e-01 1.114962e-01
6.560000e+02 8.822000e-01 9.944024e-01 1.122024e-01
6.570000e+02 8.819000e-01 9.948022e-01 1.129022e-01
6.580000e+02 8.816000e-01 9.951955e-01 1.135955e-01
6.590000e+02 8.813000e-01 9.955816e-01 1.142816e-01
6.600000e+02 8.810000e-01 9.959604e-01 1.149604e-01
6.610000e+02 8.807000e-01 9.963313e-01 1.156313e-01
6.620000e+02 8.804000e-01 9.966940e-01 1.162940e-01
6.630000e+02 8.800000e-01 9.970482e-01 1.170482e-01
6.640000e+02 8.797000e-01 9.973936e-01 1.176936e-01
6.650000e+02 8.793000e-01 9.977297e-01 1.184297e-01
6.660000e+02 8.789000e-01 9.980562e-01 1.191562e-01
6.670000e+02 8.786000e-01 9.983729e-01 1.197729e-01
6.680000e+02 8.782000e-01 9.986794e-01 1.204794e-01
6.690000e+02 8.779000e-01 9.989754e-01 1.210754e-01
6.700000e+02 8.775000e-01 9.992607e-01 1.217607e-01
6.710000e+02 8.771000e-01 9.995350e-01 1.224350e-01
6.720000e+02 8.767000e-01 9.997979e-01 1.230979e-01
6.730000e+02 8.763000e-01 1.000049e+00 1.237493e-01
6.740000e+02 8.759000e-01 1.000289e+00 1.243888e-01
6.750000e+02 8.755000e-01 1.000516e+00 1.250163e-01
6.760000e+02 8.750000e-01 1.000731e+00 1.257315e-01
6.770000e+02 8.746000e-01 1.000934e+00 1.263341e-01
6.780000e+02 8.742000e-01 1.001124e+00 1.269240e-01
6.790000e+02 8.738000e-01 1.001301e+00 1.275009e-01
6.800000e+02 8.734000e-01 1.001465e+00 1.280647e-01
6.810000e+02 8.729000e-01 1.001615e+00 1.287151e-01
6.820000e+02 8.725000e-01 1.001752e+00 1.292520e-01
6.830000e+02 8.721000e-01 1.001875e+00 1.297751e-01
6.840000e+02 8.717000e-01 1.001984e+00 1.302844e-01
6.850000e+02 8.712000e-01 1.002080e+00 1.308795e-01
6.860000e+02 8.708000e-01 1.002160e+00 1.313605e-01
6.870000e+02 8.704000e-01 1.002227e+00 1.318270e-01
6.880000e+02 8.699000e-01 1.002279e+00 1.323790e-01
6.890000e+02 8.694000e-01 1.002316e+00 1.329163e-01
6.900000e+02 8.690000e-01 1.002339e+00 1.333388e-01
6.910000e+02 8.686000e-01 1.002346e+00 1.337463e-01
6.920000e+02 8.681000e-01 1.002339e+00 1.342388e-01
6.930000e+02 8.677000e-01 1.002316e+00 1.346160e-01
6.940000e+02 8.672000e-01 1.002278e+00 1.350779e-01
6.950000e+02 8.667000e-01 1.002224e+00 1.355244e-01
6.960000e+02 8.663000e-01 1.002155e+00 1.358553e-01
6.970000e+02 8.658000e-01 1.002071e+00 1.362706e-01
6.980000e+02 8.654000e-01 1.001970e+00 1.365701e-01
6.990000e+02 8.650000e-01 1.001854e+00 1.368538e-01
7.000000e+02 8.645000e-01 1.001721e+00 1.372215e-01
7.010000e+02 8.641000e-01 1.001580e+00 1.374799e-01
7.020000e+02 8.637000e-01 1.001435e+00 1.377354e-01
7.030000e+02 8.633000e-01 1.001288e+00 1.379877e-01
7.040000e+02 8.629000e-01 1.001137e+00 1.382366e-01
7.050000e+02 8.625000e-01 1.000982e+00 1.384817e-01
7.060000e+02 8.620000e-01 1.000823e+00 1.388226e-01
7.070000e+02 8.616000e-01 1.000659e+00 1.390592e-01
7.080000e+02 8.611000e-01 1.000491e+00 1.393910e-01
7.090000e+02 8.607000e-01 1.000318e+00 1.396179e-01
7.100000e+02 8.603000e-01 1.000139e+00 1.398394e-01
7.110000e+02 8.599000e-01 9.999553e-01 1.400553e-01
7.120000e+02 8.595000e-01 9.997654e-01 1.402654e-01
7.130000e+02 8.591000e-01 9.995694e-01 1.404694e-01
7.140000e+02 8.586000e-01 9.993669e-01 1.407669e-01
7.150000e+02 8.582000e-01 9.991577e-01 1.409577e-01
7.160000e+02 8.578000e-01 9.989415e-01 1.411415e-01
7.170000e+02 8.574000e-01 9.987181e-01 1.413181e-01
7.180000e+02 8.570000e-01 9.984872e-01 1.414872e-01
7.190000e+02 8.566000e-01 9.982486e-01 1.416486e-01
7.200000e+02 8.562000e-01 9.980019e-01 1.418019e-01
7.210000e+02 8.558000e-01 9.977470e-01 1.419470e-01
7.220000e+02 8.554000e-01 9.974835e-01 1.420835e-01
7.230000e+02 8.550000e-01 9.972113e-01 1.422113e-01
7.240000e+02 8.546000e-01 9.969300e-01 1.423300e-01
7.250000e+02 8.542000e-01 9.966396e-01 1.424396e-01
7.260000e+02 8.538000e-01 9.963396e-01 1.425396e-01
7.270000e+02 8.534000e-01 9.960299e-01 1.426299e-01
7.280000e+02 8.530000e-01 9.957103e-01 1.427103e-01
7.290000e+02 8.526000e-01 9.953805e-01 1.427805e-01
7.300000e+02 8.521000e-01 9.950403e-01 1.429403e-01
7.310000e+02 8.517000e-01 9.946896e-01 1.429896e-01
7.320000e+02 8.513000e-01 9.943279e-01 1.430279e-01
7.330000e+02 8.509000e-01 9.939553e-01 1.430553e-01
7.340000e+02 8.504000e-01 9.935714e-01 1.431714e-01
7.350000e+02 8.501000e-01 9.931760e-01 1.430760e-01
7.360000e+02 8.497000e-01 9.927690e-01 1.430690e-01
7.370000e+02 8.493000e-01 9.923501e-01 1.430501e-01
7.380000e+02 8.489000e-01 9.919192e-01 1.430192e-01
7.390000e+02 8.485000e-01 9.914760e-01 1.429760e-01
7.400000e+02 8.482000e-01 9.910204e-01 1.428204e-01
7.410000e+02 8.478000e-01 9.905521e-01 1.427521e-01
7.420000e+02 8.475000e-01 9.900710e-01 1.425710e-01
7.430000e+02 8.471000e-01 9.895769e-01 1.424769e-01
7.440000e+02 8.467000e-01 9.890697e-01 1.423697e-01
7.450000e+02 8.464000e-01 9.885491e-01 1.421491e-01
7.460000e+02 8.460000e-01 9.880149e-01 1.420149e-01
7.470000e+02 8.457000e-01 9.874671e-01 1.417671e-01
7.480000e+02 8.453000e-01 9.869054e-01 1.416054e-01
7.490000e+02 8.450000e-01 9.863296e-01 1.413296e-01
7.500000e+02 8.447000e-01 9.857397e-01 1.410397e-01
7.510000e+02 8.443000e-01 9.851421e-01 1.408421e-01
7.520000e+02 8.440000e-01 9.845436e-01 1.405436e-01
7.530000e+02 8.436000e-01 9.839441e-01 1.403441e-01
7.540000e+02 8.433000e-01 9.833438e-01 1.400438e-01
7.550000e+02 8.430000e-01 9.827427e-01 1.397427e-01
7.560000e+02 8.427000e-01 9.821409e-01 1.394409e-01
7.570000e+02 8.424000e-01 9.815384e-01 1.391384e-01
7.580000e+02 8.420000e-01 9.809352e-01 1.389352e-01
7.590000e+02 8.417000e-01 9.803315e-01 1.386315e-01
7.600000e+02 8.414000e-01 9.797273e-01 1.383273e-01
7.610000e+02 8.411000e-01 9.791226e-01 1.380226e-01
7.620000e+02 8.408000e-01 9.785175e-01 1.377175e-01
7.630000e+02 8.405000e-01 9.779120e-01 1.374120e-01
7.640000e+02 8.402000e-01 9.773062e-01 1.371062e-01
7.650000e+02 8.398000e-01 9.767002e-01 1.369002e-01
7.660000e+02 8.395000e-01 9.760939e-01 1.365939e-01
7.670000e+02 8.392000e-01 9.754874e-01 1.362874e-01
7.680000e+02 8.389000e-01 9.748809e-01 1.359809e-01
7.690000e+02 8.387000e-01 9.742742e-01 1.355742e-01
7.700000e+02 8.384000e-01 9.736675e-01 1.352675e-01
7.710000e+02 8.382000e-01 9.730608e-01 1.348608e-01
7.720000e+02 8.379000e-01 9.724542e-01 1.345542e-01
7.730000e+02 8.376000e-01 9.718476e-01 1.342476e-01
7.740000e+02 8.372000e-01 9.712412e-01 1.340412e-01
7.750000e+02 8.369000e-01 9.706350e-01 1.337350e-01
7.760000e+02 8.367000e-01 9.700290e-01 1.333290e-01
7.770000e+02 8.364000e-01 9.694232e-01 1.330232e-01
7.780000e+02 8.362000e-01 9.688177e-01 1.326177e-01
7.790000e+02 8.359000e-01 9.682125e-01 1.323125e-01
7.800000e+02 8.356000e-01 9.676077e-01 1.320077e-01
7.810000e+02 8.353000e-01 9.670032e-01 1.317032e-01
7.820000e+02 8.349000e-01 9.663992e-01 1.314992e-01
7.830000e+02 8.346000e-01 9.657957e-01 1.311957e-01
7.840000e+02 8.343000e-01 9.651927e-01 1.308927e-01
7.850000e+02 8.340000e-01 9.645902e-01 1.305902e-01
7.860000e+02 8.338000e-01 9.639882e-01 1.301882e-01
7.870000e+02 8.335000e-01 9.633868e-01 1.298868e-01
7.880000e+02 8.333000e-01 9.627861e-01 1.294861e-01
7.890000e+02 8.330000e-01 9.621859e-01 1.291859e-01
7.900000e+02 8.328000e-01 9.615865e-01 1.287865e-01
7.910000e+02 8.326000e-01 9.609878e-01 1.283878e-01
7.920000e+02 8.325000e-01 9.603897e-01 1.278897e-01
7.930000e+02 8.322000e-01 9.597925e-01 1.275925e-01
7.940000e+02 8.320000e-01 9.591960e-01 1.271960e-01
7.950000e+02 8.318000e-01 9.586003e-01 1.268003e-01
7.960000e+02 8.316000e-01 9.580054e-01 1.264054e-01
7.970000e+02 8.314000e-01 9.574114e-01 1.260114e-01
7.980000e+02 8.311000e-01 9.568182e-01 1.257182e-01
7.990000e+02 8.309000e-01 9.562260e-01 1.253260e-01
8.000000e+02 8.307000e-01 9.556346e-01 1.249346e-01
8.010000e+02 8.305000e-01 9.550381e-01 1.245381e-01
8.020000e+02 8.303000e-01 9.544308e-01 1.241308e-01
8.030000e+02 8.300000e-01 9.538131e-01 1.238131e-01
8.040000e+02 8.296000e-01 9.531856e-01 1.235856e-01
8.050000e+02 8.294000e-01 9.525486e-01 1.231486e-01
8.060000e+02 8.292000e-01 9.519026e-01 1.227026e-01
8.070000e+02 8.290000e-01 9.512482e-01 1.222482e-01
8.080000e+02 8.288000e-01 9.505857e-01 1.217857e-01
8.090000e+02 8.285000e-01 9.499156e-01 1.214156e-01
8.100000e+02 8.283000e-01 9.492383e-01 1.209383e-01
8.110000e+02 8.282000e-01 9.485544e-01 1.203544e-01
8.120000e+02 8.280000e-01 9.478641e-01 1.198641e-01
8.130000e+02 8.278000e-01 9.471680e-01 1.193680e-01
8.140000e+02 8.277000e-01 9.464664e-01 1.187664e-01
8.150000e+02 8.276000e-01 9.457598e-01 1.181598e-01
8.160000e+02 8.274000e-01 9.450486e-01 1.176486e-01
8.170000e+02 8.273000e-01 9.443333e-01 1.170333e-01
8.180000e+02 8.271000e-01 9.436141e-01 1.165141e-01
8.190000e+02 8.270000e-01 9.428916e-01 1.158916e-01
8.200000e+02 8.269000e-01 9.421660e-01 1.152660e-01
8.210000e+02 8.267000e-01 9.414379e-01 1.147379e-01
8.220000e+02 8.266000e-01 9.407076e-01 1.141076e-01
8.230000e+02 8.265000e-01 9.399754e-01 1.134754e-01
8.240000e+02 8.264000e-01 9.392418e-01 1.128418e-01
8.250000e+02 8.262000e-01 9.385071e-01 1.123071e-01
8.260000e+02 8.262000e-01 9.377718e-01 1.115718e-01
8.270000e+02 8.261000e-01 9.370361e-01 1.109361e-01
8.280000e+02 8.260000e-01 9.363004e-01 1.103004e-01
8.290000e+02 8.259000e-01 9.355652e-01 1.096652e-01
8.300000e+02 8.258000e-01 9.348307e-01 1.090307e-01
8.310000e+02 8.256000e-01 9.340973e-01 1.084973e-01
8.320000e+02 8.254000e-01 9.333653e-01 1.079653e-01
8.330000e+02 8.253000e-01 9.326352e-01 1.073352e-01
8.340000e+02 8.252000e-01 9.319072e-01 1.067072e-01
8.350000e+02 8.251000e-01 9.311817e-01 1.060817e-01
8.360000e+02 8.250000e-01 9.304590e-01 1.054590e-01
8.370000e+02 8.249000e-01 9.297394e-01 1.048394e-01
8.380000e+02 8.247000e-01 9.290233e-01 1.043233e-01
8.390000e+02 8.246000e-01 9.283110e-01 1.037110e-01
8.400000e+02 8.245000e-01 9.276029e-01 1.031029e-01
8.410000e+02 8.244000e-01 9.268991e-01 1.024991e-01
8.420000e+02 8.243000e-01 9.262001e-01 1.019001e-01
8.430000e+02 8.243000e-01 9.255062e-01 1.012062e-01
8.440000e+02 8.243000e-01 9.248177e-01 1.005177e-01
8.450000e+02 8.242000e-01 9.241348e-01 9.993481e-02
8.460000e+02 8.241000e-01 9.234579e-01 9.935792e-02
8.470000e+02 8.240000e-01 9.227873e-01 9.878732e-02
8.480000e+02 8.240000e-01 9.221233e-01 9.812329e-02
8.490000e+02 8.239000e-01 9.214661e-01 9.756614e-02
8.500000e+02 8.238000e-01 9.208162e-01 9.701615e-02
8.510000e+02 8.238000e-01 9.201702e-01 9.637016e-02
8.520000e+02 8.236000e-01 9.195248e-01 9.592484e-02
8.530000e+02 8.234000e-01 9.188803e-01 9.548032e-02
8.540000e+02 8.233000e-01 9.182367e-01 9.493668e-02
8.550000e+02 8.233000e-01 9.175940e-01 9.429402e-02
8.560000e+02 8.231000e-01 9.169524e-01 9.385242e-02
8.570000e+02 8.230000e-01 9.163120e-01 9.331200e-02
8.580000e+02 8.229000e-01 9.156728e-01 9.277283e-02
8.590000e+02 8.227000e-01 9.150350e-01 9.233501e-02
8.600000e+02 8.226000e-01 9.143986e-01 9.179862e-02
8.610000e+02 8.225000e-01 9.137637e-01 9.126375e-02
8.620000e+02 8.223000e-01 9.131305e-01 9.083048e-02
8.630000e+02 8.221000e-01 9.124989e-01 9.039889e-02
8.640000e+02 8.220000e-01 9.118691e-01 8.986908e-02
8.650000e+02 8.220000e-01 9.112411e-01 8.924110e-02
8.660000e+02 8.219000e-01 9.106151e-01 8.871506e-02
8.670000e+02 8.219000e-01 9.099910e-01 8.809101e-02
8.680000e+02 8.218000e-01 9.093690e-01 8.756904e-02
8.690000e+02 8.217000e-01 9.087492e-01 8.704922e-02
8.700000e+02 8.216000e-01 9.081316e-01 8.653162e-02
8.710000e+02 8.216000e-01 9.075163e-01 8.591631e-02
8.720000e+02 8.215000e-01 9.069034e-01 8.540336e-02
8.730000e+02 8.214000e-01 9.062928e-01 8.489284e-02
8.740000e+02 8.213000e-01 9.056848e-01 8.438482e-02
8.750000e+02 8.212000e-01 9.050794e-01 8.387936e-02
8.760000e+02 8.212000e-01 9.044765e-01 8.327652e-02
8.770000e+02 8.211000e-01 9.038764e-01 8.277637e-02
8.780000e+02 8.210000e-01 9.032790e-01 8.227896e-02
8.790000e+02 8.209000e-01 9.026844e-01 8.178436e-02
8.800000e+02 8.208000e-01 9.020926e-01 8.129263e-02
8.810000e+02 8.207000e-01 9.015038e-01 8.080382e-02
8.820000e+02 8.207000e-01 9.009180e-01 8.021799e-02
8.830000e+02 8.206000e-01 9.003352e-01 7.973519e-02
8.840000e+02 8.205000e-01 8.997555e-01 7.925548e-02
8.850000e+02 8.204000e-01 8.991789e-01 7.877891e-02
8.860000e+02 8.203000e-01 8.986055e-01 7.830553e-02
8.870000e+02 8.202000e-01 8.980354e-01 7.783538e-02
8.880000e+02 8.202000e-01 8.974685e-01 7.726853e-02
8.890000e+02 8.201000e-01 8.969050e-01 7.680502e-02
8.900000e+02 8.200000e-01 8.963449e-01 7.634489e-02
8.910000e+02 8.199000e-01 8.957882e-01 7.588819e-02
8.920000e+02 8.198000e-01 8.952350e-01 7.543496e-02
8.930000e+02 8.197000e-01 8.946853e-01 7.498525e-02
8.940000e+02 8.196000e-01 8.941391e-01 7.453910e-02
8.950000e+02 8.195000e-01 8.935966e-01 7.409655e-02
8.960000e+02 8.195000e-01 8.930576e-01 7.355765e-02
8.970000e+02 8.194000e-01 8.925224e-01 7.312242e-02
8.980000e+02 8.193000e-01 8.919909e-01 7.269092e-02
8.990000e+02 8.192000e-01 8.914632e-01 7.226317e-02
9.000000e+02 8.191000e-01 8.909392e-01 7.183921e-02
9.010000e+02 8.191000e-01 8.904175e-01 7.131750e-02
9.020000e+02 8.190000e-01 8.898966e-01 7.089662e-02
9.030000e+02 8.189000e-01 8.893769e-01 7.047686e-02
9.040000e+02 8.188000e-01 8.888585e-01 7.005850e-02
9.050000e+02 8.187000e-01 8.883418e-01 6.964179e-02
9.060000e+02 8.187000e-01 8.878270e-01 6.912701e-02
9.070000e+02 8.186000e-01 8.873144e-01 6.871442e-02
9.080000e+02 8.185000e-01 8.868043e-01 6.830428e-02
9.090000e+02 8.184000e-01 8.862968e-01 6.789685e-02
9.100000e+02 8.183000e-01 8.857924e-01 6.749239e-02
9.110000e+02 8.182000e-01 8.852911e-01 6.709115e-02
9.120000e+02 8.182000e-01 8.847934e-01 6.659338e-02
9.130000e+02 8.181000e-01 8.842993e-01 6.619933e-02
9.140000e+02 8.180000e-01 8.838092e-01 6.580924e-02
9.150000e+02 8.179000e-01 8.833234e-01 6.542337e-02
9.160000e+02 8.178000e-01 8.828419e-01 6.504194e-02
9.170000e+02 8.177000e-01 8.823652e-01 6.466521e-02
9.180000e+02 8.176000e-01 8.818934e-01 6.429340e-02
9.190000e+02 8.175000e-01 8.814268e-01 6.392675e-02
9.200000e+02 8.174000e-01 8.809655e-01 6.356549e-02
9.210000e+02 8.173000e-01 8.805099e-01 6.320986e-02
9.220000e+02 8.172000e-01 8.800601e-01 6.286007e-02
9.230000e+02 8.171000e-01 8.796164e-01 6.251637e-02
9.240000e+02 8.170000e-01 8.791790e-01 6.217895e-02
9.250000e+02 8.169000e-01 8.787481e-01 6.184806e-02
9.260000e+02 8.168000e-01 8.783218e-01 6.152176e-02
9.270000e+02 8.167000e-01 8.778980e-01 6.119805e-02
9.280000e+02 8.166000e-01 8.774771e-01 6.087710e-02
9.290000e+02 8.165000e-01 8.770591e-01 6.055905e-02
9.300000e+02 8.164000e-01 8.766441e-01 6.024406e-02
9.310000e+02 8.163000e-01 8.762323e-01 5.993225e-02
9.320000e+02 8.161000e-01 8.758238e-01 5.972377e-02
9.330000e+02 8.160000e-01 8.754187e-01 5.941875e-02
9.340000e+02 8.159000e-01 8.750173e-01 5.911731e-02
9.350000e+02 8.158000e-01 8.746196e-01 5.881957e-02
9.360000e+02 8.156000e-01 8.742256e-01 5.862565e-02
9.370000e+02 8.155000e-01 8.738357e-01 5.833566e-02
9.380000e+02 8.154000e-01 8.734497e-01 5.804972e-02
9.390000e+02 8.153000e-01 8.730679e-01 5.776791e-02
9.400000e+02 8.151000e-01 8.726904e-01 5.759036e-02
9.410000e+02 8.150000e-01 8.723171e-01 5.731714e-02
9.420000e+02 8.148000e-01 8.719484e-01 5.714835e-02
9.430000e+02 8.147000e-01 8.715841e-01 5.688408e-02
9.440000e+02 8.146000e-01 8.712244e-01 5.662441e-02
9.450000e+02 8.144000e-01 8.708694e-01 5.646943e-02
9.460000e+02 8.143000e-01 8.705192e-01 5.621919e-02
9.470000e+02 8.141000e-01 8.701738e-01 5.607379e-02
9.480000e+02 8.140000e-01 8.698333e-01 5.583329e-02
9.490000e+02 8.138000e-01 8.694977e-01 5.569774e-02
9.500000e+02 8.137000e-01 8.691672e-01 5.546722e-02
9.510000e+02 8.135000e-01 8.688415e-01 5.534149e-02
9.520000e+02 8.134000e-01 8.685201e-01 5.512009e-02
9.530000e+02 8.132000e-01 8.682027e-01 5.500271e-02
9.540000e+02 8.130000e-01 8.678891e-01 5.488905e-02
9.550000e+02 8.129000e-01 8.675788e-01 5.467882e-02
9.560000e+02 8.127000e-01 8.672717e-01 5.457171e-02
9.570000e+02 8.125000e-01 8.669674e-01 5.446743e-02
9.580000e+02 8.124000e-01 8.666657e-01 5.426570e-02
9.590000e+02 8.122000e-01 8.663662e-01 5.416620e-02
9.600000e+02 8.120000e-01 8.660687e-01 5.406867e-02
9.610000e+02 8.118000e-01 8.657728e-01 5.397281e-02
9.620000e+02 8.117000e-01 8.654783e-01 5.377834e-02
9.630000e+02 8.115000e-01 8.651850e-01 5.368496e-02
9.640000e+02 8.113000e-01 8.648924e-01 5.359242e-02
9.650000e+02 8.111000e-01 8.646004e-01 5.350041e-02
9.660000e+02 8.109000e-01 8.643087e-01 5.340867e-02
9.670000e+02 8.108000e-01 8.640169e-01 5.321692e-02
9.680000e+02 8.106000e-01 8.637249e-01 5.312488e-02
9.690000e+02 8.104000e-01 8.634323e-01 5.303229e-02
9.700000e+02 8.102000e-01 8.631389e-01 5.293887e-02
9.710000e+02 8.100000e-01 8.628444e-01 5.284435e-02
9.720000e+02 8.098000e-01 8.625485e-01 5.274847e-02
9.730000e+02 8.096000e-01 8.622510e-01 5.265097e-02
9.740000e+02 8.093000e-01 8.619516e-01 5.265157e-02
9.750000e+02 8.091000e-01 8.616500e-01 5.255002e-02
9.760000e+02 8.089000e-01 8.613389e-01 5.243890e-02
9.770000e+02 8.087000e-01 8.610113e-01 5.231126e-02
9.780000e+02 8.085000e-01 8.606676e-01 5.216758e-02
9.790000e+02 8.082000e-01 8.603084e-01 5.210836e-02
9.800000e+02 8.080000e-01 8.599341e-01 5.193414e-02
9.810000e+02 8.078000e-01 8.595455e-01 5.174546e-02
9.820000e+02 8.075000e-01 8.591429e-01 5.164287e-02
9.830000e+02 8.073000e-01 8.587270e-01 5.142695e-02
9.840000e+02 8.071000e-01 8.582983e-01 5.119831e-02
9.850000e+02 8.068000e-01 8.578575e-01 5.105755e-02
9.860000e+02 8.066000e-01 8.574053e-01 5.080528e-02
9.870000e+02 8.063000e-01 8.569421e-01 5.064215e-02
9.880000e+02 8.061000e-01 8.564688e-01 5.036878e-02
9.890000e+02 8.058000e-01 8.559858e-01 5.018584e-02
9.900000e+02 8.055000e-01 8.554940e-01 4.999398e-02
9.910000e+02 8.053000e-01 8.549939e-01 4.969387e-02
9.920000e+02 8.050000e-01 8.544862e-01 4.948618e-02
9.930000e+02 8.047000e-01 8.539716e-01 4.927159e-02
9.940000e+02 8.045000e-01 8.534508e-01 4.895079e-02
9.950000e+02 8.042000e-01 8.529245e-01 4.872446e-02
9.960000e+02 8.039000e-01 8.523933e-01 4.849329e-02
9.970000e+02 8.036000e-01 8.518580e-01 4.825799e-02
9.980000e+02 8.033000e-01 8.513193e-01 4.801926e-02
9.990000e+02 8.030000e-01 8.507778e-01 4.777778e-02
1.000000e+03 8.028000e-01 8.502343e-01 4.743428e-02
