ESTIMATED THICKNESSES

Thickness of film 1 = 166.00 nm

ESTIMATED INFLEXION POINTS

Inflexion point of the absorption coefficient of film 1 = 295.00 nm

ESTIMATED REFRACTIVE INDICES AND ABSORPTION COEFFICIENTS

Film 1

lambda                     n                          kappa
3.00000000000000000000e+02 3.25288202794273262342e+00 4.46769105773079489019e-01
3.08080808080808083105e+02 3.07762612820111902678e+00 2.48000838086318065034e-01
3.16161616161616166210e+02 2.90237022845950720651e+00 1.73845122240334465369e-01
3.24242424242424249314e+02 2.72711432871789538623e+00 9.96894063943508657033e-02
3.32323232323232332419e+02 2.55185842898245818233e+00 2.55336905483672556294e-02
3.40404040404040415524e+02 2.37660252924702097843e+00 2.13404841975949610688e-02
3.48484848484848498629e+02 2.34769343253127082960e+00 1.71472778468226665083e-02
3.56565656565656581733e+02 2.31878433581552068077e+00 1.29540714960503719477e-02
3.64646464646464664838e+02 2.28987523909977053194e+00 8.76086514527807738717e-03
3.72727272727272747943e+02 2.26096614238402038310e+00 8.76086514527807738717e-03
3.80808080808080831048e+02 2.23205704566827023427e+00 8.76086514527807738717e-03
3.88888888888888914153e+02 2.20314794895252008544e+00 8.76086514527807738717e-03
3.96969696969696997257e+02 2.17423885223676993661e+00 8.76086514527807738717e-03
4.05050505050505080362e+02 2.14532975552101978778e+00 8.76086514527807738717e-03
4.13131313131313163467e+02 2.11642065880526963895e+00 8.76086514527807738717e-03
4.21212121212121246572e+02 2.08751156208951949012e+00 8.76086514527807738717e-03
4.29292929292929329677e+02 2.05860246537376934128e+00 8.76086514527807738717e-03
4.37373737373737412781e+02 2.02969336865801919245e+00 8.76086514527807738717e-03
4.45454545454545495886e+02 2.00078427194226904362e+00 8.76086514527807738717e-03
4.53535353535353578991e+02 1.97187517522651889479e+00 8.76086514527807738717e-03
4.61616161616161662096e+02 1.96905056667412003968e+00 8.76086514527807738717e-03
4.69696969696969745200e+02 1.96622595812172118457e+00 8.76086514527807738717e-03
4.77777777777777828305e+02 1.96340134956932232946e+00 8.76086514527807738717e-03
4.85858585858585911410e+02 1.96057674101692347435e+00 8.76086514527807738717e-03
4.93939393939393937671e+02 1.95775213246452461924e+00 8.76086514527807738717e-03
5.02020202020202020776e+02 1.95492752391212576413e+00 8.76086514527807738717e-03
5.10101010101010103881e+02 1.95210291535972690902e+00 8.76086514527807738717e-03
5.18181818181818243829e+02 1.94927830680732805391e+00 8.76086514527807738717e-03
5.26262626262626326934e+02 1.94645369825492919880e+00 8.76086514527807738717e-03
5.34343434343434410039e+02 1.94362908970375669604e+00 8.76086514527807738717e-03
5.42424242424242493144e+02 1.94080448115258419328e+00 8.76086514527807738717e-03
5.50505050505050576248e+02 1.93797987260141169052e+00 8.76086514527807738717e-03
5.58585858585858659353e+02 1.93797987260141169052e+00 8.76086514527807738717e-03
5.66666666666666742458e+02 1.93797987260141169052e+00 8.76086514527807738717e-03
5.74747474747474825563e+02 1.93797987260141169052e+00 8.76086514527807738717e-03
5.82828282828282908667e+02 1.93797987260141169052e+00 8.76086514527807738717e-03
5.90909090909090991772e+02 1.93797987260141169052e+00 8.76086514527807738717e-03
5.98989898989899074877e+02 1.93797987260141169052e+00 8.76086514527807738717e-03
6.07070707070707157982e+02 1.93797987260141169052e+00 8.76086514527807738717e-03
6.15151515151515241087e+02 1.93797987260141169052e+00 8.76086514527807738717e-03
6.23232323232323324191e+02 1.93797987260141169052e+00 8.76086514527807738717e-03
6.31313131313131407296e+02 1.93797987260141169052e+00 8.76086514527807738717e-03
6.39393939393939490401e+02 1.93797987260141169052e+00 8.76086514527807738717e-03
6.47474747474747573506e+02 1.93797987260141169052e+00 8.76086514527807738717e-03
6.55555555555555656611e+02 1.93797987260141169052e+00 8.76086514527807738717e-03
6.63636363636363739715e+02 1.93797987260141169052e+00 8.76086514527807738717e-03
6.71717171717171822820e+02 1.93797987260141169052e+00 8.76086514527807738717e-03
6.79797979797979905925e+02 1.93797987260141169052e+00 8.76086514527807738717e-03
6.87878787878787875343e+02 1.93797987260141169052e+00 8.76086514527807738717e-03
6.95959595959595958448e+02 1.93797987260141169052e+00 8.76086514527807738717e-03
7.04040404040404041552e+02 1.93797987260141169052e+00 8.76086514527807738717e-03
7.12121212121212124657e+02 1.93797987260141169052e+00 8.76086514527807738717e-03
7.20202020202020207762e+02 1.93797987260141169052e+00 8.76086514527807738717e-03
7.28282828282828290867e+02 1.93797987260141169052e+00 8.76086514527807738717e-03
7.36363636363636373972e+02 1.93797987260141169052e+00 8.76086514527807738717e-03
7.44444444444444457076e+02 1.93797987260141169052e+00 8.76086514527807738717e-03
7.52525252525252540181e+02 1.93797987260141169052e+00 8.76086514527807738717e-03
7.60606060606060623286e+02 1.93797987260141169052e+00 8.76086514527807738717e-03
7.68686868686868706391e+02 1.93797987260141169052e+00 8.76086514527807738717e-03
7.76767676767676789495e+02 1.93797987260141169052e+00 8.76086514527807738717e-03
7.84848484848484872600e+02 1.93797987260141169052e+00 8.76086514527807738717e-03
7.92929292929292955705e+02 1.93797987260141169052e+00 8.76086514527807738717e-03
8.01010101010101038810e+02 1.93797987260141169052e+00 8.76086514527807738717e-03
8.09090909090909121915e+02 1.93797987260141169052e+00 8.76086514527807738717e-03
8.17171717171717205019e+02 1.93797987260141169052e+00 8.76086514527807738717e-03
8.25252525252525288124e+02 1.93797987260141169052e+00 8.76086514527807738717e-03
8.33333333333333371229e+02 1.93797987260141169052e+00 8.76086514527807738717e-03
8.41414141414141454334e+02 1.93797987260141169052e+00 8.76086514527807738717e-03
8.49494949494949537439e+02 1.93797987260141169052e+00 8.76086514527807738717e-03
8.57575757575757620543e+02 1.93797987260141169052e+00 8.76086514527807738717e-03
8.65656565656565703648e+02 1.93797987260141169052e+00 8.76086514527807738717e-03
8.73737373737373786753e+02 1.93797987260141169052e+00 8.76086514527807738717e-03
8.81818181818181869858e+02 1.93797987260141169052e+00 8.76086514527807738717e-03
8.89898989898989952962e+02 1.93797987260141169052e+00 8.76086514527807738717e-03
8.97979797979798036067e+02 1.93797987260141169052e+00 8.76086514527807738717e-03
9.06060606060606119172e+02 1.93797987260141169052e+00 8.76086514527807738717e-03
9.14141414141414202277e+02 1.93797987260141169052e+00 8.76086514527807738717e-03
9.22222222222222285382e+02 1.93797987260141169052e+00 8.76086514527807738717e-03
9.30303030303030368486e+02 1.93797987260141169052e+00 8.76086514527807738717e-03
9.38383838383838451591e+02 1.93797987260141169052e+00 8.76086514527807738717e-03
9.46464646464646534696e+02 1.93797987260141169052e+00 8.76086514527807738717e-03
9.54545454545454617801e+02 1.93797987260141169052e+00 8.76086514527807738717e-03
9.62626262626262700905e+02 1.93797987260141169052e+00 8.76086514527807738717e-03
9.70707070707070784010e+02 1.93797987260141169052e+00 8.76086514527807738717e-03
9.78787878787878867115e+02 1.93797987260141169052e+00 8.76086514527807738717e-03
9.86868686868686950220e+02 1.93797987260141169052e+00 8.76086514527807738717e-03
9.94949494949495033325e+02 1.93797987260141169052e+00 8.76086514527807738717e-03
1.00303030303030311643e+03 1.93797987260141169052e+00 8.76086514527807738717e-03
1.01111111111111119953e+03 1.93797987260141169052e+00 8.76086514527807738717e-03
1.01919191919191928264e+03 1.93797987260141169052e+00 8.76086514527807738717e-03
1.02727272727272747943e+03 1.93797987260141169052e+00 8.76086514527807738717e-03
1.03535353535353533516e+03 1.93797987260141169052e+00 8.76086514527807738717e-03
1.04343434343434364564e+03 1.93797987260141169052e+00 8.76086514527807738717e-03
1.05151515151515150137e+03 1.93797987260141169052e+00 8.76086514527807738717e-03
1.05959595959595981185e+03 1.93797987260141169052e+00 8.76086514527807738717e-03
1.06767676767676766758e+03 1.93797987260141169052e+00 8.76086514527807738717e-03
1.07575757575757575069e+03 1.93797987260141169052e+00 8.76086514527807738717e-03
1.08383838383838383379e+03 1.93797987260141169052e+00 8.76086514527807738717e-03
1.09191919191919191690e+03 1.93797987260141169052e+00 8.76086514527807738717e-03
1.10000000000000000000e+03 1.93797987260141169052e+00 8.76086514527807738717e-03


TRANSMITTANCE WITH THE ESTIMATED THICKNESSES AND OPTICAL PARAMETERS

lambda                     t
3.00000000000000000000e+02 2.67200000007070254116e-02
3.08080808080808083105e+02 1.14007048838713972994e-01
3.16161616161616166210e+02 2.29044434676660052519e-01
3.24242424242424249314e+02 3.82658450619881795873e-01
3.32323232323232332419e+02 5.31421299299238314440e-01
3.40404040404040415524e+02 6.27940741802955004758e-01
3.48484848484848498629e+02 6.98277506931494595932e-01
3.56565656565656581733e+02 7.74160546669392712893e-01
3.64646464646464664838e+02 8.41094234024943654404e-01
3.72727272727272747943e+02 8.62007489173056917764e-01
3.80808080808080831048e+02 8.57809388654696469700e-01
3.88888888888888914153e+02 8.36135355931262425067e-01
3.96969696969696997257e+02 8.07164065808794850554e-01
4.05050505050505080362e+02 7.79053044383563264574e-01
4.13131313131313163467e+02 7.56604273633870394455e-01
4.21212121212121246572e+02 7.41879994084044036562e-01
4.29292929292929329677e+02 7.35230408759885545322e-01
4.37373737373737412781e+02 7.36071375527538096506e-01
4.45454545454545495886e+02 7.43333758828786050898e-01
4.53535353535353578991e+02 7.55690626032705314863e-01
4.61616161616161662096e+02 7.60689476242849216270e-01
4.69696969696969745200e+02 7.66884158666795268111e-01
4.77777777777777828305e+02 7.74049287998285096002e-01
4.85858585858585911410e+02 7.81966275892392981284e-01
4.93939393939393937671e+02 7.90425825053481245774e-01
5.02020202020202020776e+02 7.99230086208485013266e-01
5.10101010101010103881e+02 8.08194614087555329718e-01
5.18181818181818243829e+02 8.17150149002787373753e-01
5.26262626262626326934e+02 8.25944185632558891541e-01
5.34343434343434410039e+02 8.34442259535731478692e-01
5.42424242424242493144e+02 8.42528876308062280032e-01
5.50505050505050576248e+02 8.50108020931930496999e-01
5.58585858585858659353e+02 8.56303498909538496342e-01
5.66666666666666742458e+02 8.62036506547413372559e-01
5.74747474747474825563e+02 8.67269735843554934185e-01
5.82828282828282908667e+02 8.71976671525169111376e-01
5.90909090909090991772e+02 8.76140842004422770728e-01
5.98989898989899074877e+02 8.79754951324776546251e-01
6.07070707070707157982e+02 8.82819924469148586965e-01
6.15151515151515241087e+02 8.85343899306200055044e-01
6.23232323232323324191e+02 8.87341197365083211857e-01
6.31313131313131407296e+02 8.88831302915028209632e-01
6.39393939393939490401e+02 8.89837875923964238822e-01
6.47474747474747573506e+02 8.90387819836298111120e-01
6.55555555555555656611e+02 8.90510420169739358442e-01
6.63636363636363739715e+02 8.90236565046890526709e-01
6.71717171717171822820e+02 8.89598054230522738983e-01
6.79797979797979905925e+02 8.88626999217094648564e-01
6.87878787878787875343e+02 8.87355313575075133059e-01
6.95959595959595958448e+02 8.85814290036773588355e-01
7.04040404040404041552e+02 8.84034258853142462797e-01
7.12121212121212124657e+02 8.82044320548935334436e-01
7.20202020202020207762e+02 8.79872145393926330392e-01
7.28282828282828290867e+02 8.77543831544833285996e-01
7.36363636363636373972e+02 8.75083813819289346725e-01
7.44444444444444457076e+02 8.72514815348766403780e-01
7.52525252525252540181e+02 8.69857834841389232494e-01
7.60606060606060623286e+02 8.67132162799030159483e-01
7.68686868686868706391e+02 8.64355420718782796463e-01
7.76767676767676789495e+02 8.61543618021975432519e-01
7.84848484848484872600e+02 8.58711222160093767819e-01
7.92929292929292955705e+02 8.55871238022040015103e-01
8.01010101010101038810e+02 8.53035293394706961578e-01
8.09090909090909121915e+02 8.50213727799130847274e-01
8.17171717171717205019e+02 8.47415682532869252164e-01
8.25252525252525288124e+02 8.44649190194787347075e-01
8.33333333333333371229e+02 8.41921262353035992909e-01
8.41414141414141454334e+02 8.39237974344284709538e-01
8.49494949494949537439e+02 8.36604546466983456376e-01
8.57575757575757620543e+02 8.34025421058969262944e-01
8.65656565656565703648e+02 8.31504335135574090820e-01
8.73737373737373786753e+02 8.29044388413979982388e-01
8.81818181818181869858e+02 8.26648106668036897204e-01
8.89898989898989952962e+02 8.24317500449850082411e-01
8.97979797979798036067e+02 8.22054119284431616954e-01
9.06060606060606119172e+02 8.19859101495347686317e-01
9.14141414141414202277e+02 8.17733219855975024259e-01
9.22222222222222285382e+02 8.15676923285446275891e-01
9.30303030303030368486e+02 8.13690374823180406771e-01
9.38383838383838451591e+02 8.11773486122982057545e-01
9.46464646464646534696e+02 8.09925948708884013705e-01
9.54545454545454617801e+02 8.08147262231558527468e-01
9.62626262626262700905e+02 8.06436759957398718868e-01
9.70707070707070784010e+02 8.04793631713247914483e-01
9.78787878787878867115e+02 8.03216944498969964705e-01
9.86868686868686950220e+02 8.01705660968219602225e-01
9.94949494949495033325e+02 8.00258655965352949657e-01
1.00303030303030311643e+03 7.98874731293794826392e-01
1.01111111111111119953e+03 7.97552628878623326436e-01
1.01919191919191928264e+03 7.96291042473860621875e-01
1.02727272727272747943e+03 7.95088628053093104953e-01
1.03535353535353533516e+03 7.93944013010746352244e-01
1.04343434343434364564e+03 7.92855804290599652795e-01
1.05151515151515150137e+03 7.91822595548079655181e-01
1.05959595959595981185e+03 7.90842973443418140178e-01
1.06767676767676766758e+03 7.89915523154045451371e-01
1.07575757575757575069e+03 7.89038833186449739543e-01
1.08383838383838383379e+03 7.88211499560273476384e-01
1.09191919191919191690e+03 7.87432129430542082638e-01
1.10000000000000000000e+03 7.86699344207615780533e-01


QUADRATIC ERROR = 2.989766e-02
