0.00000000000000000000e+00
1.29697355953597944580e-09
0.00000000000000000000e+00
1.62219825175931173268e-09
0.00000000000000000000e+00
1.36045446707779779660e-02
0.00000000000000000000e+00
7.95639117599276218806e-02
0.00000000000000000000e+00
-1.35588807775025879243e-28
0.00000000000000000000e+00
7.71656892975126859754e-43
0.00000000000000000000e+00
-6.59686199694122575251e-44
0.00000000000000000000e+00
6.03825124242265202310e-18
0.00000000000000000000e+00
-1.26554433005627072623e-02
0.00000000000000000000e+00
0.00000000000000000000e+00
1.05479353251694549047e-102
0.00000000000000000000e+00
-9.45846746507346246827e-222
0.00000000000000000000e+00
0.00000000000000000000e+00
0.00000000000000000000e+00
0.00000000000000000000e+00
0.00000000000000000000e+00
0.00000000000000000000e+00
0.00000000000000000000e+00
0.00000000000000000000e+00
0.00000000000000000000e+00
0.00000000000000000000e+00
0.00000000000000000000e+00
0.00000000000000000000e+00
0.00000000000000000000e+00
0.00000000000000000000e+00
0.00000000000000000000e+00
0.00000000000000000000e+00
0.00000000000000000000e+00
0.00000000000000000000e+00
0.00000000000000000000e+00
0.00000000000000000000e+00
0.00000000000000000000e+00
0.00000000000000000000e+00
0.00000000000000000000e+00
0.00000000000000000000e+00
0.00000000000000000000e+00
0.00000000000000000000e+00
0.00000000000000000000e+00
0.00000000000000000000e+00
-6.65457018383574970351e-320
0.00000000000000000000e+00
0.00000000000000000000e+00
0.00000000000000000000e+00
0.00000000000000000000e+00
0.00000000000000000000e+00
-9.88131291682493088353e-324
0.00000000000000000000e+00
3.96676684441102297663e-304
0.00000000000000000000e+00
0.00000000000000000000e+00
-2.58400173271198992090e-291
0.00000000000000000000e+00
1.28456515184197908229e-285
0.00000000000000000000e+00
4.61952078978065593831e-273
0.00000000000000000000e+00
-5.26500759325674965735e-256
0.00000000000000000000e+00
7.43199613813298088095e-269
0.00000000000000000000e+00
5.10754225293177135313e-255
0.00000000000000000000e+00
-7.87884653377395351741e-230
0.00000000000000000000e+00
2.56996731514606361321e-212
0.00000000000000000000e+00
5.05008332465475212061e-217
0.00000000000000000000e+00
0.00000000000000000000e+00
3.12169568018272172402e-188
0.00000000000000000000e+00
2.93274212673608179726e-175
0.00000000000000000000e+00
4.89557255498796806541e-185
0.00000000000000000000e+00
-1.15287189564684500064e-178
0.00000000000000000000e+00
8.48592163121733233040e-169
0.00000000000000000000e+00
-1.25317119406068252053e-157
0.00000000000000000000e+00
1.30180393033931357148e-155
0.00000000000000000000e+00
-8.19147243239276653827e-145
0.00000000000000000000e+00
1.07689646503955229172e-139
0.00000000000000000000e+00
1.18965519545538933599e+00
0.00000000000000000000e+00
0.00000000000000000000e+00
0.00000000000000000000e+00
0.00000000000000000000e+00
4.57107239149579236415e-02
0.00000000000000000000e+00
0.00000000000000000000e+00
0.00000000000000000000e+00
0.00000000000000000000e+00
0.00000000000000000000e+00
1.27002792616612613041e-41
0.00000000000000000000e+00
3.05216596947020845157e-03
0.00000000000000000000e+00
0.00000000000000000000e+00
0.00000000000000000000e+00
0.00000000000000000000e+00
0.00000000000000000000e+00
0.00000000000000000000e+00
0.00000000000000000000e+00
0.00000000000000000000e+00
0.00000000000000000000e+00
0.00000000000000000000e+00
0.00000000000000000000e+00
0.00000000000000000000e+00
0.00000000000000000000e+00
0.00000000000000000000e+00
0.00000000000000000000e+00
0.00000000000000000000e+00
-1.17158225405816156158e-180
0.00000000000000000000e+00
0.00000000000000000000e+00
0.00000000000000000000e+00
0.00000000000000000000e+00
0.00000000000000000000e+00
0.00000000000000000000e+00
0.00000000000000000000e+00
0.00000000000000000000e+00
2.70308929887459974638e-95
0.00000000000000000000e+00
0.00000000000000000000e+00
0.00000000000000000000e+00
0.00000000000000000000e+00
6.23551863735654008466e-33
0.00000000000000000000e+00
0.00000000000000000000e+00
-4.02498508069157926009e-14
0.00000000000000000000e+00
0.00000000000000000000e+00
5.98694498955368017772e-18
0.00000000000000000000e+00
0.00000000000000000000e+00
-1.46862148745473359009e-21
0.00000000000000000000e+00
0.00000000000000000000e+00
0.00000000000000000000e+00
0.00000000000000000000e+00
0.00000000000000000000e+00
-2.32223949412018190227e-11
0.00000000000000000000e+00
0.00000000000000000000e+00
2.02453999903050147498e-21
0.00000000000000000000e+00
1.08340861157875135388e-13
0.00000000000000000000e+00
0.00000000000000000000e+00
0.00000000000000000000e+00
0.00000000000000000000e+00
-1.10515880733062940754e-15
0.00000000000000000000e+00
0.00000000000000000000e+00
0.00000000000000000000e+00
0.00000000000000000000e+00
0.00000000000000000000e+00
1.14196760943332982761e-14
0.00000000000000000000e+00
0.00000000000000000000e+00
0.00000000000000000000e+00
0.00000000000000000000e+00
0.00000000000000000000e+00
-1.22358920302867645747e-13
0.00000000000000000000e+00
0.00000000000000000000e+00
0.00000000000000000000e+00
0.00000000000000000000e+00
-8.46337036121174770384e-12
0.00000000000000000000e+00
0.00000000000000000000e+00
0.00000000000000000000e+00
0.00000000000000000000e+00
0.00000000000000000000e+00
0.00000000000000000000e+00
0.00000000000000000000e+00
0.00000000000000000000e+00
0.00000000000000000000e+00
0.00000000000000000000e+00
0.00000000000000000000e+00
1.28178712943130806729e-10
3.96141834835511479121e-320
-8.70008034561437177765e-19
