ESTIMATED THICKNESSES

Thickness of film 1 = 168.00 nm

ESTIMATED INFLEXION POINTS

Inflexion point of the absorption coefficient of film 1 = 420.00 nm

ESTIMATED REFRACTIVE INDICES AND ABSORPTION COEFFICIENTS

Film 1

lambda                     n                          kappa
3.25000000000000000000e+02 4.15001138835122773685e+00 -2.89413885545036081437e-03
3.31818181818181813014e+02 3.70855709062873994952e+00 -1.82937196160285614477e-03
3.38636363636363626028e+02 3.26710279290625216220e+00 -7.64605067755351475167e-04
3.45454545454545439043e+02 2.82564849518376437487e+00 3.00161826092153194434e-04
3.52272727272727252057e+02 2.38419419746127658755e+00 1.36492871993965786404e-03
3.59090909090909121915e+02 2.34849144284135036287e+00 2.42969561378716253364e-03
3.65909090909090878085e+02 2.31278868822142413819e+00 3.49446250763466720324e-03
3.72727272727272747943e+02 2.27708593360149791351e+00 4.55922940148217187284e-03
3.79545454545454560957e+02 2.24138317898157168884e+00 5.62399629532967654244e-03
3.86363636363636373972e+02 2.20568042436164546416e+00 6.68876318917718121204e-03
3.93181818181818186986e+02 2.16997766974171923948e+00 7.75353008302468588164e-03
4.00000000000000000000e+02 2.13427491512179301481e+00 8.81829697687219055124e-03
4.06818181818181813014e+02 2.09857216050186679013e+00 9.88306387071969522085e-03
4.13636363636363626028e+02 2.06286940588194056545e+00 1.09478307645671998904e-02
4.20454545454545439043e+02 2.02716665126201434077e+00 1.09478307645671998904e-02
4.27272727272727252057e+02 1.99146389664208789405e+00 1.09478307645671998904e-02
4.34090909090909121915e+02 1.95576114202216122528e+00 1.09478307645671998904e-02
4.40909090909090878085e+02 1.95191228161616869841e+00 1.09478307645671998904e-02
4.47727272727272747943e+02 1.94806342121017617153e+00 1.09478307645671998904e-02
4.54545454545454560957e+02 1.94421456080418364465e+00 1.09478307645671998904e-02
4.61363636363636373972e+02 1.94036570039819111777e+00 1.09478307645671998904e-02
4.68181818181818186986e+02 1.93651683999219859089e+00 1.09478307645671998904e-02
4.75000000000000000000e+02 1.93266797958620606401e+00 1.09478307645671998904e-02
4.81818181818181813014e+02 1.92881911918021353713e+00 1.09478307645671998904e-02
4.88636363636363626028e+02 1.92497025877422101026e+00 1.09478307645671998904e-02
4.95454545454545495886e+02 1.92112139836822848338e+00 1.09478307645671998904e-02
5.02272727272727252057e+02 1.91727253796223595650e+00 1.09478307645671998904e-02
5.09090909090909121915e+02 1.91342367755624342962e+00 1.09478307645671998904e-02
5.15909090909090878085e+02 1.90957481715025090274e+00 1.09478307645671998904e-02
5.22727272727272747943e+02 1.90572595674425837586e+00 1.09478307645671998904e-02
5.29545454545454504114e+02 1.90187709633826584898e+00 1.09478307645671998904e-02
5.36363636363636373972e+02 1.89802823593227332211e+00 1.09478307645671998904e-02
5.43181818181818243829e+02 1.89417937552628079523e+00 1.09478307645671998904e-02
5.50000000000000000000e+02 1.89033051512028826835e+00 1.09478307645671998904e-02
5.56818181818181756171e+02 1.88648165471429574147e+00 1.09478307645671998904e-02
5.63636363636363626028e+02 1.88648165471429574147e+00 1.09478307645671998904e-02
5.70454545454545495886e+02 1.88648165471429574147e+00 1.09478307645671998904e-02
5.77272727272727252057e+02 1.88648165471429574147e+00 1.09478307645671998904e-02
5.84090909090909121915e+02 1.88648165471429574147e+00 1.09478307645671998904e-02
5.90909090909090991772e+02 1.88648165471429574147e+00 1.09478307645671998904e-02
5.97727272727272747943e+02 1.88648165471429574147e+00 1.09478307645671998904e-02
6.04545454545454504114e+02 1.88648165471429574147e+00 1.09478307645671998904e-02
6.11363636363636373972e+02 1.88648165471429574147e+00 1.09478307645671998904e-02
6.18181818181818243829e+02 1.88648165471429574147e+00 1.09478307645671998904e-02
6.25000000000000000000e+02 1.88648165471429574147e+00 1.09478307645671998904e-02
6.31818181818181756171e+02 1.88648165471429574147e+00 1.09478307645671998904e-02
6.38636363636363626028e+02 1.88648165471429574147e+00 1.09478307645671998904e-02
6.45454545454545495886e+02 1.88648165471429574147e+00 1.09478307645671998904e-02
6.52272727272727252057e+02 1.88648165471429574147e+00 1.09478307645671998904e-02
6.59090909090909121915e+02 1.88648165471429574147e+00 1.09478307645671998904e-02
6.65909090909090991772e+02 1.88648165471429574147e+00 1.09478307645671998904e-02
6.72727272727272747943e+02 1.88648165471429574147e+00 1.09478307645671998904e-02
6.79545454545454504114e+02 1.88648165471429574147e+00 1.09478307645671998904e-02
6.86363636363636373972e+02 1.88648165471429574147e+00 1.09478307645671998904e-02
6.93181818181818243829e+02 1.88648165471429574147e+00 1.09478307645671998904e-02
7.00000000000000000000e+02 1.88648165471429574147e+00 1.09478307645671998904e-02
7.06818181818181756171e+02 1.88648165471429574147e+00 1.09478307645671998904e-02
7.13636363636363626028e+02 1.88648165471429574147e+00 1.09478307645671998904e-02
7.20454545454545495886e+02 1.88648165471429574147e+00 1.09478307645671998904e-02
7.27272727272727252057e+02 1.88648165471429574147e+00 1.09478307645671998904e-02
7.34090909090909121915e+02 1.88648165471429574147e+00 1.09478307645671998904e-02
7.40909090909090991772e+02 1.88648165471429574147e+00 1.09478307645671998904e-02
7.47727272727272747943e+02 1.88648165471429574147e+00 1.09478307645671998904e-02
7.54545454545454504114e+02 1.88648165471429574147e+00 1.09478307645671998904e-02
7.61363636363636373972e+02 1.88648165471429574147e+00 1.09478307645671998904e-02
7.68181818181818243829e+02 1.88648165471429574147e+00 1.09478307645671998904e-02
7.75000000000000000000e+02 1.88648165471429574147e+00 1.09478307645671998904e-02
7.81818181818181756171e+02 1.88648165471429574147e+00 1.09478307645671998904e-02
7.88636363636363626028e+02 1.88648165471429574147e+00 1.09478307645671998904e-02
7.95454545454545495886e+02 1.88648165471429574147e+00 1.09478307645671998904e-02
8.02272727272727252057e+02 1.88648165471429574147e+00 1.09478307645671998904e-02
8.09090909090909121915e+02 1.88648165471429574147e+00 1.09478307645671998904e-02
8.15909090909090991772e+02 1.88648165471429574147e+00 1.09478307645671998904e-02
8.22727272727272747943e+02 1.88648165471429574147e+00 1.09478307645671998904e-02
8.29545454545454504114e+02 1.88648165471429574147e+00 1.09478307645671998904e-02
8.36363636363636373972e+02 1.88648165471429574147e+00 1.09478307645671998904e-02
8.43181818181818243829e+02 1.88648165471429574147e+00 1.09478307645671998904e-02
8.50000000000000000000e+02 1.88648165471429574147e+00 1.09478307645671998904e-02
8.56818181818181869858e+02 1.88648165471429574147e+00 1.09478307645671998904e-02
8.63636363636363626028e+02 1.88648165471429574147e+00 1.09478307645671998904e-02
8.70454545454545495886e+02 1.88648165471429574147e+00 1.09478307645671998904e-02
8.77272727272727252057e+02 1.88648165471429574147e+00 1.09478307645671998904e-02
8.84090909090909121915e+02 1.88648165471429574147e+00 1.09478307645671998904e-02
8.90909090909090878085e+02 1.88648165471429574147e+00 1.09478307645671998904e-02
8.97727272727272747943e+02 1.88648165471429574147e+00 1.09478307645671998904e-02
9.04545454545454504114e+02 1.88648165471429574147e+00 1.09478307645671998904e-02
9.11363636363636373972e+02 1.88648165471429574147e+00 1.09478307645671998904e-02
9.18181818181818243829e+02 1.88648165471429574147e+00 1.09478307645671998904e-02
9.25000000000000000000e+02 1.88648165471429574147e+00 1.09478307645671998904e-02
9.31818181818181869858e+02 1.88648165471429574147e+00 1.09478307645671998904e-02
9.38636363636363626028e+02 1.88648165471429574147e+00 1.09478307645671998904e-02
9.45454545454545495886e+02 1.88648165471429574147e+00 1.09478307645671998904e-02
9.52272727272727252057e+02 1.88648165471429574147e+00 1.09478307645671998904e-02
9.59090909090909121915e+02 1.88648165471429574147e+00 1.09478307645671998904e-02
9.65909090909090878085e+02 1.88648165471429574147e+00 1.09478307645671998904e-02
9.72727272727272747943e+02 1.88648165471429574147e+00 1.09478307645671998904e-02
9.79545454545454504114e+02 1.88648165471429574147e+00 1.09478307645671998904e-02
9.86363636363636373972e+02 1.88648165471429574147e+00 1.09478307645671998904e-02
9.93181818181818243829e+02 1.88648165471429574147e+00 1.09478307645671998904e-02
1.00000000000000000000e+03 1.88648165471429574147e+00 1.09478307645671998904e-02


TRANSMITTANCE WITH THE ESTIMATED THICKNESSES AND OPTICAL PARAMETERS

lambda                     t
3.25000000000000000000e+02 4.05072727033158552779e-01
3.31818181818181813014e+02 5.26656857654208221398e-01
3.38636363636363626028e+02 6.01209688887678561642e-01
3.45454545454545439043e+02 6.67163710761419892492e-01
3.52272727272727252057e+02 7.35094238074756711754e-01
3.59090909090909121915e+02 7.96443824157727631174e-01
3.65909090909090878085e+02 8.48420371755074897990e-01
3.72727272727272747943e+02 8.77975975112905260289e-01
3.79545454545454560957e+02 8.80471160391283258484e-01
3.86363636363636373972e+02 8.61212647800569497392e-01
3.93181818181818186986e+02 8.30609726511948198713e-01
4.00000000000000000000e+02 7.98354723339914973401e-01
4.06818181818181813014e+02 7.70740135893093647468e-01
4.13636363636363626028e+02 7.50759547967562501647e-01
4.20454545454545439043e+02 7.42817931354633032015e-01
4.27272727272727252057e+02 7.42646716118770089388e-01
4.34090909090909121915e+02 7.49278311710096511788e-01
4.40909090909090878085e+02 7.50670570010126492200e-01
4.47727272727272747943e+02 7.53345524288536960711e-01
4.54545454545454560957e+02 7.57152650465608867414e-01
4.61363636363636373972e+02 7.61938240506631836446e-01
4.68181818181818186986e+02 7.67548552186882449000e-01
4.75000000000000000000e+02 7.73832176631660040300e-01
4.81818181818181813014e+02 7.80641920088954499590e-01
4.88636363636363626028e+02 7.87836387135346649657e-01
4.95454545454545495886e+02 7.95281371542486126280e-01
5.02272727272727252057e+02 8.02851103225494577842e-01
5.09090909090909121915e+02 8.10429360608347360007e-01
5.15909090909090878085e+02 8.17910433717082274718e-01
5.22727272727272747943e+02 8.25199911314560496933e-01
5.29545454545454504114e+02 8.32215262789179788250e-01
5.36363636363636373972e+02 8.38886189908805035564e-01
5.43181818181818243829e+02 8.45154732710386213945e-01
5.50000000000000000000e+02 8.50975125632654427754e-01
5.56818181818181756171e+02 8.56313412647714877757e-01
5.63636363636363626028e+02 8.60345030522727816091e-01
5.70454545454545495886e+02 8.64055621712478516550e-01
5.77272727272727252057e+02 8.67435129446965325073e-01
5.84090909090909121915e+02 8.70477709167524538181e-01
5.90909090909090991772e+02 8.73181357520838474784e-01
5.97727272727272747943e+02 8.75547526324145120036e-01
6.04545454545454504114e+02 8.77580729810092385890e-01
6.11363636363636373972e+02 8.79288152855922988671e-01
6.18181818181818243829e+02 8.80679267090869188905e-01
6.25000000000000000000e+02 8.81765460821745006292e-01
6.31818181818181756171e+02 8.82559687682050397761e-01
6.38636363636363626028e+02 8.83076137851201869999e-01
6.45454545454545495886e+02 8.83329934656246318347e-01
6.52272727272727252057e+02 8.83336858397069435433e-01
6.59090909090909121915e+02 8.83113098356095527208e-01
6.65909090909090991772e+02 8.82675033183294543981e-01
6.72727272727272747943e+02 8.82039039196537588694e-01
6.79545454545454504114e+02 8.81221325608402272778e-01
6.86363636363636373972e+02 8.80237795279473655974e-01
6.93181818181818243829e+02 8.79103929297155528566e-01
7.00000000000000000000e+02 8.77834693476695182568e-01
7.06818181818181756171e+02 8.76444464764953745650e-01
7.13636363636363626028e+02 8.74946975483768984994e-01
7.20454545454545495886e+02 8.73355273365310269540e-01
7.27272727272727252057e+02 8.71681695393931921245e-01
7.34090909090909121915e+02 8.69937853566167595964e-01
7.40909090909090991772e+02 8.68134630802487872181e-01
7.47727272727272747943e+02 8.66282185382546643382e-01
7.54545454545454504114e+02 8.64389962422616231486e-01
7.61363636363636373972e+02 8.62466711063808011417e-01
7.68181818181818243829e+02 8.60520506187983147406e-01
7.75000000000000000000e+02 8.58558773621396098541e-01
7.81818181818181756171e+02 8.56588317921673114697e-01
7.88636363636363626028e+02 8.54615351969934877729e-01
7.95454545454545495886e+02 8.52645527705798933482e-01
8.02272727272727252057e+02 8.50683967448099709330e-01
8.09090909090909121915e+02 8.48735295338451378733e-01
8.15909090909090991772e+02 8.46803668528425590445e-01
8.22727272727272747943e+02 8.44892807804675238792e-01
8.29545454545454504114e+02 8.43006027410403202538e-01
8.36363636363636373972e+02 8.41146263876872746224e-01
8.43181818181818243829e+02 8.39316103725956330628e-01
8.50000000000000000000e+02 8.37517809944849922488e-01
8.56818181818181869858e+02 8.35753347167739635282e-01
8.63636363636363626028e+02 8.34024405527225343171e-01
8.70454545454545495886e+02 8.32332423161315171356e-01
8.77272727272727252057e+02 8.30678607380471056842e-01
8.84090909090909121915e+02 8.29063954514143719443e-01
8.90909090909090878085e+02 8.27489268467952676644e-01
8.97727272727272747943e+02 8.25955178031667291982e-01
9.04545454545454504114e+02 8.24462152984856033733e-01
9.11363636363636373972e+02 8.23010519051829869674e-01
9.18181818181818243829e+02 8.21600471760693840118e-01
9.25000000000000000000e+02 8.20232089263162822412e-01
9.31818181818181869858e+02 8.18905344172593752106e-01
9.38636363636363626028e+02 8.17620114477597748071e-01
9.45454545454545495886e+02 8.16376193587845633282e-01
9.52272727272727252057e+02 8.15173299567378717434e-01
9.59090909090909121915e+02 8.14011083609031849129e-01
9.65909090909090878085e+02 8.12889137801603434141e-01
9.72727272727272747943e+02 8.11807002239145925060e-01
9.79545454545454504114e+02 8.10764171519456011694e-01
9.86363636363636373972e+02 8.09760100676367167161e-01
9.93181818181818243829e+02 8.08794210588001605267e-01
1.00000000000000000000e+03 8.07865892900678894684e-01


QUADRATIC ERROR = 2.633458e-02
