ESTIMATED THICKNESSES

Thickness of film 1 = 166.00 nm

ESTIMATED INFLEXION POINTS

Inflexion point of the absorption coefficient of film 1 = 280.00 nm

ESTIMATED REFRACTIVE INDICES AND ABSORPTION COEFFICIENTS

Film 1

lambda                     n                          kappa
2.85000000000000000000e+02 2.62220832061072517405e+00 7.90339629587876180139e-01
2.89429347826086939222e+02 2.60506846811772874162e+00 6.93626789616413663708e-01
2.93858695652173935287e+02 2.58792861562473230919e+00 5.96913949644951369322e-01
2.98288043478260874508e+02 2.57078876313173587675e+00 5.00201109673489074936e-01
3.02717391304347813730e+02 2.55364891063874033250e+00 4.03488269704829982665e-01
3.07146739130434752951e+02 2.53650905814574478825e+00 3.06775429736170890394e-01
3.11576086956521749016e+02 2.51936920565274924400e+00 2.10062589767511798122e-01
3.16005434782608688238e+02 2.50222935315975369974e+00 1.70348692437792770260e-01
3.20434782608695627459e+02 2.48508950066676614910e+00 1.30634795108073742398e-01
3.24864130434782623524e+02 2.46794964817377859845e+00 9.09208977783547145357e-02
3.29293478260869562746e+02 2.45080979568079104780e+00 5.12070004486357005513e-02
3.33722826086956501968e+02 2.43366994318780349715e+00 3.58161998359279518112e-02
3.38152173913043498032e+02 2.41653009069482660465e+00 2.04253992232202030710e-02
3.42581521739130437254e+02 2.39939023820184971214e+00 1.45955807042173375809e-02
3.47010869565217376476e+02 2.38225038570887281963e+00 8.76576218521447209087e-03
3.51440217391304372541e+02 2.36511053321589592713e+00 8.76576218521447209087e-03
3.55869565217391311762e+02 2.34797068072291903462e+00 8.76576218521447209087e-03
3.60298913043478250984e+02 2.33083082822994214212e+00 8.76576218521447209087e-03
3.64728260869565190205e+02 2.31369097573696524961e+00 8.76576218521447209087e-03
3.69157608695652186270e+02 2.29655112324398835710e+00 8.76576218521447209087e-03
3.73586956521739125492e+02 2.27941127075101146460e+00 8.76576218521447209087e-03
3.78016304347826064713e+02 2.26227141825803457209e+00 8.76576218521447209087e-03
3.82445652173913003935e+02 2.24513156576505767958e+00 8.76576218521447209087e-03
3.86875000000000000000e+02 2.22799171327208078708e+00 8.76576218521447209087e-03
3.91304347826086939222e+02 2.21085186077910389457e+00 8.76576218521447209087e-03
3.95733695652173878443e+02 2.19371200828612700207e+00 8.76576218521447209087e-03
4.00163043478260874508e+02 2.17657215579315010956e+00 8.76576218521447209087e-03
4.04592391304347813730e+02 2.15943230330017321705e+00 8.76576218521447209087e-03
4.09021739130434752951e+02 2.14229245080719632455e+00 8.76576218521447209087e-03
4.13451086956521749016e+02 2.12515259831421943204e+00 8.76576218521447209087e-03
4.17880434782608688238e+02 2.10801274582124253953e+00 8.76576218521447209087e-03
4.22309782608695627459e+02 2.09087289332826564703e+00 8.76576218521447209087e-03
4.26739130434782623524e+02 2.07373304083528875452e+00 8.76576218521447209087e-03
4.31168478260869562746e+02 2.05659318834231186202e+00 8.76576218521447209087e-03
4.35597826086956501968e+02 2.03945333584933496951e+00 8.76576218521447209087e-03
4.40027173913043498032e+02 2.02231348335635807700e+00 8.76576218521447209087e-03
4.44456521739130380411e+02 2.00517363086338118450e+00 8.76576218521447209087e-03
4.48885869565217376476e+02 1.98803377837040406995e+00 8.76576218521447209087e-03
4.53315217391304372541e+02 1.97089392587742673335e+00 8.76576218521447209087e-03
4.57744565217391254919e+02 1.96936400699009239723e+00 8.76576218521447209087e-03
4.62173913043478250984e+02 1.96783408810275806111e+00 8.76576218521447209087e-03
4.66603260869565190205e+02 1.96630416921542372499e+00 8.76576218521447209087e-03
4.71032608695652129427e+02 1.96477425032808938887e+00 8.76576218521447209087e-03
4.75461956521739125492e+02 1.96324433144075505275e+00 8.76576218521447209087e-03
4.79891304347826064713e+02 1.96171441255342071663e+00 8.76576218521447209087e-03
4.84320652173913003935e+02 1.96018449366608638051e+00 8.76576218521447209087e-03
4.88750000000000000000e+02 1.95865457477875204439e+00 8.76576218521447209087e-03
4.93179347826086939222e+02 1.95712465589141770828e+00 8.76576218521447209087e-03
4.97608695652173878443e+02 1.95559473700408337216e+00 8.76576218521447209087e-03
5.02038043478260874508e+02 1.95406481811674903604e+00 8.76576218521447209087e-03
5.06467391304347813730e+02 1.95253489922941469992e+00 8.76576218521447209087e-03
5.10896739130434752951e+02 1.95100498034208036380e+00 8.76576218521447209087e-03
5.15326086956521749016e+02 1.94947506145474602768e+00 8.76576218521447209087e-03
5.19755434782608631394e+02 1.94794514256741169156e+00 8.76576218521447209087e-03
5.24184782608695627459e+02 1.94641522368007735544e+00 8.76576218521447209087e-03
5.28614130434782623524e+02 1.94488530479274301932e+00 8.76576218521447209087e-03
5.33043478260869505903e+02 1.94335538590541179182e+00 8.76576218521447209087e-03
5.37472826086956501968e+02 1.94182546701808056433e+00 8.76576218521447209087e-03
5.41902173913043498032e+02 1.94029554813074933683e+00 8.76576218521447209087e-03
5.46331521739130494097e+02 1.93876562924341810934e+00 8.76576218521447209087e-03
5.50760869565217376476e+02 1.93723571035608688184e+00 8.76576218521447209087e-03
5.55190217391304258854e+02 1.93723571035608688184e+00 8.76576218521447209087e-03
5.59619565217391254919e+02 1.93723571035608688184e+00 8.76576218521447209087e-03
5.64048913043478250984e+02 1.93723571035608688184e+00 8.76576218521447209087e-03
5.68478260869565247049e+02 1.93723571035608688184e+00 8.76576218521447209087e-03
5.72907608695652129427e+02 1.93723571035608688184e+00 8.76576218521447209087e-03
5.77336956521739125492e+02 1.93723571035608688184e+00 8.76576218521447209087e-03
5.81766304347826007870e+02 1.93723571035608688184e+00 8.76576218521447209087e-03
5.86195652173913003935e+02 1.93723571035608688184e+00 8.76576218521447209087e-03
5.90625000000000000000e+02 1.93723571035608688184e+00 8.76576218521447209087e-03
5.95054347826086996065e+02 1.93723571035608688184e+00 8.76576218521447209087e-03
5.99483695652173878443e+02 1.93723571035608688184e+00 8.76576218521447209087e-03
6.03913043478260760821e+02 1.93723571035608688184e+00 8.76576218521447209087e-03
6.08342391304347756886e+02 1.93723571035608688184e+00 8.76576218521447209087e-03
6.12771739130434752951e+02 1.93723571035608688184e+00 8.76576218521447209087e-03
6.17201086956521749016e+02 1.93723571035608688184e+00 8.76576218521447209087e-03
6.21630434782608745081e+02 1.93723571035608688184e+00 8.76576218521447209087e-03
6.26059782608695627459e+02 1.93723571035608688184e+00 8.76576218521447209087e-03
6.30489130434782509838e+02 1.93723571035608688184e+00 8.76576218521447209087e-03
6.34918478260869505903e+02 1.93723571035608688184e+00 8.76576218521447209087e-03
6.39347826086956501968e+02 1.93723571035608688184e+00 8.76576218521447209087e-03
6.43777173913043498032e+02 1.93723571035608688184e+00 8.76576218521447209087e-03
6.48206521739130380411e+02 1.93723571035608688184e+00 8.76576218521447209087e-03
6.52635869565217376476e+02 1.93723571035608688184e+00 8.76576218521447209087e-03
6.57065217391304258854e+02 1.93723571035608688184e+00 8.76576218521447209087e-03
6.61494565217391254919e+02 1.93723571035608688184e+00 8.76576218521447209087e-03
6.65923913043478250984e+02 1.93723571035608688184e+00 8.76576218521447209087e-03
6.70353260869565247049e+02 1.93723571035608688184e+00 8.76576218521447209087e-03
6.74782608695652129427e+02 1.93723571035608688184e+00 8.76576218521447209087e-03
6.79211956521739011805e+02 1.93723571035608688184e+00 8.76576218521447209087e-03
6.83641304347826007870e+02 1.93723571035608688184e+00 8.76576218521447209087e-03
6.88070652173913003935e+02 1.93723571035608688184e+00 8.76576218521447209087e-03
6.92500000000000000000e+02 1.93723571035608688184e+00 8.76576218521447209087e-03
6.96929347826086996065e+02 1.93723571035608688184e+00 8.76576218521447209087e-03
7.01358695652173878443e+02 1.93723571035608688184e+00 8.76576218521447209087e-03
7.05788043478260760821e+02 1.93723571035608688184e+00 8.76576218521447209087e-03
7.10217391304347756886e+02 1.93723571035608688184e+00 8.76576218521447209087e-03
7.14646739130434752951e+02 1.93723571035608688184e+00 8.76576218521447209087e-03
7.19076086956521749016e+02 1.93723571035608688184e+00 8.76576218521447209087e-03
7.23505434782608631394e+02 1.93723571035608688184e+00 8.76576218521447209087e-03
7.27934782608695627459e+02 1.93723571035608688184e+00 8.76576218521447209087e-03
7.32364130434782509838e+02 1.93723571035608688184e+00 8.76576218521447209087e-03
7.36793478260869505903e+02 1.93723571035608688184e+00 8.76576218521447209087e-03
7.41222826086956501968e+02 1.93723571035608688184e+00 8.76576218521447209087e-03
7.45652173913043498032e+02 1.93723571035608688184e+00 8.76576218521447209087e-03
7.50081521739130380411e+02 1.93723571035608688184e+00 8.76576218521447209087e-03
7.54510869565217262789e+02 1.93723571035608688184e+00 8.76576218521447209087e-03
7.58940217391304258854e+02 1.93723571035608688184e+00 8.76576218521447209087e-03
7.63369565217391254919e+02 1.93723571035608688184e+00 8.76576218521447209087e-03
7.67798913043478250984e+02 1.93723571035608688184e+00 8.76576218521447209087e-03
7.72228260869565247049e+02 1.93723571035608688184e+00 8.76576218521447209087e-03
7.76657608695652129427e+02 1.93723571035608688184e+00 8.76576218521447209087e-03
7.81086956521739011805e+02 1.93723571035608688184e+00 8.76576218521447209087e-03
7.85516304347826007870e+02 1.93723571035608688184e+00 8.76576218521447209087e-03
7.89945652173913003935e+02 1.93723571035608688184e+00 8.76576218521447209087e-03
7.94375000000000000000e+02 1.93723571035608688184e+00 8.76576218521447209087e-03
7.98804347826086882378e+02 1.93723571035608688184e+00 8.76576218521447209087e-03
8.03233695652173878443e+02 1.93723571035608688184e+00 8.76576218521447209087e-03
8.07663043478260874508e+02 1.93723571035608688184e+00 8.76576218521447209087e-03
8.12092391304347756886e+02 1.93723571035608688184e+00 8.76576218521447209087e-03
8.16521739130434752951e+02 1.93723571035608688184e+00 8.76576218521447209087e-03
8.20951086956521635329e+02 1.93723571035608688184e+00 8.76576218521447209087e-03
8.25380434782608631394e+02 1.93723571035608688184e+00 8.76576218521447209087e-03
8.29809782608695627459e+02 1.93723571035608688184e+00 8.76576218521447209087e-03
8.34239130434782509838e+02 1.93723571035608688184e+00 8.76576218521447209087e-03
8.38668478260869505903e+02 1.93723571035608688184e+00 8.76576218521447209087e-03
8.43097826086956501968e+02 1.93723571035608688184e+00 8.76576218521447209087e-03
8.47527173913043384346e+02 1.93723571035608688184e+00 8.76576218521447209087e-03
8.51956521739130380411e+02 1.93723571035608688184e+00 8.76576218521447209087e-03
8.56385869565217376476e+02 1.93723571035608688184e+00 8.76576218521447209087e-03
8.60815217391304258854e+02 1.93723571035608688184e+00 8.76576218521447209087e-03
8.65244565217391254919e+02 1.93723571035608688184e+00 8.76576218521447209087e-03
8.69673913043478250984e+02 1.93723571035608688184e+00 8.76576218521447209087e-03
8.74103260869565133362e+02 1.93723571035608688184e+00 8.76576218521447209087e-03
8.78532608695652129427e+02 1.93723571035608688184e+00 8.76576218521447209087e-03
8.82961956521739125492e+02 1.93723571035608688184e+00 8.76576218521447209087e-03
8.87391304347826007870e+02 1.93723571035608688184e+00 8.76576218521447209087e-03
8.91820652173913003935e+02 1.93723571035608688184e+00 8.76576218521447209087e-03
8.96249999999999886313e+02 1.93723571035608688184e+00 8.76576218521447209087e-03
9.00679347826086882378e+02 1.93723571035608688184e+00 8.76576218521447209087e-03
9.05108695652173878443e+02 1.93723571035608688184e+00 8.76576218521447209087e-03
9.09538043478260760821e+02 1.93723571035608688184e+00 8.76576218521447209087e-03
9.13967391304347756886e+02 1.93723571035608688184e+00 8.76576218521447209087e-03
9.18396739130434752951e+02 1.93723571035608688184e+00 8.76576218521447209087e-03
9.22826086956521635329e+02 1.93723571035608688184e+00 8.76576218521447209087e-03
9.27255434782608631394e+02 1.93723571035608688184e+00 8.76576218521447209087e-03
9.31684782608695627459e+02 1.93723571035608688184e+00 8.76576218521447209087e-03
9.36114130434782509838e+02 1.93723571035608688184e+00 8.76576218521447209087e-03
9.40543478260869505903e+02 1.93723571035608688184e+00 8.76576218521447209087e-03
9.44972826086956501968e+02 1.93723571035608688184e+00 8.76576218521447209087e-03
9.49402173913043384346e+02 1.93723571035608688184e+00 8.76576218521447209087e-03
9.53831521739130380411e+02 1.93723571035608688184e+00 8.76576218521447209087e-03
9.58260869565217376476e+02 1.93723571035608688184e+00 8.76576218521447209087e-03
9.62690217391304258854e+02 1.93723571035608688184e+00 8.76576218521447209087e-03
9.67119565217391254919e+02 1.93723571035608688184e+00 8.76576218521447209087e-03
9.71548913043478250984e+02 1.93723571035608688184e+00 8.76576218521447209087e-03
9.75978260869565133362e+02 1.93723571035608688184e+00 8.76576218521447209087e-03
9.80407608695652129427e+02 1.93723571035608688184e+00 8.76576218521447209087e-03
9.84836956521739011805e+02 1.93723571035608688184e+00 8.76576218521447209087e-03
9.89266304347826007870e+02 1.93723571035608688184e+00 8.76576218521447209087e-03
9.93695652173913003935e+02 1.93723571035608688184e+00 8.76576218521447209087e-03
9.98124999999999886313e+02 1.93723571035608688184e+00 8.76576218521447209087e-03
1.00255434782608688238e+03 1.93723571035608688184e+00 8.76576218521447209087e-03
1.00698369565217387844e+03 1.93723571035608688184e+00 8.76576218521447209087e-03
1.01141304347826076082e+03 1.93723571035608688184e+00 8.76576218521447209087e-03
1.01584239130434775689e+03 1.93723571035608688184e+00 8.76576218521447209087e-03
1.02027173913043475295e+03 1.93723571035608688184e+00 8.76576218521447209087e-03
1.02470108695652152164e+03 1.93723571035608688184e+00 8.76576218521447209087e-03
1.02913043478260851771e+03 1.93723571035608688184e+00 8.76576218521447209087e-03
1.03355978260869551377e+03 1.93723571035608688184e+00 8.76576218521447209087e-03
1.03798913043478250984e+03 1.93723571035608688184e+00 8.76576218521447209087e-03
1.04241847826086950590e+03 1.93723571035608688184e+00 8.76576218521447209087e-03
1.04684782608695650197e+03 1.93723571035608688184e+00 8.76576218521447209087e-03
1.05127717391304349803e+03 1.93723571035608688184e+00 8.76576218521447209087e-03
1.05570652173913049410e+03 1.93723571035608688184e+00 8.76576218521447209087e-03
1.06013586956521726279e+03 1.93723571035608688184e+00 8.76576218521447209087e-03
1.06456521739130425885e+03 1.93723571035608688184e+00 8.76576218521447209087e-03
1.06899456521739125492e+03 1.93723571035608688184e+00 8.76576218521447209087e-03
1.07342391304347802361e+03 1.93723571035608688184e+00 8.76576218521447209087e-03
1.07785326086956501968e+03 1.93723571035608688184e+00 8.76576218521447209087e-03
1.08228260869565201574e+03 1.93723571035608688184e+00 8.76576218521447209087e-03
1.08671195652173901181e+03 1.93723571035608688184e+00 8.76576218521447209087e-03
1.09114130434782600787e+03 1.93723571035608688184e+00 8.76576218521447209087e-03
1.09557065217391300394e+03 1.93723571035608688184e+00 8.76576218521447209087e-03
1.10000000000000000000e+03 1.93723571035608688184e+00 8.76576218521447209087e-03


TRANSMITTANCE WITH THE ESTIMATED THICKNESSES AND OPTICAL PARAMETERS

lambda                     t
2.85000000000000000000e+02 2.21199439409877152488e-03
2.89429347826086939222e+02 4.87495025735959399554e-03
2.93858695652173935287e+02 1.05018997070195369697e-02
2.98288043478260874508e+02 2.21394491776271754024e-02
3.02717391304347813730e+02 4.56610655471215501344e-02
3.07146739130434752951e+02 9.18227810240346692394e-02
3.11576086956521749016e+02 1.78541641176256177248e-01
3.16005434782608688238e+02 2.31779085604000872900e-01
3.20434782608695627459e+02 2.96841912942213348447e-01
3.24864130434782623524e+02 3.76881372054684693484e-01
3.29293478260869562746e+02 4.77542952075600268813e-01
3.33722826086956501968e+02 5.31475037034197406172e-01
3.38152173913043498032e+02 5.98464973454625348559e-01
3.42581521739130437254e+02 6.44872611146921403957e-01
3.47010869565217376476e+02 6.99729820332916752079e-01
3.51440217391304372541e+02 7.34797983580659286318e-01
3.55869565217391311762e+02 7.69940784939080802296e-01
3.60298913043478250984e+02 8.02396978342729050304e-01
3.64728260869565190205e+02 8.29525558191428036281e-01
3.69157608695652186270e+02 8.49258934852994640252e-01
3.73586956521739125492e+02 8.60487441570205957575e-01
3.78016304347826064713e+02 8.63219891939024597249e-01
3.82445652173913003935e+02 8.58462310497642544505e-01
3.86875000000000000000e+02 8.47885705479595297440e-01
3.91304347826086939222e+02 8.33427104410946362201e-01
3.95733695652173878443e+02 8.16953662923364021253e-01
4.00163043478260874508e+02 8.00053000414134518614e-01
4.04592391304347813730e+02 7.83948089461648289777e-01
4.09021739130434752951e+02 7.69500632993007416260e-01
4.13451086956521749016e+02 7.57261556358745702155e-01
4.17880434782608688238e+02 7.47537121816388649975e-01
4.22309782608695627459e+02 7.40452204274843817089e-01
4.26739130434782623524e+02 7.36002574463035963426e-01
4.31168478260869562746e+02 7.34094361012863516613e-01
4.35597826086956501968e+02 7.34572001058052870270e-01
4.40027173913043498032e+02 7.37237143785190007783e-01
4.44456521739130380411e+02 7.41861096995044322355e-01
4.48885869565217376476e+02 7.48193092110514879067e-01
4.53315217391304372541e+02 7.55966193163078448158e-01
4.57744565217391254919e+02 7.58534653634740707595e-01
4.62173913043478250984e+02 7.61492272827910654520e-01
4.66603260869565190205e+02 7.64801536661373959625e-01
4.71032608695652129427e+02 7.68425302320861147720e-01
4.75461956521739125492e+02 7.72326955173657347942e-01
4.79891304347826064713e+02 7.76470545056556327168e-01
4.84320652173913003935e+02 7.80820908142106140382e-01
4.88750000000000000000e+02 7.85343778773620271316e-01
4.93179347826086939222e+02 7.90005894187011392660e-01
4.97608695652173878443e+02 7.94775093857723269331e-01
5.02038043478260874508e+02 7.99620414281941083168e-01
5.06467391304347813730e+02 8.04512179287396378413e-01
5.10896739130434752951e+02 8.09422085440779981447e-01
5.15326086956521749016e+02 8.14323281750431671178e-01
5.19755434782608631394e+02 8.19190442632669268974e-01
5.24184782608695627459e+02 8.23999832997944547941e-01
5.28614130434782623524e+02 8.28729364300947457522e-01
5.33043478260869505903e+02 8.33358640469855971311e-01
5.37472826086956501968e+02 8.37868992767947795564e-01
5.41902173913043498032e+02 8.42243502830306689511e-01
5.46331521739130494097e+02 8.46467013344647578599e-01
5.50760869565217376476e+02 8.50526126094310663817e-01
5.55190217391304258854e+02 8.53957654789772147019e-01
5.59619565217391254919e+02 8.57255530724944980747e-01
5.64048913043478250984e+02 8.60412477153614352332e-01
5.68478260869565247049e+02 8.63422239536536406668e-01
5.72907608695652129427e+02 8.66279556117292348638e-01
5.77336956521739125492e+02 8.68980124249725149888e-01
5.81766304347826007870e+02 8.71520562881835547664e-01
5.86195652173913003935e+02 8.73898371640057791687e-01
5.90625000000000000000e+02 8.76111886986658205956e-01
5.95054347826086996065e+02 8.78160235941551237104e-01
5.99483695652173878443e+02 8.80043287868391921336e-01
6.03913043478260760821e+02 8.81761604823851463664e-01
6.08342391304347756886e+02 8.83316390959382968795e-01
6.12771739130434752951e+02 8.84709441447373401424e-01
6.17201086956521749016e+02 8.85943091379484459758e-01
6.21630434782608745081e+02 8.87020165055297460377e-01
6.26059782608695627459e+02 8.87943926045274278813e-01
6.30489130434782509838e+02 8.88718028374649970935e-01
6.34918478260869505903e+02 8.89346469135272044149e-01
6.39347826086956501968e+02 8.89833542791684362072e-01
6.43777173913043498032e+02 8.90183797406724708345e-01
6.48206521739130380411e+02 8.90401992971509348429e-01
6.52635869565217376476e+02 8.90493061985549561044e-01
6.57065217391304258854e+02 8.90462072395494796950e-01
6.61494565217391254919e+02 8.90314192966053852274e-01
6.65923913043478250984e+02 8.90054661124447199505e-01
6.70353260869565247049e+02 8.89688753290409195529e-01
6.74782608695652129427e+02 8.89221757677571833511e-01
6.79211956521739011805e+02 8.88658949528973618470e-01
6.83641304347826007870e+02 8.88005568729500316394e-01
6.88070652173913003935e+02 8.87266799721184384886e-01
6.92500000000000000000e+02 8.86447753633342161450e-01
6.96929347826086996065e+02 8.85553452528329843041e-01
7.01358695652173878443e+02 8.84588815655104054869e-01
7.05788043478260760821e+02 8.83558647596484281195e-01
7.10217391304347756886e+02 8.82467628191921482639e-01
7.14646739130434752951e+02 8.81320304115303043702e-01
7.19076086956521749016e+02 8.80121081986762754390e-01
7.23505434782608631394e+02 8.78874222898342494226e-01
7.27934782608695627459e+02 8.77583838235428737029e-01
7.32364130434782509838e+02 8.76253886678984517111e-01
7.36793478260869505903e+02 8.74888172277558551215e-01
7.41222826086956501968e+02 8.73490343482623332605e-01
7.45652173913043498032e+02 8.72063893045918359093e-01
7.50081521739130380411e+02 8.70612158682904979656e-01
7.54510869565217262789e+02 8.69138324412166540789e-01
7.58940217391304258854e+02 8.67645422486397976947e-01
7.63369565217391254919e+02 8.66136335836513948649e-01
7.67798913043478250984e+02 8.64613800956240630136e-01
7.72228260869565247049e+02 8.63080411160281668614e-01
7.76657608695652129427e+02 8.61538620154738810086e-01
7.81086956521739011805e+02 8.59990745863860261977e-01
7.85516304347826007870e+02 8.58438974462327086812e-01
7.89945652173913003935e+02 8.56885364567216534226e-01
7.94375000000000000000e+02 8.55331851548410737607e-01
7.98804347826086882378e+02 8.53780251920578825420e-01
8.03233695652173878443e+02 8.52232267783940344863e-01
8.07663043478260874508e+02 8.50689491284812304706e-01
8.12092391304347756886e+02 8.49153409070452669383e-01
8.16521739130434752951e+02 8.47625406715955875825e-01
8.20951086956521635329e+02 8.46106773103924125756e-01
8.25380434782608631394e+02 8.44598704740364469856e-01
8.29809782608695627459e+02 8.43102309992726284271e-01
8.34239130434782509838e+02 8.41618613238246937591e-01
8.38668478260869505903e+02 8.40148558912797605025e-01
8.43097826086956501968e+02 8.38693015452232404350e-01
8.47527173913043384346e+02 8.37252779119902812432e-01
8.51956521739130380411e+02 8.35828577715423515215e-01
8.56385869565217376476e+02 8.34421074161098674793e-01
8.60815217391304258854e+02 8.33030869963531261924e-01
8.65244565217391254919e+02 8.31658508548970165641e-01
8.69673913043478250984e+02 8.30304478471808771189e-01
8.74103260869565133362e+02 8.28969216496417971030e-01
8.78532608695652129427e+02 8.27653110553162041363e-01
8.82961956521739125492e+02 8.26356502570000817087e-01
8.87391304347826007870e+02 8.25079691181570096248e-01
8.91820652173913003935e+02 8.23822934318026778300e-01
8.96249999999999886313e+02 8.22586451676294516666e-01
9.00679347826086882378e+02 8.21370427076602016569e-01
9.05108695652173878443e+02 8.20175010707441032309e-01
9.09538043478260760821e+02 8.19000321262235986275e-01
9.13967391304347756886e+02 8.17846447971143808431e-01
9.18396739130434752951e+02 8.16713452531499850551e-01
9.22826086956521635329e+02 8.15601370940485792538e-01
9.27255434782608631394e+02 8.14510215233623435793e-01
9.31684782608695627459e+02 8.13439975132698167570e-01
9.36114130434782509838e+02 8.12390619606718433765e-01
9.40543478260869505903e+02 8.11362098349466154268e-01
9.44972826086956501968e+02 8.10354343177163372047e-01
9.49402173913043384346e+02 8.09367269349693163605e-01
9.53831521739130380411e+02 8.08400776818779309707e-01
9.58260869565217376476e+02 8.07454751406407877923e-01
9.62690217391304258854e+02 8.06529065916717913254e-01
9.67119565217391254919e+02 8.05623581184482073780e-01
9.71548913043478250984e+02 8.04738147063200348619e-01
9.75978260869565133362e+02 8.03872603355735293462e-01
9.80407608695652129427e+02 8.03026780690316188682e-01
9.84836956521739011805e+02 8.02200501344625616085e-01
9.89266304347826007870e+02 8.01393580020599127778e-01
9.93695652173913003935e+02 8.00605824572442004161e-01
9.98124999999999886313e+02 7.99837036690281943940e-01
1.00255434782608688238e+03 7.99087012541772057084e-01
1.00698369565217387844e+03 7.98355543373853171474e-01
1.01141304347826076082e+03 7.97642416076796756386e-01
1.01584239130434775689e+03 7.96947413712546626208e-01
1.02027173913043475295e+03 7.96270316009288658954e-01
1.02470108695652152164e+03 7.95610899824092387966e-01
1.02913043478260851771e+03 7.94968939575374289319e-01
1.03355978260869551377e+03 7.94344207646849542748e-01
1.03798913043478250984e+03 7.93736474764565991258e-01
1.04241847826086950590e+03 7.93145510348524984678e-01
1.04684782608695650197e+03 7.92571082840322072016e-01
1.05127717391304349803e+03 7.92012960008178334981e-01
1.05570652173913049410e+03 7.91470909230648445032e-01
1.06013586956521726279e+03 7.90944697760226356209e-01
1.06456521739130425885e+03 7.90434092968029133885e-01
1.06899456521739125492e+03 7.89938862570643163252e-01
1.07342391304347802361e+03 7.89458774840187782473e-01
1.07785326086956501968e+03 7.88993598798577888687e-01
1.08228260869565201574e+03 7.88543104396933092204e-01
1.08671195652173901181e+03 7.88107062681000836157e-01
1.09114130434782600787e+03 7.87685245943451906037e-01
1.09557065217391300394e+03 7.87277427863823264786e-01
1.10000000000000000000e+03 7.86883383636868494193e-01


QUADRATIC ERROR = 5.195141e-02
