ESTIMATED THICKNESSES

Thickness of film 1 = 160.00 nm

ESTIMATED INFLEXION POINTS

Inflexion point of the absorption coefficient of film 1 = 845.00 nm

ESTIMATED REFRACTIVE INDICES AND ABSORPTION COEFFICIENTS

Film 1

lambda                     n                          kappa
4.00000000000000000000e+02 2.11287466479188568158e+00 -1.59572102573250773627e-02
4.03351955307262585393e+02 2.11092686286252373407e+00 -1.53163967499310021969e-02
4.06703910614525113942e+02 2.10897906093316178655e+00 -1.46755832425369287658e-02
4.10055865921787699335e+02 2.10703125900379983904e+00 -1.40347697351428553347e-02
4.13407821229050284728e+02 2.10508345707443789152e+00 -1.33939562277487819036e-02
4.16759776536312870121e+02 2.10313565514507594401e+00 -1.27531427203547084726e-02
4.20111731843575398671e+02 2.10118785321571399649e+00 -1.21123292129606350415e-02
4.23463687150837984063e+02 2.09924005128635204898e+00 -1.14715157055665616104e-02
4.26815642458100569456e+02 2.09729224935699010146e+00 -1.08307021981724881793e-02
4.30167597765363154849e+02 2.09534444742762815395e+00 -1.01898886907784147482e-02
4.33519553072625683399e+02 2.09339664549826620643e+00 -9.54907518338434131711e-03
4.36871508379888268792e+02 2.09144884356890425892e+00 -8.90826167599026788602e-03
4.40223463687150854184e+02 2.08950104163954231140e+00 -8.26744816859619445493e-03
4.43575418994413439577e+02 2.08755323971018036389e+00 -7.62663466120212102384e-03
4.46927374301675968127e+02 2.08560543778081841637e+00 -6.98582115380804759275e-03
4.50279329608938553520e+02 2.08365763585145646886e+00 -6.34500764641397416166e-03
4.53631284916201138913e+02 2.08170983392209452134e+00 -5.70419413901990073057e-03
4.56983240223463667462e+02 2.07976203199273257383e+00 -5.06338063162582729948e-03
4.60335195530726252855e+02 2.07781423006337062631e+00 -4.42256712423175386839e-03
4.63687150837988838248e+02 2.07586642813400867880e+00 -3.78175361683768087098e-03
4.67039106145251366797e+02 2.07391862620464673128e+00 -3.32407066810405139867e-03
4.70391061452513952190e+02 2.07197082427528478377e+00 -2.86638771937042192636e-03
4.73743016759776537583e+02 2.07002302234592283625e+00 -2.40870477063679245405e-03
4.77094972067039122976e+02 2.06807522041656088874e+00 -1.95102182190316298174e-03
4.80446927374301708369e+02 2.06612741848719894122e+00 -1.49333887316953350943e-03
4.83798882681564236918e+02 2.06417961655783699371e+00 -1.08104976743301681684e-03
4.87150837988826822311e+02 2.06223181462847504619e+00 -6.68760661696500015826e-04
4.90502793296089407704e+02 2.06028401269911309868e+00 -3.68857470766042843096e-04
4.93854748603351936254e+02 2.05833621076975115116e+00 -6.89542798355856703663e-05
4.97206703910614521646e+02 2.05638840884038920365e+00 1.80267626120929639819e-04
5.00558659217877107039e+02 2.05444060691102725613e+00 4.29489532077444950003e-04
5.03910614525139635589e+02 2.05249280498166530862e+00 6.78711438033960260188e-04
5.07262569832402220982e+02 2.05054500305230336110e+00 9.27933343990475570373e-04
5.10614525139664806375e+02 2.04859720112294141359e+00 1.15984682273549688514e-03
5.13966480446927334924e+02 2.04664939919357946607e+00 1.39176030148051819990e-03
5.17318435754189977160e+02 2.04470159726421751856e+00 1.62367378022553951467e-03
5.20670391061452505710e+02 2.04275379533485557104e+00 1.85558725897056082943e-03
5.24022346368715034259e+02 2.04080599340549362353e+00 2.08750073771558214419e-03
5.27374301675977676496e+02 2.03885819147613167601e+00 2.31941421646060345896e-03
5.30726256983240205045e+02 2.03691038954676972850e+00 2.55132769520562477372e-03
5.34078212290502733595e+02 2.03496258761740778098e+00 2.78324117395064608849e-03
5.37430167597765375831e+02 2.03301478568804583347e+00 3.01515465269566740325e-03
5.40782122905027904380e+02 2.03106698375868388595e+00 3.24706813144068871801e-03
5.44134078212290432930e+02 2.02911918182932193844e+00 3.47898161018571003278e-03
5.47486033519553075166e+02 2.02717137989995999092e+00 3.71089508893073134754e-03
5.50837988826815603716e+02 2.02522357797059804341e+00 3.94280856767575266231e-03
5.54189944134078245952e+02 2.02327577604123609589e+00 4.17472204642077397707e-03
5.57541899441340774501e+02 2.02132797411187414838e+00 4.40663552516579529184e-03
5.60893854748603416738e+02 2.01938017218251220086e+00 4.63854900391081660660e-03
5.64245810055865945287e+02 2.01743237025315025335e+00 4.87046248265583792136e-03
5.67597765363128473837e+02 2.01548456832378830583e+00 5.10237596140085923613e-03
5.70949720670391116073e+02 2.01353676639442635832e+00 5.33428944014588055089e-03
5.74301675977653644622e+02 2.01158896446506441080e+00 5.56620291889090186566e-03
5.77653631284916173172e+02 2.00964116253570246329e+00 5.79811639763592318042e-03
5.81005586592178815408e+02 2.00769336060634051577e+00 6.03002987638094449518e-03
5.84357541899441343958e+02 2.00574555867697856826e+00 6.26194335512596580995e-03
5.87709497206703872507e+02 2.00379775674761662074e+00 6.49385683387098712471e-03
5.91061452513966514744e+02 2.00184995481825467323e+00 6.72577031261600843948e-03
5.94413407821229043293e+02 1.99990215288889272571e+00 6.95768379136102975424e-03
5.97765363128491571842e+02 1.99795435095953055615e+00 7.18959727010605106901e-03
6.01117318435754214079e+02 1.99600654903016838659e+00 7.42151074885107238377e-03
6.04469273743016742628e+02 1.99405874710080621703e+00 7.65342422759609369853e-03
6.07821229050279271178e+02 1.99211094517144404747e+00 7.88533770634111501330e-03
6.11173184357541913414e+02 1.99016314324208187791e+00 8.11725118508613632806e-03
6.14525139664804441963e+02 1.98821534131271970836e+00 8.34916466383115764283e-03
6.17877094972066970513e+02 1.98626753938335753880e+00 8.58107814257617895759e-03
6.21229050279329612749e+02 1.98431973745399536924e+00 8.81299162132120027235e-03
6.24581005586592141299e+02 1.98237193552463319968e+00 9.04490510006622158712e-03
6.27932960893854783535e+02 1.98042413359527103012e+00 9.27681857881124290188e-03
6.31284916201117312085e+02 1.97847633166590886056e+00 9.50873205755626421665e-03
6.34636871508379954321e+02 1.97652852973654669100e+00 9.74064553630128553141e-03
6.37988826815642482870e+02 1.97458072780718452144e+00 9.97255901504630684618e-03
6.41340782122905011420e+02 1.97263292587782235188e+00 1.02044724937913281609e-02
6.44692737430167653656e+02 1.97068512394846018232e+00 1.04363859725363494757e-02
6.48044692737430182206e+02 1.96873732201909801276e+00 1.06682994512813707905e-02
6.51396648044692710755e+02 1.96678952008973584320e+00 1.09002129300263921052e-02
6.54748603351955352991e+02 1.96484171816037367364e+00 1.11321264087714134200e-02
6.58100558659217881541e+02 1.96289391623101150408e+00 1.13640398875164347348e-02
6.61452513966480410090e+02 1.96124419956178397406e+00 1.15959533662614560495e-02
6.64804469273743052327e+02 1.95959448289255644404e+00 1.18278668450064773643e-02
6.68156424581005580876e+02 1.95794476622332891402e+00 1.20597803237514986791e-02
6.71508379888268109426e+02 1.95629504955410138400e+00 1.22916938024965199938e-02
6.74860335195530751662e+02 1.95464533288487385398e+00 1.25236072812415413086e-02
6.78212290502793280211e+02 1.95299563283689558979e+00 1.27555207599865626233e-02
6.81564245810055808761e+02 1.95134593278891732560e+00 1.29874342387315839381e-02
6.84916201117318450997e+02 1.94969623274093906140e+00 1.32193477174766052529e-02
6.88268156424580979547e+02 1.94804653269296079721e+00 1.34512611962216265676e-02
6.91620111731843508096e+02 1.94639683264498253301e+00 1.36831746749666478824e-02
6.94972067039106150332e+02 1.94639683264498253301e+00 1.39150881537116691972e-02
6.98324022346368792569e+02 1.94639683264498253301e+00 1.41470016324566905119e-02
7.01675977653631207431e+02 1.94639683264498253301e+00 1.43513435095958021004e-02
7.05027932960893849668e+02 1.94639683264498253301e+00 1.45556853867349136888e-02
7.08379888268156491904e+02 1.94639683264498253301e+00 1.47600272638740252773e-02
7.11731843575419020453e+02 1.94639683264498253301e+00 1.49643691410131368658e-02
7.15083798882681549003e+02 1.94639683264498253301e+00 1.51217978899014122984e-02
7.18435754189944191239e+02 1.94639683264498253301e+00 1.52792266387896877311e-02
7.21787709497206719789e+02 1.94639683264498253301e+00 1.54366553876779631638e-02
7.25139664804469248338e+02 1.94639683264498253301e+00 1.55940841365662385964e-02
7.28491620111731890574e+02 1.94639683264498253301e+00 1.57515128854545140291e-02
7.31843575418994419124e+02 1.94639683264498253301e+00 1.59089416343427894618e-02
7.35195530726256947673e+02 1.94639683264498253301e+00 1.60663703832310648945e-02
7.38547486033519589910e+02 1.94639683264498253301e+00 1.61409675684172290722e-02
7.41899441340782118459e+02 1.94639683264498253301e+00 1.62155647536033932499e-02
7.45251396648044647009e+02 1.94639683264498253301e+00 1.62901619387895574276e-02
7.48603351955307289245e+02 1.94639683264498253301e+00 1.63647591239757216053e-02
7.51955307262569817794e+02 1.94639683264498253301e+00 1.63903159976296064482e-02
7.55307262569832346344e+02 1.94639683264498253301e+00 1.64158728712834912911e-02
7.58659217877094988580e+02 1.94639683264498253301e+00 1.63926067804912416193e-02
7.62011173184357517130e+02 1.94639683264498253301e+00 1.63693406896989919475e-02
7.65363128491620045679e+02 1.94639683264498253301e+00 1.63460745989067422757e-02
7.68715083798882687915e+02 1.94639683264498253301e+00 1.63228085081144926038e-02
7.72067039106145330152e+02 1.94639683264498253301e+00 1.62995424173222429320e-02
7.75418994413407745014e+02 1.94639683264498253301e+00 1.61704194952543567343e-02
7.78770949720670387251e+02 1.94639683264498253301e+00 1.60412965731864705365e-02
7.82122905027933029487e+02 1.94639683264498253301e+00 1.59121736511185843388e-02
7.85474860335195558037e+02 1.94639683264498253301e+00 1.57830507290506981410e-02
7.88826815642458086586e+02 1.94639683264498253301e+00 1.56539278069828119433e-02
7.92178770949720728822e+02 1.94639683264498253301e+00 1.55000506044172571551e-02
7.95530726256983257372e+02 1.94639683264498253301e+00 1.53461734018517006323e-02
7.98882681564245785921e+02 1.94639683264498253301e+00 1.51922961992861441094e-02
8.02234636871508428158e+02 1.94639683264498253301e+00 1.50384189967205875865e-02
8.05586592178770956707e+02 1.94639683264498253301e+00 1.47777305172126314364e-02
8.08938547486033485256e+02 1.94639683264498253301e+00 1.45170420377046752863e-02
8.12290502793296127493e+02 1.94639683264498253301e+00 1.42563535581967191362e-02
8.15642458100558656042e+02 1.94639683264498253301e+00 1.39956650786887629861e-02
8.18994413407821184592e+02 1.94639683264498253301e+00 1.37349765991808068361e-02
8.22346368715083826828e+02 1.94639683264498253301e+00 1.34742881196728506860e-02
8.25698324022346355378e+02 1.94639683264498253301e+00 1.32135996401648945359e-02
8.29050279329608883927e+02 1.94639683264498253301e+00 1.27846611142952565343e-02
8.32402234636871526163e+02 1.94639683264498253301e+00 1.23557225884256185328e-02
8.35754189944134054713e+02 1.94639683264498253301e+00 1.19267840625559805312e-02
8.39106145251396583262e+02 1.94639683264498253301e+00 1.14978455366863425297e-02
8.42458100558659225499e+02 1.94639683264498253301e+00 1.10689070108167045281e-02
8.45810055865921867735e+02 1.94639683264498253301e+00 1.06399684849470665265e-02
8.49162011173184282598e+02 1.94639683264498253301e+00 1.02110299590774285250e-02
8.52513966480446924834e+02 1.94639683264498253301e+00 9.81930597754461856330e-03
8.55865921787709567070e+02 1.94639683264498253301e+00 9.42758199601180860161e-03
8.59217877094972095620e+02 1.94639683264498253301e+00 9.03585801447899863992e-03
8.62569832402234624169e+02 1.94639683264498253301e+00 8.64413403294618867823e-03
8.65921787709497266405e+02 1.94639683264498253301e+00 8.25241005141337871653e-03
8.69273743016759794955e+02 1.94639683264498253301e+00 7.86068606988056875484e-03
8.72625698324022323504e+02 1.94639683264498253301e+00 7.46896208834775879315e-03
8.75977653631284965741e+02 1.94639683264498253301e+00 7.07723810681494883146e-03
8.79329608938547494290e+02 1.94639683264498253301e+00 6.68551412528213886977e-03
8.82681564245810022840e+02 1.94639683264498253301e+00 6.29379014374932890807e-03
8.86033519553072665076e+02 1.94639683264498253301e+00 5.90206616221651894638e-03
8.89385474860335193625e+02 1.94639683264498253301e+00 5.51034218068370898469e-03
8.92737430167597722175e+02 1.94639683264498253301e+00 5.13180036835296504716e-03
8.96089385474860364411e+02 1.94639683264498253301e+00 4.75325855602222110963e-03
8.99441340782122892961e+02 1.94639683264498253301e+00 4.37471674369147717210e-03
9.02793296089385421510e+02 1.94639683264498253301e+00 3.99617493136073323456e-03
9.06145251396648063746e+02 1.94639683264498253301e+00 3.61763311902998973071e-03
9.09497206703910592296e+02 1.94639683264498253301e+00 3.24519934488201426681e-03
9.12849162011173234532e+02 1.94639683264498253301e+00 2.87276557073403880291e-03
9.16201117318435763082e+02 1.94639683264498253301e+00 2.50033179658606333901e-03
9.19553072625698291631e+02 1.94639683264498253301e+00 2.12789802243808787510e-03
9.22905027932960933867e+02 1.94639683264498253301e+00 1.75546424829011241120e-03
9.26256983240223462417e+02 1.94639683264498253301e+00 1.49013833438151185526e-03
9.29608938547485990966e+02 1.94639683264498253301e+00 1.22481242047291129932e-03
9.32960893854748633203e+02 1.94639683264498253301e+00 9.59486506564310743378e-04
9.36312849162011161752e+02 1.94639683264498253301e+00 6.94160592655710079017e-04
9.39664804469273690302e+02 1.94639683264498253301e+00 5.55328474124568063214e-04
9.43016759776536332538e+02 1.94639683264498253301e+00 4.16496355593426047410e-04
9.46368715083798861087e+02 1.94639683264498253301e+00 2.77664237062284031607e-04
9.49720670391061503324e+02 1.94639683264498253301e+00 1.38832118531142015803e-04
9.53072625698324031873e+02 1.94639683264498253301e+00 9.37508038335242170121e-27
9.56424581005586560423e+02 1.94639683264498253301e+00 9.37508038335242170121e-27
9.59776536312849202659e+02 1.94639683264498253301e+00 9.37508038335242170121e-27
9.63128491620111731208e+02 1.94639683264498253301e+00 9.37508038335242170121e-27
9.66480446927374259758e+02 1.94639683264498253301e+00 9.37508038335242170121e-27
9.69832402234636901994e+02 1.94639683264498253301e+00 9.37508038335242170121e-27
9.73184357541899430544e+02 1.94639683264498253301e+00 9.37508038335242170121e-27
9.76536312849161959093e+02 1.94639683264498253301e+00 9.37508038335242170121e-27
9.79888268156424601329e+02 1.94639683264498253301e+00 9.37508038335242170121e-27
9.83240223463687129879e+02 1.94639683264498253301e+00 9.37508038335242170121e-27
9.86592178770949772115e+02 1.94639683264498253301e+00 9.37508038335242170121e-27
9.89944134078212300665e+02 1.94639683264498253301e+00 9.37508038335242170121e-27
9.93296089385474829214e+02 1.94639683264498253301e+00 9.37508038335242170121e-27
9.96648044692737471451e+02 1.94639683264498253301e+00 9.37508038335242170121e-27
1.00000000000000000000e+03 1.94639683264498253301e+00 9.37508038335242170121e-27


TRANSMITTANCE WITH THE ESTIMATED THICKNESSES AND OPTICAL PARAMETERS

lambda                     t
4.00000000000000000000e+02 8.44404319066418884709e-01
4.03351955307262585393e+02 8.33760739450236543213e-01
4.06703910614525113942e+02 8.24003787330179204851e-01
4.10055865921787699335e+02 8.15114573413693532800e-01
4.13407821229050284728e+02 8.07068397695649419887e-01
4.16759776536312870121e+02 7.99836320994641081228e-01
4.20111731843575398671e+02 7.93386425114267268555e-01
4.23463687150837984063e+02 7.87684810288582726301e-01
4.26815642458100569456e+02 7.82696374336858236020e-01
4.30167597765363154849e+02 7.78385412837328760638e-01
4.33519553072625683399e+02 7.74716074309960589517e-01
4.36871508379888268792e+02 7.71652699282577181350e-01
4.40223463687150854184e+02 7.69160067426556404158e-01
4.43575418994413439577e+02 7.67203572789322052472e-01
4.46927374301675968127e+02 7.65749343545651495191e-01
4.50279329608938553520e+02 7.64764319617649124261e-01
4.53631284916201138913e+02 7.64216298928710235927e-01
4.56983240223463667462e+02 7.64073960903695614810e-01
4.60335195530726252855e+02 7.64306874046970063930e-01
4.63687150837988838248e+02 7.64885492965698299273e-01
4.67039106145251366797e+02 7.66352922917069023789e-01
4.70391061452513952190e+02 7.68111935728209349605e-01
4.73743016759776537583e+02 7.70136480187366356809e-01
4.77094972067039122976e+02 7.72401167545046951624e-01
4.80446927374301708369e+02 7.74881270943207467461e-01
4.83798882681564236918e+02 7.77696900920622602449e-01
4.87150837988826822311e+02 7.80681758882363463492e-01
4.90502793296089407704e+02 7.84173554616023227304e-01
4.93854748603351936254e+02 7.87793568666819599144e-01
4.97206703910614521646e+02 7.91684844970454992819e-01
5.00558659217877107039e+02 7.95664244814060617195e-01
5.03910614525139635589e+02 7.99711749674039684699e-01
5.07262569832402220982e+02 8.03807966807881579818e-01
5.10614525139664806375e+02 8.07991500269615747776e-01
5.13966480446927334924e+02 8.12187547169543555547e-01
5.17318435754189977160e+02 8.16378748502929463271e-01
5.20670391061452505710e+02 8.20548491566140625331e-01
5.24022346368715034259e+02 8.24680942679396067341e-01
5.27374301675977676496e+02 8.28761078418186025729e-01
5.30726256983240205045e+02 8.32774714711740360329e-01
5.34078212290502733595e+02 8.36708533204837290320e-01
5.37430167597765375831e+02 8.40550104330507363848e-01
5.40782122905027904380e+02 8.44287906603778726122e-01
5.44134078212290432930e+02 8.47911341718569855352e-01
5.47486033519553075166e+02 8.51410745109029032385e-01
5.50837988826815603716e+02 8.54777391720722978796e-01
5.54189944134078245952e+02 8.58003496824003897281e-01
5.57541899441340774501e+02 8.61082211789315765671e-01
5.60893854748603416738e+02 8.64007614830165415754e-01
5.64245810055865945287e+02 8.66774696801885347064e-01
5.67597765363128473837e+02 8.69379342221572204430e-01
5.70949720670391116073e+02 8.71818305745068800050e-01
5.74301675977653644622e+02 8.74089184399350127563e-01
5.77653631284916173172e+02 8.76190385922302361621e-01
5.81005586592178815408e+02 8.78121093605888414224e-01
5.84357541899441343958e+02 8.79881228072830756659e-01
5.87709497206703872507e+02 8.81471406441050153724e-01
5.91061452513966514744e+02 8.82892899344484338719e-01
5.94413407821229043293e+02 8.84147586283926756323e-01
5.97765363128491571842e+02 8.85237909777836007308e-01
6.01117318435754214079e+02 8.86166828771509540452e-01
6.04469273743016742628e+02 8.86937771744475633717e-01
6.07821229050279271178e+02 8.87554589931443205231e-01
6.11173184357541913414e+02 8.88021511042781486189e-01
6.14525139664804441963e+02 8.88343093837234087928e-01
6.17877094972066970513e+02 8.88524183863579342102e-01
6.21229050279329612749e+02 8.88569870650103621479e-01
6.24581005586592141299e+02 8.88485446582066296095e-01
6.27932960893854783535e+02 8.88276367668634603270e-01
6.31284916201117312085e+02 8.87948216362696274295e-01
6.34636871508379954321e+02 8.87506666560321511028e-01
6.37988826815642482870e+02 8.86957450871779573554e-01
6.41340782122905011420e+02 8.86306330223487259801e-01
6.44692737430167653656e+02 8.85559065820298974003e-01
6.48044692737430182206e+02 8.84721393470378481005e-01
6.51396648044692710755e+02 8.83799000250658717270e-01
6.54748603351955352991e+02 8.82797503469679778476e-01
6.58100558659217881541e+02 8.81722431866259759303e-01
6.61452513966480410090e+02 8.80592584399288114128e-01
6.64804469273743052327e+02 8.79402234171270724694e-01
6.68156424581005580876e+02 8.78156080336505717732e-01
6.71508379888268109426e+02 8.76858699109742123490e-01
6.74860335195530751662e+02 8.75514535753862066514e-01
6.78212290502793280211e+02 8.74127898935129765690e-01
6.81564245810055808761e+02 8.72702952461659076100e-01
6.84916201117318450997e+02 8.71243713964602095601e-01
6.88268156424580979547e+02 8.69754050916422993822e-01
6.91620111731843508096e+02 8.68237678564354187216e-01
6.94972067039106150332e+02 8.66802252335612810619e-01
6.98324022346368792569e+02 8.65346397161436242662e-01
7.01675977653631207431e+02 8.63941210439702622637e-01
7.05027932960893849668e+02 8.62517910778578311692e-01
7.08379888268156491904e+02 8.61078240058722466088e-01
7.11731843575419020453e+02 8.59623878100553628911e-01
7.15083798882681549003e+02 8.58269896554740285843e-01
7.18435754189944191239e+02 8.56902280137324834364e-01
7.21787709497206719789e+02 8.55522562640616213159e-01
7.25139664804469248338e+02 8.54132218901653916809e-01
7.28491620111731890574e+02 8.52732665535928857636e-01
7.31843575418994419124e+02 8.51325261784106612772e-01
7.35195530726256947673e+02 8.49911310458273616675e-01
7.38547486033519589910e+02 8.48679868438110163176e-01
7.41899441340782118459e+02 8.47440956710559523124e-01
7.45251396648044647009e+02 8.46195783625824926588e-01
7.48603351955307289245e+02 8.44945506199905160827e-01
7.51955307262569817794e+02 8.43798581683668613707e-01
7.55307262569832346344e+02 8.42646865477468920425e-01
7.58659217877094988580e+02 8.41596474411530737214e-01
7.62011173184357517130e+02 8.40541573839868716433e-01
7.65363128491620045679e+02 8.39483158565515474869e-01
7.68715083798882687915e+02 8.38422179208943907369e-01
7.72067039106145330152e+02 8.37359543330537858807e-01
7.75418994413407745014e+02 8.36514701538252025692e-01
7.78770949720670387251e+02 8.35666400368904049856e-01
7.82122905027933029487e+02 8.34815502930389308212e-01
7.85474860335195558037e+02 8.33962833697211691764e-01
7.88826815642458086586e+02 8.33109179557742662858e-01
7.92178770949720728822e+02 8.32304458016498327488e-01
7.95530726256983257372e+02 8.31499472048190080287e-01
7.98882681564245785921e+02 8.30694919341872450858e-01
8.02234636871508428158e+02 8.29891464119187904913e-01
8.05586592178770956707e+02 8.29295655664043618316e-01
8.08938547486033485256e+02 8.28699211088503862044e-01
8.12290502793296127493e+02 8.28102770296119561344e-01
8.15642458100558656042e+02 8.27506943195223776399e-01
8.18994413407821184592e+02 8.26912310617831991522e-01
8.22346368715083826828e+02 8.26319425231413662303e-01
8.25698324022346355378e+02 8.25728812441646642384e-01
8.29050279329608883927e+02 8.25450039679307634444e-01
8.32402234636871526163e+02 8.25170490001968626181e-01
8.35754189944134054713e+02 8.24890709672434607747e-01
8.39106145251396583262e+02 8.24611220137267397767e-01
8.42458100558659225499e+02 8.24332518785138579354e-01
8.45810055865921867735e+02 8.24055079696888737040e-01
8.49162011173184282598e+02 8.23779354386082518502e-01
8.52513966480446924834e+02 8.23440300792319557210e-01
8.55865921787709567070e+02 8.23104578163195599316e-01
8.59217877094972095620e+02 8.22772555007661665627e-01
8.62569832402234624169e+02 8.22444580385945478440e-01
8.65921787709497266405e+02 8.22120984598801896048e-01
8.69273743016759794955e+02 8.21802079861380208037e-01
8.72625698324022323504e+02 8.21488160961360902590e-01
8.75977653631284965741e+02 8.21179505901111883581e-01
8.79329608938547494290e+02 8.20876376523685169495e-01
8.82681564245810022840e+02 8.20579019122541386544e-01
8.86033519553072665076e+02 8.20287665034923008101e-01
8.89385474860335193625e+02 8.20002531218895658327e-01
8.92737430167597722175e+02 8.19702146179815405169e-01
8.96089385474860364411e+02 8.19408599669406045862e-01
8.99441340782122892961e+02 8.19122062764074732044e-01
9.02793296089385421510e+02 8.18842694423220551769e-01
9.06145251396648063746e+02 8.18570641985960190112e-01
9.09497206703910592296e+02 8.18296250968425398220e-01
9.12849162011173234532e+02 8.18029533170073985815e-01
9.16201117318435763082e+02 8.17770601286669118757e-01
9.19553072625698291631e+02 8.17519558279425351266e-01
9.22905027932960933867e+02 8.17276497795272893754e-01
9.26256983240223462417e+02 8.16873878694963972968e-01
9.29608938547485990966e+02 8.16480960498437768891e-01
9.32960893854748633203e+02 8.16097768385354527254e-01
9.36312849162011161752e+02 8.15724320722802764827e-01
9.39664804469273690302e+02 8.15166340917994780568e-01
9.43016759776536332538e+02 8.14619898178347456863e-01
9.46368715083798861087e+02 8.14084943662790827545e-01
9.49720670391061503324e+02 8.13561424185469839188e-01
9.53072625698324031873e+02 8.13049282483238711094e-01
9.56424581005586560423e+02 8.12340054240030751131e-01
9.59776536312849202659e+02 8.11643935229925950203e-01
9.63128491620111731208e+02 8.10960807181275944444e-01
9.66480446927374259758e+02 8.10290550015455912636e-01
9.69832402234636901994e+02 8.09633042030041272241e-01
9.73184357541899430544e+02 8.08988160072498962982e-01
9.76536312849161959093e+02 8.08355779704820531784e-01
9.79888268156424601329e+02 8.07735775359490926206e-01
9.83240223463687129879e+02 8.07128020487178576836e-01
9.86592178770949772115e+02 8.06532387696516805953e-01
9.89944134078212300665e+02 8.05948748886334720432e-01
9.93296089385474829214e+02 8.05376975370676206900e-01
9.96648044692737471451e+02 8.04816937996935655164e-01
1.00000000000000000000e+03 8.04268507257427822665e-01


QUADRATIC ERROR = 9.967088e-05
