ESTIMATED THICKNESSES

Thickness of film 1 = 140.00 nm

ESTIMATED INFLEXION POINTS

Inflexion point of the absorption coefficient of film 1 = 250.00 nm

ESTIMATED REFRACTIVE INDICES AND ABSORPTION COEFFICIENTS

Film 1

lambda                     n                          kappa
2.85000000000000000000e+02 1.05098757278391623515e+01 0.00000000000000000000e+00
3.00733944954128446625e+02 9.41610113754176225598e+00 0.00000000000000000000e+00
3.16467889908256893250e+02 8.32232654724436216043e+00 0.00000000000000000000e+00
3.32201834862385339875e+02 7.22855195694696117670e+00 0.00000000000000000000e+00
3.47935779816513786500e+02 6.13477736664955930479e+00 0.00000000000000000000e+00
3.63669724770642233125e+02 5.11729315002233864362e+00 0.00000000000000000000e+00
3.79403669724770622906e+02 4.09980893339511798246e+00 0.00000000000000000000e+00
3.95137614678899069531e+02 3.08232471676789732129e+00 0.00000000000000000000e+00
4.10871559633027516156e+02 3.08232471676789732129e+00 0.00000000000000000000e+00
4.26605504587155962781e+02 3.08232471676789732129e+00 0.00000000000000000000e+00
4.42339449541284409406e+02 3.08232471676789732129e+00 0.00000000000000000000e+00
4.58073394495412799188e+02 3.08232471676789732129e+00 0.00000000000000000000e+00
4.73807339449541245813e+02 3.08232471676789732129e+00 0.00000000000000000000e+00
4.89541284403669692438e+02 3.08232471676789732129e+00 0.00000000000000000000e+00
5.05275229357798139063e+02 3.08232471676789732129e+00 0.00000000000000000000e+00
5.21009174311926585688e+02 3.08232471676789732129e+00 0.00000000000000000000e+00
5.36743119266055032313e+02 3.08232471676789732129e+00 0.00000000000000000000e+00
5.52477064220183478938e+02 3.08232471676789732129e+00 0.00000000000000000000e+00
5.68211009174311925563e+02 3.08232471676789732129e+00 0.00000000000000000000e+00
5.83944954128440372187e+02 3.08232471676789732129e+00 0.00000000000000000000e+00
5.99678899082568818812e+02 3.08232471676789732129e+00 0.00000000000000000000e+00
6.15412844036697151751e+02 3.08232471676789732129e+00 0.00000000000000000000e+00
6.31146788990825598376e+02 3.08232471676789732129e+00 0.00000000000000000000e+00
6.46880733944954045000e+02 3.08232471676789732129e+00 0.00000000000000000000e+00
6.62614678899082491625e+02 3.08232471676789732129e+00 0.00000000000000000000e+00
6.78348623853210938250e+02 3.08232471676789732129e+00 0.00000000000000000000e+00
6.94082568807339384875e+02 3.08232471676789732129e+00 0.00000000000000000000e+00
7.09816513761467831500e+02 3.08232471676789732129e+00 0.00000000000000000000e+00
7.25550458715596278125e+02 3.08232471676789732129e+00 0.00000000000000000000e+00
7.41284403669724724750e+02 3.08232471676789732129e+00 0.00000000000000000000e+00
7.57018348623853171375e+02 3.08232471676789732129e+00 0.00000000000000000000e+00
7.72752293577981618000e+02 3.08232471676789732129e+00 0.00000000000000000000e+00
7.88486238532110064625e+02 3.08232471676789732129e+00 0.00000000000000000000e+00
8.04220183486238511250e+02 3.08232471676789732129e+00 0.00000000000000000000e+00
8.19954128440366957875e+02 3.08232471676789732129e+00 0.00000000000000000000e+00
8.35688073394495404500e+02 3.08232471676789732129e+00 0.00000000000000000000e+00
8.51422018348623851125e+02 3.08232471676789732129e+00 0.00000000000000000000e+00
8.67155963302752297750e+02 3.08232471676789732129e+00 0.00000000000000000000e+00
8.82889908256880744375e+02 3.08232471676789732129e+00 0.00000000000000000000e+00
8.98623853211009191000e+02 3.08232471676789732129e+00 0.00000000000000000000e+00
9.14357798165137637625e+02 3.08232471676789732129e+00 0.00000000000000000000e+00
9.30091743119265970563e+02 3.08232471676789732129e+00 0.00000000000000000000e+00
9.45825688073394417188e+02 3.08232471676789732129e+00 0.00000000000000000000e+00
9.61559633027522863813e+02 3.08232471676789732129e+00 0.00000000000000000000e+00
9.77293577981651310438e+02 3.08232471676789732129e+00 0.00000000000000000000e+00
9.93027522935779757063e+02 3.08232471676789732129e+00 0.00000000000000000000e+00
1.00876146788990820369e+03 3.08232471676789732129e+00 0.00000000000000000000e+00
1.02449541284403676400e+03 3.08232471676789732129e+00 0.00000000000000000000e+00
1.04022935779816498325e+03 3.08232471676789732129e+00 0.00000000000000000000e+00
1.05596330275229365725e+03 3.08232471676789732129e+00 0.00000000000000000000e+00
1.07169724770642187650e+03 3.08232471676789732129e+00 0.00000000000000000000e+00
1.08743119266055055050e+03 3.08232471676789732129e+00 0.00000000000000000000e+00
1.10316513761467876975e+03 3.08232471676789732129e+00 0.00000000000000000000e+00
1.11889908256880744375e+03 3.08232471676789732129e+00 0.00000000000000000000e+00
1.13463302752293566300e+03 3.08232471676789732129e+00 0.00000000000000000000e+00
1.15036697247706433700e+03 3.08232471676789732129e+00 0.00000000000000000000e+00
1.16610091743119255625e+03 3.08232471676789732129e+00 0.00000000000000000000e+00
1.18183486238532100288e+03 3.08232471676789732129e+00 0.00000000000000000000e+00
1.19756880733944944950e+03 3.08232471676789732129e+00 0.00000000000000000000e+00
1.21330275229357789613e+03 3.08232471676789732129e+00 0.00000000000000000000e+00
1.22903669724770634275e+03 3.08232471676789732129e+00 0.00000000000000000000e+00
1.24477064220183478938e+03 3.08232471676789732129e+00 0.00000000000000000000e+00
1.26050458715596323600e+03 3.08232471676789732129e+00 0.00000000000000000000e+00
1.27623853211009168263e+03 3.08232471676789732129e+00 0.00000000000000000000e+00
1.29197247706422012925e+03 3.08232471676789732129e+00 0.00000000000000000000e+00
1.30770642201834857588e+03 3.08232471676789732129e+00 0.00000000000000000000e+00
1.32344036697247702250e+03 3.08232471676789732129e+00 0.00000000000000000000e+00
1.33917431192660546913e+03 3.08232471676789732129e+00 0.00000000000000000000e+00
1.35490825688073391575e+03 3.08232471676789732129e+00 0.00000000000000000000e+00
1.37064220183486236238e+03 3.08232471676789732129e+00 0.00000000000000000000e+00
1.38637614678899080900e+03 3.08232471676789732129e+00 0.00000000000000000000e+00
1.40211009174311925563e+03 3.08232471676789732129e+00 0.00000000000000000000e+00
1.41784403669724770225e+03 3.08232471676789732129e+00 0.00000000000000000000e+00
1.43357798165137614887e+03 3.08232471676789732129e+00 0.00000000000000000000e+00
1.44931192660550459550e+03 3.08232471676789732129e+00 0.00000000000000000000e+00
1.46504587155963304212e+03 3.08232471676789732129e+00 0.00000000000000000000e+00
1.48077981651376148875e+03 3.08232471676789732129e+00 0.00000000000000000000e+00
1.49651376146788993537e+03 3.08232471676789732129e+00 0.00000000000000000000e+00
1.51224770642201838200e+03 3.08232471676789732129e+00 0.00000000000000000000e+00
1.52798165137614682862e+03 3.08232471676789732129e+00 0.00000000000000000000e+00
1.54371559633027527525e+03 3.08232471676789732129e+00 0.00000000000000000000e+00
1.55944954128440349450e+03 3.08232471676789732129e+00 0.00000000000000000000e+00
1.57518348623853194113e+03 3.08232471676789732129e+00 0.00000000000000000000e+00
1.59091743119266038775e+03 3.08232471676789732129e+00 0.00000000000000000000e+00
1.60665137614678883438e+03 3.08232471676789732129e+00 0.00000000000000000000e+00
1.62238532110091728100e+03 3.08232471676789732129e+00 0.00000000000000000000e+00
1.63811926605504572763e+03 3.08232471676789732129e+00 0.00000000000000000000e+00
1.65385321100917417425e+03 3.08232471676789732129e+00 0.00000000000000000000e+00
1.66958715596330262088e+03 3.08232471676789732129e+00 0.00000000000000000000e+00
1.68532110091743106750e+03 3.08232471676789732129e+00 0.00000000000000000000e+00
1.70105504587155951413e+03 3.08232471676789732129e+00 0.00000000000000000000e+00
1.71678899082568796075e+03 3.08232471676789732129e+00 0.00000000000000000000e+00
1.73252293577981640738e+03 3.08232471676789732129e+00 0.00000000000000000000e+00
1.74825688073394485400e+03 3.08232471676789732129e+00 0.00000000000000000000e+00
1.76399082568807330063e+03 3.08232471676789732129e+00 0.00000000000000000000e+00
1.77972477064220174725e+03 3.08232471676789732129e+00 0.00000000000000000000e+00
1.79545871559633019388e+03 3.08232471676789732129e+00 0.00000000000000000000e+00
1.81119266055045864050e+03 3.08232471676789732129e+00 0.00000000000000000000e+00
1.82692660550458708713e+03 3.08232471676789732129e+00 0.00000000000000000000e+00
1.84266055045871553375e+03 3.08232471676789732129e+00 0.00000000000000000000e+00
1.85839449541284398038e+03 3.08232471676789732129e+00 0.00000000000000000000e+00
1.87412844036697242700e+03 3.08232471676789732129e+00 0.00000000000000000000e+00
1.88986238532110087363e+03 3.08232471676789732129e+00 0.00000000000000000000e+00
1.90559633027522932025e+03 3.08232471676789732129e+00 0.00000000000000000000e+00
1.92133027522935776688e+03 3.08232471676789732129e+00 0.00000000000000000000e+00
1.93706422018348621350e+03 3.08232471676789732129e+00 0.00000000000000000000e+00
1.95279816513761466013e+03 3.08232471676789732129e+00 0.00000000000000000000e+00
1.96853211009174310675e+03 3.08232471676789732129e+00 0.00000000000000000000e+00
1.98426605504587155338e+03 3.08232471676789732129e+00 0.00000000000000000000e+00
2.00000000000000000000e+03 3.08232471676789732129e+00 0.00000000000000000000e+00


TRANSMITTANCE WITH THE ESTIMATED THICKNESSES AND OPTICAL PARAMETERS

lambda                     t
2.85000000000000000000e+02 7.36197977689528604284e-02
3.00733944954128446625e+02 1.38489050842412836362e-01
3.16467889908256893250e+02 1.01314053863634137564e-01
3.32201834862385339875e+02 5.72241445342051680001e-01
3.47935779816513786500e+02 7.62633642129815880750e-01
3.63669724770642233125e+02 8.15720441791600747727e-01
3.79403669724770622906e+02 9.01723716350178228218e-01
3.95137614678899069531e+02 7.12021238451073679165e-01
4.10871559633027516156e+02 8.37623435571111851772e-01
4.26605504587155962781e+02 9.10363064397430199470e-01
4.42339449541284409406e+02 8.95265888422312694495e-01
4.58073394495412799188e+02 8.16494778978288149318e-01
4.73807339449541245813e+02 7.20556560002684975963e-01
4.89541284403669692438e+02 6.35794922210650481631e-01
5.05275229357798139063e+02 5.70637937958706875641e-01
5.21009174311926585688e+02 5.24323392735889459715e-01
5.36743119266055032313e+02 4.93645405865654529620e-01
5.52477064220183478938e+02 4.75469009773040018896e-01
5.68211009174311925563e+02 4.67345527567052831941e-01
5.83944954128440372187e+02 4.67505176428839097635e-01
5.99678899082568818812e+02 4.74701457354140265998e-01
6.15412844036697151751e+02 4.88050282573935567676e-01
6.31146788990825598376e+02 5.06895187405775216050e-01
6.46880733944954045000e+02 5.30698065961990206318e-01
6.62614678899082491625e+02 5.58948804996109327448e-01
6.78348623853210938250e+02 5.91088885725937540627e-01
6.94082568807339384875e+02 6.26447838758054653674e-01
7.09816513761467831500e+02 6.64195555169191709233e-01
7.25550458715596278125e+02 7.03316886952088382579e-01
7.41284403669724724750e+02 7.42616594318468936642e-01
7.57018348623853171375e+02 7.80761241576980791201e-01
7.72752293577981618000e+02 8.16359266008671924375e-01
7.88486238532110064625e+02 8.48071652131470843372e-01
8.04220183486238511250e+02 8.74735914439560335865e-01
8.19954128440366957875e+02 8.95479413388698186615e-01
8.35688073394495404500e+02 9.09798082846054012585e-01
8.51422018348623851125e+02 9.17584505274476991410e-01
8.67155963302752297750e+02 9.19102312211162786326e-01
8.82889908256880744375e+02 9.14917011065754626209e-01
8.98623853211009191000e+02 9.05801767075527064499e-01
9.14357798165137637625e+02 8.92638329674187103180e-01
9.30091743119265970563e+02 8.76329268959633034264e-01
9.45825688073394417188e+02 8.57730881224955998832e-01
9.61559633027522863813e+02 8.37609430813545774441e-01
9.77293577981651310438e+02 8.16618574041704126110e-01
9.93027522935779757063e+02 7.95293308303097301604e-01
1.00876146788990820369e+03 7.74055190011315619181e-01
1.02449541284403676400e+03 7.53224140192766622448e-01
1.04022935779816498325e+03 7.33033240995253354555e-01
1.05596330275229365725e+03 7.13644070624635862288e-01
1.07169724770642187650e+03 6.95161096119559118733e-01
1.08743119266055055050e+03 6.77644366287991517517e-01
1.10316513761467876975e+03 6.61120231759953602690e-01
1.11889908256880744375e+03 6.45590112824063200314e-01
1.13463302752293566300e+03 6.31037492720448289774e-01
1.15036697247706433700e+03 6.17433381461719998917e-01
1.16610091743119255625e+03 6.04740508692548472958e-01
1.18183486238532100288e+03 5.92916488177857026187e-01
1.19756880733944944950e+03 5.81916166992774042122e-01
1.21330275229357789613e+03 5.71693338775761672466e-01
1.22903669724770634275e+03 5.62201967651245637647e-01
1.24477064220183478938e+03 5.53397040113222438151e-01
1.26050458715596323600e+03 5.45235137194716723563e-01
1.27623853211009168263e+03 5.37674798672182041592e-01
1.29197247706422012925e+03 5.30676734484098799882e-01
1.30770642201834857588e+03 5.24203925423240457704e-01
1.32344036697247702250e+03 5.18221644906349476756e-01
1.33917431192660546913e+03 5.12697425687808960859e-01
1.35490825688073391575e+03 5.07600989290437176749e-01
1.37064220183486236238e+03 5.02904151279750966097e-01
1.38637614678899080900e+03 4.98580711985198543612e-01
1.40211009174311925563e+03 4.94606339615330126147e-01
1.41784403669724770225e+03 4.90958450721075412293e-01
1.43357798165137614887e+03 4.87616091474333324118e-01
1.44931192660550459550e+03 4.84559822126099160045e-01
1.46504587155963304212e+03 4.81771606195579071841e-01
1.48077981651376148875e+03 4.79234705347686307242e-01
1.49651376146788993537e+03 4.76933580486373798202e-01
1.51224770642201838200e+03 4.74853799284047473073e-01
1.52798165137614682862e+03 4.72981950151551699957e-01
1.54371559633027527525e+03 4.71305562505145714258e-01
1.55944954128440349450e+03 4.69813033088780862556e-01
1.57518348623853194113e+03 4.68493558048363734070e-01
1.59091743119266038775e+03 4.67337070419521494191e-01
1.60665137614678883438e+03 4.66334182674207453623e-01
1.62238532110091728100e+03 4.65476133968629190996e-01
1.63811926605504572763e+03 4.64754741741391974585e-01
1.65385321100917417425e+03 4.64162357323278429444e-01
1.66958715596330262088e+03 4.63691825236579757696e-01
1.68532110091743106750e+03 4.63336445880652036955e-01
1.70105504587155951413e+03 4.63089941320268483338e-01
1.71678899082568796075e+03 4.62946423913546234452e-01
1.73252293577981640738e+03 4.62900367536134338398e-01
1.74825688073394485400e+03 4.62946581177628768700e-01
1.76399082568807330063e+03 4.63080184704527164641e-01
1.77972477064220174725e+03 4.63296586601338211686e-01
1.79545871559633019388e+03 4.63591463517632640379e-01
1.81119266055045864050e+03 4.63960741463821380037e-01
1.82692660550458708713e+03 4.64400578512330186598e-01
1.84266055045871553375e+03 4.64907348873564885139e-01
1.85839449541284398038e+03 4.65477628227779494097e-01
1.87412844036697242700e+03 4.66108180204628852472e-01
1.88986238532110087363e+03 4.66795943911953004068e-01
1.90559633027522932025e+03 4.67538022424226540341e-01
1.92133027522935776688e+03 4.68331672149181810205e-01
1.93706422018348621350e+03 4.69174292998469355531e-01
1.95279816513761466013e+03 4.70063419294894646594e-01
1.96853211009174310675e+03 4.70996711354816965933e-01
1.98426605504587155338e+03 4.71971947689800219727e-01
2.00000000000000000000e+03 4.72987017776579532491e-01


QUADRATIC ERROR = 3.588181e+00
