ESTIMATED THICKNESSES NOBS=120

Thickness of film 1 = 170.00 nm

ESTIMATED INFLEXION POINTS

Inflexion point of the absorption coefficient of film 1 = 900.00 nm

ESTIMATED REFRACTIVE INDICES AND ABSORPTION COEFFICIENTS

Film 1

lambda                     n                          kappa
4.00000000000000000000e+02 2.00057573999411708598e+00 0.00000000000000000000e+00
4.05042016806722699584e+02 2.00012571428575824939e+00 0.00000000000000000000e+00
4.10084033613445399169e+02 1.99967568857739941279e+00 0.00000000000000000000e+00
4.15126050420168041910e+02 1.99922566286904079824e+00 0.00000000000000000000e+00
4.20168067226890741495e+02 1.99877563716068218369e+00 0.00000000000000000000e+00
4.25210084033613441079e+02 1.99832561145232356914e+00 0.00000000000000000000e+00
4.30252100840336140664e+02 1.99787558574396495459e+00 0.00000000000000000000e+00
4.35294117647058840248e+02 1.99742556003560634004e+00 0.00000000000000000000e+00
4.40336134453781482989e+02 1.99697553432724772549e+00 0.00000000000000000000e+00
4.45378151260504182574e+02 1.99652550861888911093e+00 0.00000000000000000000e+00
4.50420168067226882158e+02 1.99607548291053049638e+00 0.00000000000000000000e+00
4.55462184873949581743e+02 1.99562545720217188183e+00 0.00000000000000000000e+00
4.60504201680672281327e+02 1.99517543149381326728e+00 0.00000000000000000000e+00
4.65546218487394980912e+02 1.99472540578545465273e+00 0.00000000000000000000e+00
4.70588235294117680496e+02 1.99427538007709603818e+00 0.00000000000000000000e+00
4.75630252100840323237e+02 1.99382535436873742363e+00 0.00000000000000000000e+00
4.80672268907563022822e+02 1.99337532866037880908e+00 0.00000000000000000000e+00
4.85714285714285722406e+02 1.99292530295202019452e+00 0.00000000000000000000e+00
4.90756302521008365147e+02 1.99247527724366157997e+00 0.00000000000000000000e+00
4.95798319327731064732e+02 1.99202525153530296542e+00 0.00000000000000000000e+00
5.00840336134453764316e+02 1.99157522582694435087e+00 0.00000000000000000000e+00
5.05882352941176463901e+02 1.99112520011858573632e+00 0.00000000000000000000e+00
5.10924369747899163485e+02 1.99067517441022712177e+00 0.00000000000000000000e+00
5.15966386554621863070e+02 1.99022514870186850722e+00 0.00000000000000000000e+00
5.21008403361344562654e+02 1.98977512299350989267e+00 0.00000000000000000000e+00
5.26050420168067262239e+02 1.98932509728515127811e+00 0.00000000000000000000e+00
5.31092436974789961823e+02 1.98887507157679266356e+00 0.00000000000000000000e+00
5.36134453781512547721e+02 1.98842504586843404901e+00 0.00000000000000000000e+00
5.41176470588235360992e+02 1.98797502016007543446e+00 0.00000000000000000000e+00
5.46218487394957946890e+02 1.98752499445171681991e+00 0.00000000000000000000e+00
5.51260504201680646474e+02 1.98707496874335820536e+00 0.00000000000000000000e+00
5.56302521008403346059e+02 1.98662494303499959081e+00 0.00000000000000000000e+00
5.61344537815126045643e+02 1.98617491732664097626e+00 0.00000000000000000000e+00
5.66386554621848745228e+02 1.98572489161828236170e+00 0.00000000000000000000e+00
5.71428571428571444812e+02 1.98527486590992374715e+00 0.00000000000000000000e+00
5.76470588235294144397e+02 1.98482484020156513260e+00 0.00000000000000000000e+00
5.81512605042016730295e+02 1.98437481449320651805e+00 0.00000000000000000000e+00
5.86554621848739543566e+02 1.98392478878484790350e+00 0.00000000000000000000e+00
5.91596638655462129464e+02 1.98347476307648928895e+00 5.35552038496138471668e-04
5.96638655462184829048e+02 1.98302473736813067440e+00 1.36052025667337790973e-03
6.01680672268907528633e+02 1.98257471165977205985e+00 2.18548847485061734780e-03
6.06722689075630228217e+02 1.98212468595141344530e+00 3.01045669302785678587e-03
6.11764705882352927802e+02 1.98167466024305483074e+00 3.83542491120509622393e-03
6.16806722689075627386e+02 1.98122463453469621619e+00 4.66039305969003815611e-03
6.21848739495798326971e+02 1.98077460882633760164e+00 5.48536120817498008828e-03
6.26890756302521026555e+02 1.98032458311797898709e+00 6.31032855377785042994e-03
6.31932773109243726140e+02 1.97987455740962037254e+00 7.13529589938072077160e-03
6.36974789915966312037e+02 1.97942453170126175799e+00 7.96026324498359111326e-03
6.42016806722689125309e+02 1.97897450599290314344e+00 8.78523059058646145492e-03
6.47058823529411711206e+02 1.97852448028454452889e+00 9.61014023959129264074e-03
6.52100840336134410791e+02 1.97807445457618591433e+00 1.04350498885961238266e-02
6.57142857142857110375e+02 1.97762442886782729978e+00 1.12599595376009550124e-02
6.62184873949579809960e+02 1.97717440315947112772e+00 1.20848691866057861982e-02
6.67226890756302509544e+02 1.97672437745111495566e+00 1.29097788356106173840e-02
6.72268907563025209129e+02 1.97627435174275878360e+00 1.37295334479634288660e-02
6.77310924369747908713e+02 1.97582432603440261154e+00 1.45492880603162403480e-02
6.82352941176470608298e+02 1.97537430032604643948e+00 1.53690426726690518300e-02
6.87394957983193307882e+02 1.97492427461769026742e+00 1.61750846487926057404e-02
6.92436974789915893780e+02 1.97447424890933409536e+00 1.69811266249161596509e-02
6.97478991596638707051e+02 1.97402422320097792330e+00 1.77871686010397135613e-02
7.02521008403361292949e+02 1.97357419749262175124e+00 1.85932105771632674718e-02
7.07563025210084106220e+02 1.97312417178426557918e+00 1.93992525532868213822e-02
7.12605042016806692118e+02 1.97267414607590940712e+00 2.01643126444028472632e-02
7.17647058823529391702e+02 1.97222412036755323506e+00 2.09293727355188731443e-02
7.22689075630252091287e+02 1.97177409465919706300e+00 2.16944328266348990253e-02
7.27731092436974790871e+02 1.97132406895084089093e+00 2.22105292302768146662e-02
7.32773109243697490456e+02 1.97087404324248471887e+00 2.27266256339187303070e-02
7.37815126050420076353e+02 1.97042401753412854681e+00 2.28250162099568089380e-02
7.42857142857142889625e+02 1.96997399182577237475e+00 2.29234067859948875689e-02
7.47899159663865475522e+02 1.96952396611741620269e+00 2.30217973620329661999e-02
7.52941176470588288794e+02 1.96907394040906003063e+00 2.31201879380710448308e-02
7.57983193277310874691e+02 1.96862391470070385857e+00 2.31326180283993355913e-02
7.63025210084033574276e+02 1.96817388899234768651e+00 2.31450481187276263517e-02
7.68067226890756273860e+02 1.96772386328399151445e+00 2.31574782090559171122e-02
7.73109243697478973445e+02 1.96727383757563534239e+00 2.31699082993842078726e-02
7.78151260504201673029e+02 1.96682381186727917033e+00 2.31339629521537318291e-02
7.83193277310924372614e+02 1.96637378615892299827e+00 2.30980176049232557856e-02
7.88235294117647072198e+02 1.96592376045056682621e+00 2.30620722576927797420e-02
7.93277310924369658096e+02 1.96547373474221065415e+00 2.30261269104623036985e-02
7.98319327731092471367e+02 1.96502370903385448209e+00 2.29780827343753352165e-02
8.03361344537815057265e+02 1.96457368332549831003e+00 2.29300385582883667346e-02
8.08403361344537870536e+02 1.96412365761714213797e+00 2.28819943822013982526e-02
8.13445378151260456434e+02 1.96367363190878596590e+00 2.27030436701692525658e-02
8.18487394957983156019e+02 1.96322360620042979384e+00 2.25240929581371068791e-02
8.23529411764705855603e+02 1.96277358049207362178e+00 2.21592520655016084197e-02
8.28571428571428555188e+02 1.96232355478372744173e+00 2.17944111728661099603e-02
8.33613445378151254772e+02 1.96187352907538126168e+00 2.14295702802306115009e-02
8.38655462184873954357e+02 1.96142350336703508162e+00 2.10601475694262192662e-02
8.43697478991596653941e+02 1.96097347765868890157e+00 2.06907248586218270314e-02
8.48739495798319239839e+02 1.96052345195034272152e+00 2.03213021478174347967e-02
8.53781512605042053110e+02 1.96007342624199654146e+00 1.99518527525933790645e-02
8.58823529411764639008e+02 1.95962340053365036141e+00 1.95824033573693233323e-02
8.63865546218487452279e+02 1.95917337482530418136e+00 1.92129539621452676001e-02
8.68907563025210038177e+02 1.95872334911695800130e+00 1.87869181322213064933e-02
8.73949579831932737761e+02 1.95827332340861182125e+00 1.83608823022973453865e-02
8.78991596638655437346e+02 1.95782329770026564120e+00 1.78533945836023034970e-02
8.84033613445378136930e+02 1.95737327199191946114e+00 1.73459068649072616075e-02
8.89075630252100836515e+02 1.95692324628357328109e+00 1.68384191462122197180e-02
8.94117647058823536099e+02 1.95647322057522710104e+00 1.62185692691533545062e-02
8.99159663865546235684e+02 1.95602319486688092098e+00 1.55987193920944892944e-02
9.04201680672268821581e+02 1.95557316915853474093e+00 1.48187834257433211083e-02
9.09243697478991634853e+02 1.95512314345018856088e+00 1.40388474593921529221e-02
9.14285714285714220750e+02 1.95467311774184238082e+00 1.32589114930409847359e-02
9.19327731092436920335e+02 1.95422309203349620077e+00 1.24789755266898165498e-02
9.24369747899159619919e+02 1.95377306632515002072e+00 1.16990395603386483636e-02
9.29411764705882319504e+02 1.95332304061680384066e+00 1.09191035939874801775e-02
9.34453781512605019088e+02 1.95287301490845766061e+00 1.01391676276363328080e-02
9.39495798319327718673e+02 1.95242298920011148056e+00 9.35923166128518543849e-03
9.44537815126050418257e+02 1.95197296349176530050e+00 8.57929569493403806901e-03
9.49579831932773117842e+02 1.95152293778341912045e+00 7.79935972858289156689e-03
9.54621848739495817426e+02 1.95107291207507294040e+00 7.01942376223202001845e-03
9.59663865546218517011e+02 1.95062288636672676034e+00 6.23948779588114847000e-03
9.64705882352941216595e+02 1.95017286065838058029e+00 5.45955182953027692155e-03
9.69747899159663802493e+02 1.94972283495003440024e+00 4.67961586318877374724e-03
9.74789915966386502078e+02 1.94927280924168822018e+00 3.89967989684727057292e-03
9.79831932773109201662e+02 1.94882278353334204013e+00 3.11974393050576739861e-03
9.84873949579831901247e+02 1.94837275782499586008e+00 2.33980796416426422429e-03
9.89915966386554600831e+02 1.94792273211664968002e+00 1.55987199782276083314e-03
9.94957983193277300416e+02 1.94747270640830349997e+00 7.79936031500585297271e-04
1.00000000000000000000e+03 1.94702268069995731992e+00 6.51784096849674764632e-11


TRANSMITTANCE WITH THE ESTIMATED THICKNESSES AND OPTICAL PARAMETERS

lambda                     t
4.00000000000000000000e+02 8.16495302913133991218e-01
4.05042016806722699584e+02 8.08153995566114335958e-01
4.10084033613445399169e+02 8.00672359073971273702e-01
4.15126050420168041910e+02 7.94090935937299180480e-01
4.20168067226890741495e+02 7.88427042217682894076e-01
4.25210084033613441079e+02 7.83679850337901884316e-01
4.30252100840336140664e+02 7.79834623635131785058e-01
4.35294117647058840248e+02 7.76866163020097588721e-01
4.40336134453781482989e+02 7.74741559194908835373e-01
4.45378151260504182574e+02 7.73422355025041752263e-01
4.50420168067226882158e+02 7.72866220733327224934e-01
4.55462184873949581743e+02 7.73028235665443430591e-01
4.60504201680672281327e+02 7.73861858380808231850e-01
4.65546218487394980912e+02 7.75319654112692213666e-01
4.70588235294117680496e+02 7.77353836531429753798e-01
4.75630252100840323237e+02 7.79916669877329216121e-01
4.80672268907563022822e+02 7.82960768139618568107e-01
4.85714285714285722406e+02 7.86439320046789291929e-01
4.90756302521008365147e+02 7.90306262085147648300e-01
4.95798319327731064732e+02 7.94516416408578507458e-01
5.00840336134453764316e+02 7.99025606164993074110e-01
5.05882352941176463901e+02 8.03790757275386957836e-01
5.10924369747899163485e+02 8.08769992911448909467e-01
5.15966386554621863070e+02 8.13922724702083377757e-01
5.21008403361344562654e+02 8.19209742955189779146e-01
5.26050420168067262239e+02 8.24593306825920802083e-01
5.31092436974789961823e+02 8.30037234330440520935e-01
5.36134453781512547721e+02 8.35506991342553018143e-01
5.41176470588235360992e+02 8.40969778177350191228e-01
5.46218487394957946890e+02 8.46394612026899584301e-01
5.51260504201680646474e+02 8.51752403338908115060e-01
5.56302521008403346059e+02 8.57016024195011105746e-01
5.61344537815126045643e+02 8.62160366827879554030e-01
5.66386554621848745228e+02 8.67162390594322984860e-01
5.71428571428571444812e+02 8.72001155974636676937e-01
5.76470588235294144397e+02 8.76657844477006453765e-01
5.81512605042016730295e+02 8.81115763671176832617e-01
5.86554621848739543566e+02 8.85360336940155479013e-01
5.91596638655462129464e+02 8.87465306307148704690e-01
5.96638655462184829048e+02 8.88319678526561462562e-01
6.01680672268907528633e+02 8.88958362366843002356e-01
6.06722689075630228217e+02 8.89380213885394566020e-01
6.11764705882352927802e+02 8.89585678837446436340e-01
6.16806722689075627386e+02 8.89576649179891987274e-01
6.21848739495798326971e+02 8.89356318521254074483e-01
6.26890756302521026555e+02 8.88929043164705334767e-01
6.31932773109243726140e+02 8.88300194102086049242e-01
6.36974789915966312037e+02 8.87476029790999709768e-01
6.42016806722689125309e+02 8.86463563127429687860e-01
6.47058823529411711206e+02 8.85270624182889820375e-01
6.52100840336134410791e+02 8.83905178049559481224e-01
6.57142857142857110375e+02 8.82375784313956690319e-01
6.62184873949579809960e+02 8.80691304193650270626e-01
6.67226890756302509544e+02 8.78860806927614368611e-01
6.72268907563025209129e+02 8.76909169103046948202e-01
6.77310924369747908713e+02 8.74829525795924878295e-01
6.82352941176470608298e+02 8.72631088406269017632e-01
6.87394957983193307882e+02 8.70363036071464923893e-01
6.92436974789915893780e+02 8.67993194937142220624e-01
6.97478991596638707051e+02 8.65530379971546914852e-01
7.02521008403361292949e+02 8.62983189503854442037e-01
7.07563025210084106220e+02 8.60359971882584506631e-01
7.12605042016806692118e+02 8.57780220168918861035e-01
7.17647058823529391702e+02 8.55137047717753229215e-01
7.22689075630252091287e+02 8.52437957131879309181e-01
7.27731092436974790871e+02 8.50338243039056584927e-01
7.32773109243697490456e+02 8.48178170308140355615e-01
7.37815126050420076353e+02 8.47023016024267660917e-01
7.42857142857142889625e+02 8.45792612881073990749e-01
7.47899159663865475522e+02 8.44493661123204231167e-01
7.52941176470588288794e+02 8.43132612894794020164e-01
7.57983193277310874691e+02 8.41922664735209602682e-01
7.63025210084033574276e+02 8.40657455632138561619e-01
7.68067226890756273860e+02 8.39342752892261678710e-01
7.73109243697478973445e+02 8.37984064508577208841e-01
7.78151260504201673029e+02 8.36697363686211836864e-01
7.83193277310924372614e+02 8.35374135432935593926e-01
7.88235294117647072198e+02 8.34019176801793382658e-01
7.93277310924369658096e+02 8.32637033577904195347e-01
7.98319327731092471367e+02 8.31258350450083005612e-01
8.03361344537815057265e+02 8.29860192907609817148e-01
8.08403361344537870536e+02 8.28446398674861916867e-01
8.13445378151260456434e+02 8.27295434696088127779e-01
8.18487394957983156019e+02 8.26129341720188148379e-01
8.23529411764705855603e+02 8.25332921610969827420e-01
8.28571428571428555188e+02 8.24519313467823589114e-01
8.33613445378151254772e+02 8.23691741829116197415e-01
8.38655462184873954357e+02 8.22862339008674448237e-01
8.43697478991596653941e+02 8.22024662398999739210e-01
8.48739495798319239839e+02 8.21181391473662314340e-01
8.53781512605042053110e+02 8.20335086163109128421e-01
8.58823529411764639008e+02 8.19488038516670291855e-01
8.63865546218487452279e+02 8.18642435546542923674e-01
8.68907563025210038177e+02 8.17905829235700987390e-01
8.73949579831932737761e+02 8.17172503082043588662e-01
8.78991596638655437346e+02 8.16593226752928225132e-01
8.84033613445378136930e+02 8.16017924138623840236e-01
8.89075630252100836515e+02 8.15448270435362498887e-01
8.94117647058823536099e+02 8.15085638012555624421e-01
8.99159663865546235684e+02 8.14728084516878392485e-01
9.04201680672268821581e+02 8.14656869224031687793e-01
9.09243697478991634853e+02 8.14588852653130857107e-01
9.14285714285714220750e+02 8.14525466744097759175e-01
9.19327731092436920335e+02 8.14468044390543877142e-01
9.24369747899159619919e+02 8.14417824089178288283e-01
9.29411764705882319504e+02 8.14375954475027863388e-01
9.34453781512605019088e+02 8.14343498733138382306e-01
9.39495798319327718673e+02 8.14321438879464953864e-01
9.44537815126050418257e+02 8.14310679905373202558e-01
9.49579831932773117842e+02 8.14312053781759748183e-01
9.54621848739495817426e+02 8.14326323320127554162e-01
9.59663865546218517011e+02 8.14354185889180515190e-01
9.64705882352941216595e+02 8.14396276986492195782e-01
9.69747899159663802493e+02 8.14453173665723006991e-01
9.74789915966386502078e+02 8.14525397820676455574e-01
9.79831932773109201662e+02 8.14613419327924526137e-01
9.84873949579831901247e+02 8.14717659050589682046e-01
9.89915966386554600831e+02 8.14838491706056045061e-01
9.94957983193277300416e+02 8.14976248600872699157e-01
1.00000000000000000000e+03 8.15131220236505638077e-01


QUADRATIC ERROR = 3.160793e-03
