ESTIMATED THICKNESSES

Thickness of film 1 = 146.00 nm

ESTIMATED INFLEXION POINTS

Inflexion point of the absorption coefficient of film 1 = 500.00 nm

ESTIMATED REFRACTIVE INDICES AND ABSORPTION COEFFICIENTS

Film 1

lambda                     n                          kappa
4.00000000000000000000e+02 2.08715562405516896760e+00 -2.92948974160158817637e-02
4.06060606060606062329e+02 2.08475127289050865542e+00 -2.47408596351122132828e-02
4.12121212121212124657e+02 2.08234692172584834324e+00 -2.01868218542085448020e-02
4.18181818181818186986e+02 2.07994257068361587670e+00 -1.56327840733048763211e-02
4.24242424242424249314e+02 2.07753821964138341016e+00 -1.10787462924012702903e-02
4.30303030303030311643e+02 2.07513386859915094362e+00 -6.52470851149766425947e-03
4.36363636363636373972e+02 2.07272951755691847708e+00 -1.97067073059405909602e-03
4.42424242424242436300e+02 2.07032516651468601054e+00 1.48396310376349739590e-03
4.48484848484848498629e+02 2.06792081547245354400e+00 4.93859693812105388783e-03
4.54545454545454560957e+02 2.06551646443022107746e+00 8.39323077247861037975e-03
4.60606060606060623286e+02 2.06311211338798861092e+00 1.03127383971719031180e-02
4.66666666666666685614e+02 2.06070776234575614438e+00 1.22322460218651958563e-02
4.72727272727272747943e+02 2.05830341130352367784e+00 1.41517536465584885946e-02
4.78787878787878753428e+02 2.05589906026129121130e+00 1.60712612712517813329e-02
4.84848484848484872600e+02 2.05349470921905874476e+00 1.70017469028151645138e-02
4.90909090909090878085e+02 2.05109035817682627822e+00 1.79322325343785476948e-02
4.96969696969696997257e+02 2.04868600713459381168e+00 1.88627181659419308757e-02
5.03030303030303002743e+02 2.04628165609236134515e+00 1.97932037975053140566e-02
5.09090909090909121915e+02 2.04387730505012887861e+00 1.92189796468665297091e-02
5.15151515151515127400e+02 2.04147295400789641207e+00 1.86447554962277453616e-02
5.21212121212121246572e+02 2.03906860296566394553e+00 1.80705313455889610141e-02
5.27272727272727252057e+02 2.03666425192343147899e+00 1.74963071949501766666e-02
5.33333333333333371229e+02 2.03425990088119901245e+00 1.69220830443113923192e-02
5.39393939393939376714e+02 2.03185554983896654591e+00 1.63478588936726079717e-02
5.45454545454545495886e+02 2.02945119879673407937e+00 1.57736347430338236242e-02
5.51515151515151501371e+02 2.02704684775450161283e+00 1.51994105923950410114e-02
5.57575757575757506856e+02 2.02464249671226914629e+00 1.46251864417562583986e-02
5.63636363636363626028e+02 2.02223814567003667975e+00 1.40509622911174757859e-02
5.69696969696969745200e+02 2.01983379462780421321e+00 1.34767381404786931731e-02
5.75757575757575750686e+02 2.01742944358557174667e+00 1.29025139898399105604e-02
5.81818181818181756171e+02 2.01502509254333928013e+00 1.23282898392011279476e-02
5.87878787878787875343e+02 2.01262074150110681359e+00 1.17540656885623453348e-02
5.93939393939393994515e+02 2.01021639045887434705e+00 1.11798415379235627221e-02
6.00000000000000000000e+02 2.00781203941664188051e+00 1.06056173872847801093e-02
6.06060606060606005485e+02 2.00540768837440941397e+00 1.00313932366459974965e-02
6.12121212121212124657e+02 2.00300333733217694743e+00 9.45716908600721488376e-03
6.18181818181818243829e+02 2.00059898628994448089e+00 8.88294493536843227099e-03
6.24242424242424249314e+02 1.99819463524771201435e+00 8.30872078472964965823e-03
6.30303030303030254800e+02 1.99579028420547954781e+00 7.73449663409086704546e-03
6.36363636363636373972e+02 1.99338593316324708127e+00 7.16027248345208443270e-03
6.42424242424242493144e+02 1.99098158212101461473e+00 6.58604833281330181993e-03
6.48484848484848498629e+02 1.98857723107878214819e+00 6.01182418217451920717e-03
6.54545454545454504114e+02 1.98617288003654968165e+00 5.85141170010245598165e-03
6.60606060606060623286e+02 1.98376852899431721511e+00 5.69099921803039275614e-03
6.66666666666666742458e+02 1.98136417795208474857e+00 5.53058673595832953063e-03
6.72727272727272747943e+02 1.97895982690985228203e+00 5.37017425388626630511e-03
6.78787878787878753428e+02 1.97655547586761981549e+00 5.20976177181420307960e-03
6.84848484848484872600e+02 1.97415112482538734895e+00 5.04934928974213985409e-03
6.90909090909090878085e+02 1.97174677378315488241e+00 4.88893680767007662857e-03
6.96969696969696997257e+02 1.96934242274092241587e+00 4.72852432559801340306e-03
7.03030303030303002743e+02 1.96693807169868994933e+00 4.56811184352595017755e-03
7.09090909090909008228e+02 1.96453372065645748279e+00 4.40769936145388695203e-03
7.15151515151515127400e+02 1.96212936961422501625e+00 4.24728687938182372652e-03
7.21212121212121246572e+02 1.95972501857199254971e+00 4.08687439730976050101e-03
7.27272727272727252057e+02 1.95732066752976008317e+00 3.92646191523769727549e-03
7.33333333333333257542e+02 1.95491631648752761663e+00 3.76604943316563448366e-03
7.39393939393939376714e+02 1.95251196544529515009e+00 3.60563695109357125815e-03
7.45454545454545495886e+02 1.95010761440306268355e+00 3.44522446902150803263e-03
7.51515151515151501371e+02 1.94770326336083021701e+00 3.28481198694944480712e-03
7.57575757575757506856e+02 1.94529891231859775047e+00 3.12439950487738158161e-03
7.63636363636363626028e+02 1.94289456127636528393e+00 2.96398702280531835609e-03
7.69696969696969745200e+02 1.94049021023413281739e+00 2.80357454073325513058e-03
7.75757575757575750686e+02 1.93808585919190035085e+00 2.64316205866119190507e-03
7.81818181818181756171e+02 1.93568150814966788431e+00 2.48274957658912867955e-03
7.87878787878787875343e+02 1.93327715710743541777e+00 2.32233709451706545404e-03
7.93939393939393994515e+02 1.93087280606520295123e+00 2.16192461244500222853e-03
8.00000000000000000000e+02 1.92846845502297048469e+00 2.00151213037293900301e-03
8.06060606060606005485e+02 1.92606410398073801815e+00 1.84109964830087577750e-03
8.12121212121212124657e+02 1.92365975293850555161e+00 1.68068716622881255199e-03
8.18181818181818243829e+02 1.92125540189627308507e+00 1.52027468415674932647e-03
8.24242424242424249314e+02 1.91885105085404061853e+00 1.35986220208468610096e-03
8.30303030303030254800e+02 1.91644669981180815199e+00 1.19944972001262287545e-03
8.36363636363636373972e+02 1.91404234876957568545e+00 1.03903723794055964993e-03
8.42424242424242493144e+02 1.91163799772734321891e+00 8.78624755868496316001e-04
8.48484848484848498629e+02 1.90923364668511075237e+00 7.18212273796432982068e-04
8.54545454545454504114e+02 1.90682929564287828583e+00 5.57799791724369648134e-04
8.60606060606060623286e+02 1.90442494460064581929e+00 5.57799791724369648134e-04
8.66666666666666742458e+02 1.90202059355841335275e+00 5.57799791724369648134e-04
8.72727272727272747943e+02 1.89961624251618088621e+00 5.57799791724369648134e-04
8.78787878787878753428e+02 1.89721189147394841967e+00 5.57799791724369648134e-04
8.84848484848484872600e+02 1.89503256870301339809e+00 5.57799791724369648134e-04
8.90909090909090878085e+02 1.89285324593207837651e+00 5.57799791724369648134e-04
8.96969696969696997257e+02 1.89067392316114335493e+00 5.57799791724369648134e-04
9.03030303030303002743e+02 1.89067392316114335493e+00 5.57799791724369648134e-04
9.09090909090909008228e+02 1.89067392316114335493e+00 5.57799791724369648134e-04
9.15151515151515127400e+02 1.89067392316114335493e+00 5.57799791724369648134e-04
9.21212121212121246572e+02 1.89067392316114335493e+00 5.57799791724369648134e-04
9.27272727272727252057e+02 1.89067392316114335493e+00 5.57799791724369648134e-04
9.33333333333333371229e+02 1.89067392316114335493e+00 5.57799791724369648134e-04
9.39393939393939376714e+02 1.89067392316114335493e+00 5.57799791724369648134e-04
9.45454545454545495886e+02 1.89067392316114335493e+00 5.57799791724369648134e-04
9.51515151515151501371e+02 1.89067392316114335493e+00 5.57799791724369648134e-04
9.57575757575757620543e+02 1.89067392316114335493e+00 5.57799791724369648134e-04
9.63636363636363626028e+02 1.89067392316114335493e+00 5.57799791724369648134e-04
9.69696969696969745200e+02 1.89067392316114335493e+00 5.57799791724369648134e-04
9.75757575757575750686e+02 1.89067392316114335493e+00 5.57799791724369648134e-04
9.81818181818181756171e+02 1.89067392316114335493e+00 5.57799791724369648134e-04
9.87878787878787875343e+02 1.89067392316114335493e+00 5.57799791724369648134e-04
9.93939393939393880828e+02 1.89067392316114335493e+00 5.57799791724369648134e-04
1.00000000000000000000e+03 1.89067392316114335493e+00 5.57799791724369648134e-04


TRANSMITTANCE WITH THE ESTIMATED THICKNESSES AND OPTICAL PARAMETERS

lambda                     t
4.00000000000000000000e+02 8.40862416149827374134e-01
4.06060606060606062329e+02 8.24601491808421349639e-01
4.12121212121212124657e+02 8.10694175798705174429e-01
4.18181818181818186986e+02 7.98744055615461689968e-01
4.24242424242424249314e+02 7.88409526401150584363e-01
4.30303030303030311643e+02 7.79396103566717179945e-01
4.36363636363636373972e+02 7.71450049018565620074e-01
4.42424242424242436300e+02 7.67781000457878337606e-01
4.48484848484848498629e+02 7.64729035510456012226e-01
4.54545454545454560957e+02 7.62136591923130990445e-01
4.60606060606060623286e+02 7.64621560849829462470e-01
4.66666666666666685614e+02 7.67300471612696544099e-01
4.72727272727272747943e+02 7.70064096213291082726e-01
4.78787878787878753428e+02 7.72815382678823437068e-01
4.84848484848484872600e+02 7.78567862951337619215e-01
4.90909090909090878085e+02 7.84158558391457094494e-01
4.96969696969696997257e+02 7.89514543430582804717e-01
5.03030303030303002743e+02 7.94572678325297432345e-01
5.09090909090909121915e+02 8.04055654724647128617e-01
5.15151515151515127400e+02 8.13161420552220404190e-01
5.21212121212121246572e+02 8.21834360647714978754e-01
5.27272727272727252057e+02 8.30027421189972081095e-01
5.33333333333333371229e+02 8.37702271876252235749e-01
5.39393939393939376714e+02 8.44829293628588495757e-01
5.45454545454545495886e+02 8.51387396832025022952e-01
5.51515151515151501371e+02 8.57363682482724209777e-01
5.57575757575757506856e+02 8.62752964743599082276e-01
5.63636363636363626028e+02 8.67557177963480530281e-01
5.69696969696969745200e+02 8.71784694070474208694e-01
5.75757575757575750686e+02 8.75449577414636470607e-01
5.81818181818181756171e+02 8.78570803754332607660e-01
5.87878787878787875343e+02 8.81171468396923174282e-01
5.93939393939393994515e+02 8.83278005819004063959e-01
6.00000000000000000000e+02 8.84919439727315682021e-01
6.06060606060606005485e+02 8.86126678791748778607e-01
6.12121212121212124657e+02 8.86931869465474420622e-01
6.18181818181818243829e+02 8.87367813633334834300e-01
6.24242424242424249314e+02 8.87467455470401955786e-01
6.30303030303030254800e+02 8.87263438962942130317e-01
6.36363636363636373972e+02 8.86787735106278729447e-01
6.42424242424242493144e+02 8.86071335866228770861e-01
6.48484848484848498629e+02 8.85144010556411675594e-01
6.54545454545454504114e+02 8.82991776606245282188e-01
6.60606060606060623286e+02 8.80723203485273442581e-01
6.66666666666666742458e+02 8.78362286083648302615e-01
6.72727272727272747943e+02 8.75931143249921051464e-01
6.78787878787878753428e+02 8.73450042613440502670e-01
6.84848484848484872600e+02 8.70937447913955553602e-01
6.90909090909090878085e+02 8.68410083744472927059e-01
6.96969696969696997257e+02 8.65883013257041866950e-01
7.03030303030303002743e+02 8.63369725009215494005e-01
7.09090909090909008228e+02 8.60882225722898741793e-01
7.15151515151515127400e+02 8.58431136274844241996e-01
7.21212121212121246572e+02 8.56025788732278747339e-01
7.27272727272727252057e+02 8.53674322685153308399e-01
7.33333333333333257542e+02 8.51383779508336879793e-01
7.39393939393939376714e+02 8.49160193515007932774e-01
7.45454545454545495886e+02 8.47008679240080719630e-01
7.51515151515151501371e+02 8.44933514324228363002e-01
7.57575757575757506856e+02 8.42938217659753519229e-01
7.63636363636363626028e+02 8.41025622614143930633e-01
7.69696969696969745200e+02 8.39197945270457101863e-01
7.75757575757575750686e+02 8.37456847720163377602e-01
7.81818181818181756171e+02 8.35803496517999233717e-01
7.87878787878787875343e+02 8.34238616463296889236e-01
7.93939393939393994515e+02 8.32762539911682697635e-01
8.00000000000000000000e+02 8.31375251847614737954e-01
8.06060606060606005485e+02 8.30076430964662881351e-01
8.12121212121212124657e+02 8.28865487008650370093e-01
8.18181818181818243829e+02 8.27741594640673539196e-01
8.24242424242424249314e+02 8.26703724074007162415e-01
8.30303030303030254800e+02 8.25750668732250558968e-01
8.36363636363636373972e+02 8.24881070166757490725e-01
8.42424242424242493144e+02 8.24093440460241133394e-01
8.48484848484848498629e+02 8.23386182331064642170e-01
8.54545454545454504114e+02 8.22757607139715019251e-01
8.60606060606060623286e+02 8.21956584278014101841e-01
8.66666666666666742458e+02 8.21234323018597334176e-01
8.72727272727272747943e+02 8.20588670964986222067e-01
8.78787878787878753428e+02 8.20017456632643693126e-01
8.84848484848484872600e+02 8.19469372928265049616e-01
8.90909090909090878085e+02 8.18988510093298871517e-01
8.96969696969696997257e+02 8.18572832479494083557e-01
9.03030303030303002743e+02 8.17705968964678286959e-01
9.09090909090909008228e+02 8.16877489328304395855e-01
9.15151515151515127400e+02 8.16086496809973027666e-01
9.21212121212121246572e+02 8.15332097251121212800e-01
9.27272727272727252057e+02 8.14613401025583216963e-01
9.33333333333333371229e+02 8.13929524743327470482e-01
9.39393939393939376714e+02 8.13279592748227697641e-01
9.45454545454545495886e+02 8.12662738428957087677e-01
9.51515151515151501371e+02 8.12078105360532598311e-01
9.57575757575757620543e+02 8.11524848292491385315e-01
9.63636363636363626028e+02 8.11002133998366403489e-01
9.69696969696969745200e+02 8.10509141999823268243e-01
9.75757575757575750686e+02 8.10045065177682932500e-01
9.81818181818181756171e+02 8.09609110280972821272e-01
9.87878787878787875343e+02 8.09200498344179397492e-01
9.93939393939393880828e+02 8.08818465021960641970e-01
1.00000000000000000000e+03 8.08462260849763914017e-01


QUADRATIC ERROR = 2.054507e-04
