ESTIMATED THICKNESSES

Thickness of film 1 = 140.00 nm

ESTIMATED INFLEXION POINTS

Inflexion point of the absorption coefficient of film 1 = 250.00 nm

ESTIMATED REFRACTIVE INDICES AND ABSORPTION COEFFICIENTS

Film 1

lambda                     n                          kappa
2.85000000000000000000e+02 1.06976095175823395778e+01 0.00000000000000000000e+00
3.02323232323232332419e+02 9.39357775149211704502e+00 0.00000000000000000000e+00
3.19646464646464664838e+02 8.35455935088736723060e+00 0.00000000000000000000e+00
3.36969696969696997257e+02 7.31554095028261741618e+00 0.00000000000000000000e+00
3.54292929292929272833e+02 6.27652254967786671358e+00 0.00000000000000000000e+00
3.71616161616161605252e+02 5.23750414907311601098e+00 0.00000000000000000000e+00
3.88939393939393937671e+02 4.19848574846836530838e+00 0.00000000000000000000e+00
4.06262626262626270091e+02 3.15946734786361504987e+00 0.00000000000000000000e+00
4.23585858585858545666e+02 3.15355052582668626826e+00 0.00000000000000000000e+00
4.40909090909090878085e+02 3.14763370378975748665e+00 0.00000000000000000000e+00
4.58232323232323210505e+02 3.14171688175282870503e+00 0.00000000000000000000e+00
4.75555555555555542924e+02 3.13580005971589992342e+00 0.00000000000000000000e+00
4.92878787878787875343e+02 3.12988323767897114180e+00 0.00000000000000000000e+00
5.10202020202020207762e+02 3.12396641564204236019e+00 0.00000000000000000000e+00
5.27525252525252540181e+02 3.11804959360511357858e+00 0.00000000000000000000e+00
5.44848484848484758913e+02 3.11213277156818479696e+00 0.00000000000000000000e+00
5.62171717171717091333e+02 3.10621594953125601535e+00 0.00000000000000000000e+00
5.79494949494949423752e+02 3.10029912749432723373e+00 0.00000000000000000000e+00
5.96818181818181756171e+02 3.10029912749432723373e+00 0.00000000000000000000e+00
6.14141414141414088590e+02 3.10029912749432723373e+00 0.00000000000000000000e+00
6.31464646464646421009e+02 3.10029912749432723373e+00 0.00000000000000000000e+00
6.48787878787878753428e+02 3.10029912749432723373e+00 0.00000000000000000000e+00
6.66111111111111085847e+02 3.10029912749432723373e+00 0.00000000000000000000e+00
6.83434343434343418267e+02 3.10029912749432723373e+00 0.00000000000000000000e+00
7.00757575757575750686e+02 3.10029912749432723373e+00 0.00000000000000000000e+00
7.18080808080808083105e+02 3.10029912749432723373e+00 0.00000000000000000000e+00
7.35404040404040415524e+02 3.10029912749432723373e+00 0.00000000000000000000e+00
7.52727272727272747943e+02 3.10029912749432723373e+00 0.00000000000000000000e+00
7.70050505050505080362e+02 3.10029912749432723373e+00 0.00000000000000000000e+00
7.87373737373737412781e+02 3.10029912749432723373e+00 0.00000000000000000000e+00
8.04696969696969631514e+02 3.10029912749432723373e+00 0.00000000000000000000e+00
8.22020202020201963933e+02 3.10029912749432723373e+00 0.00000000000000000000e+00
8.39343434343434296352e+02 3.10029912749432723373e+00 0.00000000000000000000e+00
8.56666666666666628771e+02 3.10029912749432723373e+00 0.00000000000000000000e+00
8.73989898989898961190e+02 3.10029912749432723373e+00 0.00000000000000000000e+00
8.91313131313131293609e+02 3.10029912749432723373e+00 0.00000000000000000000e+00
9.08636363636363626028e+02 3.10029912749432723373e+00 0.00000000000000000000e+00
9.25959595959595958448e+02 3.10029912749432723373e+00 0.00000000000000000000e+00
9.43282828282828177180e+02 3.10029912749432723373e+00 0.00000000000000000000e+00
9.60606060606060509599e+02 3.10029912749432723373e+00 0.00000000000000000000e+00
9.77929292929292842018e+02 3.10029912749432723373e+00 0.00000000000000000000e+00
9.95252525252525174437e+02 3.10029912749432723373e+00 0.00000000000000000000e+00
1.01257575757575750686e+03 3.10029912749432723373e+00 0.00000000000000000000e+00
1.02989898989898983928e+03 3.10029912749432723373e+00 0.00000000000000000000e+00
1.04722222222222217169e+03 3.10029912749432723373e+00 0.00000000000000000000e+00
1.06454545454545450411e+03 3.10029912749432723373e+00 0.00000000000000000000e+00
1.08186868686868683653e+03 3.10029912749432723373e+00 0.00000000000000000000e+00
1.09919191919191916895e+03 3.10029912749432723373e+00 0.00000000000000000000e+00
1.11651515151515150137e+03 3.10029912749432723373e+00 0.00000000000000000000e+00
1.13383838383838383379e+03 3.10029912749432723373e+00 0.00000000000000000000e+00
1.15116161616161616621e+03 3.10029912749432723373e+00 0.00000000000000000000e+00
1.16848484848484849863e+03 3.10029912749432723373e+00 0.00000000000000000000e+00
1.18580808080808083105e+03 3.10029912749432723373e+00 0.00000000000000000000e+00
1.20313131313131316347e+03 3.10029912749432723373e+00 0.00000000000000000000e+00
1.22045454545454549589e+03 3.10029912749432723373e+00 0.00000000000000000000e+00
1.23777777777777782831e+03 3.10029912749432723373e+00 0.00000000000000000000e+00
1.25510101010101016072e+03 3.10029912749432723373e+00 0.00000000000000000000e+00
1.27242424242424249314e+03 3.10029912749432723373e+00 0.00000000000000000000e+00
1.28974747474747482556e+03 3.10029912749432723373e+00 0.00000000000000000000e+00
1.30707070707070693061e+03 3.10029912749432723373e+00 0.00000000000000000000e+00
1.32439393939393926303e+03 3.10029912749432723373e+00 0.00000000000000000000e+00
1.34171717171717159545e+03 3.10029912749432723373e+00 0.00000000000000000000e+00
1.35904040404040392787e+03 3.10029912749432723373e+00 0.00000000000000000000e+00
1.37636363636363626028e+03 3.10029912749432723373e+00 0.00000000000000000000e+00
1.39368686868686859270e+03 3.10029912749432723373e+00 0.00000000000000000000e+00
1.41101010101010092512e+03 3.10029912749432723373e+00 0.00000000000000000000e+00
1.42833333333333325754e+03 3.10029912749432723373e+00 0.00000000000000000000e+00
1.44565656565656558996e+03 3.10029912749432723373e+00 0.00000000000000000000e+00
1.46297979797979792238e+03 3.10029912749432723373e+00 0.00000000000000000000e+00
1.48030303030303025480e+03 3.10029912749432723373e+00 0.00000000000000000000e+00
1.49762626262626258722e+03 3.10029912749432723373e+00 0.00000000000000000000e+00
1.51494949494949491964e+03 3.10029912749432723373e+00 0.00000000000000000000e+00
1.53227272727272725206e+03 3.10029912749432723373e+00 0.00000000000000000000e+00
1.54959595959595958448e+03 3.10029912749432723373e+00 0.00000000000000000000e+00
1.56691919191919191690e+03 3.10029912749432723373e+00 0.00000000000000000000e+00
1.58424242424242402194e+03 3.10029912749432723373e+00 0.00000000000000000000e+00
1.60156565656565635436e+03 3.10029912749432723373e+00 0.00000000000000000000e+00
1.61888888888888868678e+03 3.10029912749432723373e+00 0.00000000000000000000e+00
1.63621212121212101920e+03 3.10029912749432723373e+00 0.00000000000000000000e+00
1.65353535353535335162e+03 3.10029912749432723373e+00 0.00000000000000000000e+00
1.67085858585858568404e+03 3.10029912749432723373e+00 0.00000000000000000000e+00
1.68818181818181801646e+03 3.10029912749432723373e+00 0.00000000000000000000e+00
1.70550505050505034887e+03 3.10029912749432723373e+00 0.00000000000000000000e+00
1.72282828282828268129e+03 3.10029912749432723373e+00 0.00000000000000000000e+00
1.74015151515151501371e+03 3.10029912749432723373e+00 0.00000000000000000000e+00
1.75747474747474734613e+03 3.10029912749432723373e+00 0.00000000000000000000e+00
1.77479797979797967855e+03 3.10029912749432723373e+00 0.00000000000000000000e+00
1.79212121212121201097e+03 3.10029912749432723373e+00 0.00000000000000000000e+00
1.80944444444444434339e+03 3.10029912749432723373e+00 0.00000000000000000000e+00
1.82676767676767667581e+03 3.10029912749432723373e+00 0.00000000000000000000e+00
1.84409090909090900823e+03 3.10029912749432723373e+00 0.00000000000000000000e+00
1.86141414141414134065e+03 3.10029912749432723373e+00 0.00000000000000000000e+00
1.87873737373737367307e+03 3.10029912749432723373e+00 0.00000000000000000000e+00
1.89606060606060600549e+03 3.10029912749432723373e+00 0.00000000000000000000e+00
1.91338383838383833790e+03 3.10029912749432723373e+00 0.00000000000000000000e+00
1.93070707070707067032e+03 3.10029912749432723373e+00 0.00000000000000000000e+00
1.94803030303030300274e+03 3.10029912749432723373e+00 0.00000000000000000000e+00
1.96535353535353510779e+03 3.10029912749432723373e+00 0.00000000000000000000e+00
1.98267676767676744021e+03 3.10029912749432723373e+00 0.00000000000000000000e+00
2.00000000000000000000e+03 3.10029912749432723373e+00 0.00000000000000000000e+00


TRANSMITTANCE WITH THE ESTIMATED THICKNESSES AND OPTICAL PARAMETERS

lambda                     t
2.85000000000000000000e+02 5.30270743765939023273e-02
3.02323232323232332419e+02 9.97739402673284841994e-02
3.19646464646464664838e+02 1.15239564750641856894e-01
3.36969696969696997257e+02 6.31809421787134839477e-01
3.54292929292929272833e+02 8.43236120644337172614e-01
3.71616161616161605252e+02 8.29515267604804651391e-01
3.88939393939393937671e+02 9.04170322427034101054e-01
4.06262626262626270091e+02 7.11115650925378095515e-01
4.23585858585858545666e+02 8.54867267042066170113e-01
4.40909090909090878085e+02 9.15245324904638390962e-01
4.58232323232323210505e+02 8.61404816165241671300e-01
4.75555555555555542924e+02 7.52531241082468715931e-01
4.92878787878787875343e+02 6.48056820009023426543e-01
5.10202020202020207762e+02 5.69023870141256327138e-01
5.27525252525252540181e+02 5.15683036099419456200e-01
5.44848484848484758913e+02 4.83090587267791304882e-01
5.62171717171717091333e+02 4.66542446204582295088e-01
5.79494949494949423752e+02 4.62616736747079759784e-01
5.96818181818181756171e+02 4.67168844288364304429e-01
6.14141414141414088590e+02 4.79489098027649107703e-01
6.31464646464646421009e+02 4.98633778321529608224e-01
6.48787878787878753428e+02 5.23878434990160068985e-01
6.66111111111111085847e+02 5.54567166184365412107e-01
6.83434343434343418267e+02 5.89987395630746092046e-01
7.00757575757575750686e+02 6.29266388329036918670e-01
7.18080808080808083105e+02 6.71294483518924511856e-01
7.35404040404040415524e+02 7.14687421489734853175e-01
7.52727272727272747943e+02 7.57803421612501693083e-01
7.70050505050505080362e+02 7.98826643794261159748e-01
7.87373737373737412781e+02 8.35915546833115641334e-01
8.04696969696969631514e+02 8.67394774173956273344e-01
8.22020202020201963933e+02 8.91950252310954594392e-01
8.39343434343434296352e+02 9.08779513109004843940e-01
8.56666666666666628771e+02 9.17659359776879512971e-01
8.73989898989898961190e+02 9.18918032346921487274e-01
8.91313131313131293609e+02 9.13327559586534665215e-01
9.08636363636363626028e+02 9.01951296857371631610e-01
9.25959595959595958448e+02 8.85985527006009521145e-01
9.43282828282828177180e+02 8.66624900411605225692e-01
9.60606060606060509599e+02 8.44966783215500893967e-01
9.77929292929292842018e+02 8.21956227310720377588e-01
9.95252525252525174437e+02 7.98364838629070039389e-01
1.01257575757575750686e+03 7.74793530955707132613e-01
1.02989898989898983928e+03 7.51689461981266293655e-01
1.04722222222222217169e+03 7.29369516858464850273e-01
1.06454545454545450411e+03 7.08045173964668261846e-01
1.08186868686868683653e+03 6.87845730829134915929e-01
1.09919191919191916895e+03 6.68838436002592962026e-01
1.11651515151515150137e+03 6.51045082140574105090e-01
1.13383838383838383379e+03 6.34455189784954631804e-01
1.15116161616161616621e+03 6.19036188450538982231e-01
1.16848484848484849863e+03 6.04741096263306854297e-01
1.18580808080808083105e+03 5.91514193298982027258e-01
1.20313131313131316347e+03 5.79295129550365217597e-01
1.22045454545454549589e+03 5.68021837141346019884e-01
1.23777777777777782831e+03 5.57632544670561558497e-01
1.25510101010101016072e+03 5.48067127252265473558e-01
1.27242424242424249314e+03 5.39267971738363938172e-01
1.28974747474747482556e+03 5.31180492927904590594e-01
1.30707070707070693061e+03 5.23753402251393329614e-01
1.32439393939393926303e+03 5.16938803974700933352e-01
1.34171717171717159545e+03 5.10692173887287936829e-01
1.35904040404040392787e+03 5.04972260360559532799e-01
1.37636363636363626028e+03 4.99740936439720451201e-01
1.39368686868686859270e+03 4.94963023342831098805e-01
1.41101010101010092512e+03 4.90606099658304650735e-01
1.42833333333333325754e+03 4.86640306097532671092e-01
1.44565656565656558996e+03 4.83038152447333557493e-01
1.46297979797979792238e+03 4.79774331056997072054e-01
1.48030303030303025480e+03 4.76825539547416354935e-01
1.49762626262626258722e+03 4.74170314267031933753e-01
1.51494949494949491964e+03 4.71788875209317393189e-01
1.53227272727272725206e+03 4.69662982552148666748e-01
1.54959595959595958448e+03 4.67775804609198375683e-01
1.56691919191919191690e+03 4.66111796745167061840e-01
1.58424242424242402194e+03 4.64656590661959967292e-01
1.60156565656565635436e+03 4.63396893384003027982e-01
1.61888888888888868678e+03 4.62320395237524994769e-01
1.63621212121212101920e+03 4.61415686116279866180e-01
1.65353535353535335162e+03 4.60672179344238985621e-01
1.67085858585858568404e+03 4.60080042476869455204e-01
1.68818181818181801646e+03 4.59630134421332492423e-01
1.70550505050505034887e+03 4.59313948298637031442e-01
1.72282828282828268129e+03 4.59123559514857282338e-01
1.74015151515151501371e+03 4.59051578552300165725e-01
1.75747474747474734613e+03 4.59091108033820305412e-01
1.77479797979797967855e+03 4.59235703653621318843e-01
1.79212121212121201097e+03 4.59479338605522424910e-01
1.80944444444444434339e+03 4.59816371174510907238e-01
1.82676767676767667581e+03 4.60241515189492633731e-01
1.84409090909090900823e+03 4.60749813064484980973e-01
1.86141414141414134065e+03 4.61336611182226852268e-01
1.87873737373737367307e+03 4.61997537398386393104e-01
1.89606060606060600549e+03 4.62728480466494507262e-01
1.91338383838383833790e+03 4.63525571203513675478e-01
1.93070707070707067032e+03 4.64385165233773822280e-01
1.94803030303030300274e+03 4.65303827165081229644e-01
1.96535353535353510779e+03 4.66278316065220244102e-01
1.98267676767676744021e+03 4.67305572120047585383e-01
2.00000000000000000000e+03 4.68382704366031132892e-01


QUADRATIC ERROR = 3.254189e+00
