ESTIMATED THICKNESSES

Thickness of film 1 = 100.00 nm

ESTIMATED INFLEXION POINTS

Inflexion point of the absorption coefficient of film 1 = 540.00 nm

ESTIMATED REFRACTIVE INDICES AND ABSORPTION COEFFICIENTS

Film 1

lambda                     n                          kappa
5.40000000000000000000e+02 5.19726957439716041875e+00 2.35318408459016348289e+00
5.50000000000000000000e+02 5.12485456687796592234e+00 2.12824319009854789897e+00
5.60000000000000000000e+02 5.05243955935877142593e+00 1.90330229560693253710e+00
5.70000000000000000000e+02 4.98002455183957781770e+00 1.67836140111531717523e+00
5.80000000000000000000e+02 4.90760954432038420947e+00 1.45342050662370181335e+00
5.90000000000000000000e+02 4.83519453680119060124e+00 1.22847961213208645148e+00
6.00000000000000000000e+02 4.76277952928200232208e+00 1.00353871840013098016e+00
6.10000000000000000000e+02 4.69036452176281404292e+00 7.78597824668175508833e-01
6.20000000000000000000e+02 4.61794951424362576375e+00 5.53656930936220037509e-01
6.30000000000000000000e+02 4.54553450672491177187e+00 4.24490293853745537245e-01
6.40000000000000000000e+02 4.47311949920619777998e+00 2.95323656771270981469e-01
6.50000000000000000000e+02 4.40070449169481037188e+00 1.66157019688796425694e-01
6.60000000000000000000e+02 4.32828948418342296378e+00 1.10610904264331566527e-01
6.70000000000000000000e+02 4.25587447667203555568e+00 5.50647888398667212373e-02
6.80000000000000000000e+02 4.18345946916118016645e+00 4.09063990545897732121e-02
6.90000000000000000000e+02 4.11104446165032477722e+00 2.67480092693128286563e-02
7.00000000000000000000e+02 4.03862945413946938800e+00 2.33140729313889780161e-02
7.10000000000000000000e+02 3.98396593838513046748e+00 1.98801365934651273759e-02
7.20000000000000000000e+02 3.92930242263079154696e+00 1.64462002555412767357e-02
7.30000000000000000000e+02 3.87463890687645262645e+00 1.30122639176174260955e-02
7.40000000000000000000e+02 3.85846599143301460799e+00 9.57832757969357372063e-03
7.50000000000000000000e+02 3.84229307598957658954e+00 9.45708300710674729106e-03
7.60000000000000000000e+02 3.82612016054613857108e+00 9.33583843451992086149e-03
7.70000000000000000000e+02 3.80994724510270055262e+00 9.21459386193309443192e-03
7.80000000000000000000e+02 3.79377432965926253416e+00 9.09334928934626800234e-03
7.90000000000000000000e+02 3.77760141421582451571e+00 8.97210471675944157277e-03
8.00000000000000000000e+02 3.76142849877238649725e+00 8.85086014417261514320e-03
8.10000000000000000000e+02 3.74525558332894847879e+00 8.72961557158578871363e-03
8.20000000000000000000e+02 3.72908266788551046034e+00 8.60837099899896228405e-03
8.30000000000000000000e+02 3.71290975244207244188e+00 8.48712642641213585448e-03
8.40000000000000000000e+02 3.69673683699863442342e+00 8.36588185382530942491e-03
8.50000000000000000000e+02 3.68056392155520084586e+00 8.24463728123848299534e-03
8.60000000000000000000e+02 3.66439100611176726829e+00 8.12339270865165656577e-03
8.70000000000000000000e+02 3.64821809066833369073e+00 8.00214813606483013619e-03
8.80000000000000000000e+02 3.63204517577963192920e+00 7.88090356347800370662e-03
8.90000000000000000000e+02 3.61587226089093016768e+00 7.75965899089117727705e-03
9.00000000000000000000e+02 3.59969934600222840615e+00 7.63841441830435084748e-03
9.10000000000000000000e+02 3.59052739386120567389e+00 7.51716984571752441791e-03
9.20000000000000000000e+02 3.58135544172018294162e+00 7.39592527313069798833e-03
9.30000000000000000000e+02 3.57218348957916020936e+00 7.27468070054387155876e-03
9.40000000000000000000e+02 3.57204580851780173489e+00 7.15343612795704512919e-03
9.50000000000000000000e+02 3.57190812745644326043e+00 7.03219155537021869962e-03
9.60000000000000000000e+02 3.57177044639508478596e+00 6.91094698278339227004e-03
9.70000000000000000000e+02 3.57163276533372631150e+00 6.78970241019656584047e-03
9.80000000000000000000e+02 3.57149508427236783703e+00 6.66845783760973941090e-03
9.90000000000000000000e+02 3.57135740321100936256e+00 6.54721326502291298133e-03
1.00000000000000000000e+03 3.57121972214965088810e+00 6.42596869243608655176e-03
1.01000000000000000000e+03 3.57108204108829241363e+00 6.30472411984926012218e-03
1.02000000000000000000e+03 3.57094436002693393917e+00 6.18347954726243369261e-03
1.03000000000000000000e+03 3.57080667896557546470e+00 6.06223497467560726304e-03
1.04000000000000000000e+03 3.57066899790421699024e+00 5.94099040208878083347e-03
1.05000000000000000000e+03 3.57053131684285851577e+00 5.81974582950195440390e-03
1.06000000000000000000e+03 3.57039363578150004130e+00 5.69850125691512797432e-03
1.07000000000000000000e+03 3.57025595472014156684e+00 5.57725668432830154475e-03
1.08000000000000000000e+03 3.57011827365878309237e+00 5.45601211174147511518e-03
1.09000000000000000000e+03 3.56998059259742461791e+00 5.33476753915464868561e-03
1.10000000000000000000e+03 3.56984291153606614344e+00 5.21352296656782225603e-03
1.11000000000000000000e+03 3.56970523047470766898e+00 5.09227839398099582646e-03
1.12000000000000000000e+03 3.56956754941334919451e+00 4.97103382139416939689e-03
1.13000000000000000000e+03 3.56942986835199072004e+00 4.84978924880734296732e-03
1.14000000000000000000e+03 3.56929218729063224558e+00 4.72854467622051653775e-03
1.15000000000000000000e+03 3.56915450622927377111e+00 4.60730010363369010817e-03
1.16000000000000000000e+03 3.56901682516791529665e+00 4.48605553104686367860e-03
1.17000000000000000000e+03 3.56887914410655682218e+00 4.36481095846003724903e-03
1.18000000000000000000e+03 3.56874146304519834771e+00 4.24356638587321081946e-03
1.19000000000000000000e+03 3.56860378198383987325e+00 4.12232181328638438988e-03
1.20000000000000000000e+03 3.56846610092248139878e+00 4.00107724069955796031e-03
1.21000000000000000000e+03 3.56832841986112292432e+00 3.87983266811273109706e-03
1.22000000000000000000e+03 3.56819073879976444985e+00 3.75858809552590380013e-03
1.23000000000000000000e+03 3.56805305773840597539e+00 3.63734352293907650319e-03
1.24000000000000000000e+03 3.56791537667704750092e+00 3.51609895035224920626e-03
1.25000000000000000000e+03 3.56777769561568902645e+00 3.39485437776542190932e-03
1.26000000000000000000e+03 3.56764001455433055199e+00 3.27360980517859461239e-03
1.27000000000000000000e+03 3.56750233349297207752e+00 3.15236523259176731546e-03
1.28000000000000000000e+03 3.56736465243161360306e+00 3.03112066000494001852e-03
1.29000000000000000000e+03 3.56722697137025512859e+00 2.90987608741811272159e-03
1.30000000000000000000e+03 3.56708929030889665412e+00 2.78863151483128542465e-03
1.31000000000000000000e+03 3.56695160924753817966e+00 2.66738694224445812772e-03
1.32000000000000000000e+03 3.56681392818617970519e+00 2.54614236965763083079e-03
1.33000000000000000000e+03 3.56667624712482123073e+00 2.42489779707080353385e-03
1.34000000000000000000e+03 3.56653856606346275626e+00 2.30365322448397623692e-03
1.35000000000000000000e+03 3.56640088500210428180e+00 2.18240865189714893999e-03
1.36000000000000000000e+03 3.56626320394074580733e+00 2.06116407931032164305e-03
1.37000000000000000000e+03 3.56612552287938733286e+00 1.93991950672349434612e-03
1.38000000000000000000e+03 3.56598784181802885840e+00 1.81867493413666704918e-03
1.39000000000000000000e+03 3.56585016075667038393e+00 1.69743036154983975225e-03
1.40000000000000000000e+03 3.56571247969531190947e+00 1.57618578896301245532e-03
1.41000000000000000000e+03 3.56557479863395343500e+00 1.45494121637618515838e-03
1.42000000000000000000e+03 3.56543711757259496054e+00 1.33369664378935786145e-03
1.43000000000000000000e+03 3.56529943651123648607e+00 1.21245207120253056451e-03
1.44000000000000000000e+03 3.56516175544987801160e+00 1.09120749861570326758e-03
1.45000000000000000000e+03 3.56502407438851953714e+00 9.69962926028876079067e-04
1.46000000000000000000e+03 3.56488639332716106267e+00 8.48718353442048998973e-04
1.47000000000000000000e+03 3.56474871226580258821e+00 7.27473780855221918880e-04
1.48000000000000000000e+03 3.56461103120444411374e+00 6.06229208268394838786e-04
1.49000000000000000000e+03 3.56447335014308563927e+00 4.84984635681567758693e-04
1.50000000000000000000e+03 3.56433566908172716481e+00 3.63740063094740678599e-04
1.51000000000000000000e+03 3.56419798802036869034e+00 2.42495490507913598506e-04
1.52000000000000000000e+03 3.56406030695901021588e+00 1.21250917921086545518e-04
1.53000000000000000000e+03 3.56392262589765174141e+00 6.34533425950207325405e-09


TRANSMITTANCE WITH THE ESTIMATED THICKNESSES AND OPTICAL PARAMETERS

lambda                     t
5.40000000000000000000e+02 1.46175386818412299771e-03
5.50000000000000000000e+02 2.78086680649738352683e-03
5.60000000000000000000e+02 5.16824440547682985303e-03
5.70000000000000000000e+02 9.37327658484756777446e-03
5.80000000000000000000e+02 1.65437237371105425043e-02
5.90000000000000000000e+02 2.82942346342859307740e-02
6.00000000000000000000e+02 4.66666545960945228222e-02
6.10000000000000000000e+02 7.40095320454793453857e-02
6.20000000000000000000e+02 1.13077122664141729858e-01
6.30000000000000000000e+02 1.44903134696407087656e-01
6.40000000000000000000e+02 1.87122896018249496031e-01
6.50000000000000000000e+02 2.46108740343558923813e-01
6.60000000000000000000e+02 2.97588240497911160620e-01
6.70000000000000000000e+02 3.69849067238411988168e-01
6.80000000000000000000e+02 4.37268107271970185579e-01
6.90000000000000000000e+02 5.21886946217821723337e-01
7.00000000000000000000e+02 6.08078696707891053208e-01
7.10000000000000000000e+02 6.86606236263831215538e-01
7.20000000000000000000e+02 7.62572692036686983208e-01
7.30000000000000000000e+02 8.27977850806908222125e-01
7.40000000000000000000e+02 8.63446547442019096685e-01
7.50000000000000000000e+02 8.82080866451309564269e-01
7.60000000000000000000e+02 8.91313326341509948314e-01
7.70000000000000000000e+02 8.91465335553046078765e-01
7.80000000000000000000e+02 8.83471351884842936997e-01
7.90000000000000000000e+02 8.68680074170762428487e-01
8.00000000000000000000e+02 8.48631974102896258216e-01
8.10000000000000000000e+02 8.24864614668684548171e-01
8.20000000000000000000e+02 7.98774241989727906699e-01
8.30000000000000000000e+02 7.71538874942324981454e-01
8.40000000000000000000e+02 7.44092771194544977398e-01
8.50000000000000000000e+02 7.17136094954122671474e-01
8.60000000000000000000e+02 6.91164185250350393552e-01
8.70000000000000000000e+02 6.66504531879425932139e-01
8.80000000000000000000e+02 6.43353842853600421670e-01
8.90000000000000000000e+02 6.21811132673515065683e-01
9.00000000000000000000e+02 6.01905210651706101821e-01
9.10000000000000000000e+02 5.85097385250300416892e-01
9.20000000000000000000e+02 5.69496071002976944619e-01
9.30000000000000000000e+02 5.55054865971866928653e-01
9.40000000000000000000e+02 5.43044584962441345688e-01
9.50000000000000000000e+02 5.31742136814273402834e-01
9.60000000000000000000e+02 5.21113623516889168386e-01
9.70000000000000000000e+02 5.11124676264708699414e-01
9.80000000000000000000e+02 5.01741134038550029572e-01
9.90000000000000000000e+02 4.92929533860880175755e-01
1.00000000000000000000e+03 4.84657454717871416516e-01
1.01000000000000000000e+03 4.76893748826584751299e-01
1.02000000000000000000e+03 4.69608687016178250051e-01
1.03000000000000000000e+03 4.62774039336113218734e-01
1.04000000000000000000e+03 4.56363107428321146397e-01
1.05000000000000000000e+03 4.50350721532239983702e-01
1.06000000000000000000e+03 4.44713212073616526165e-01
1.07000000000000000000e+03 4.39428363481290606973e-01
1.08000000000000000000e+03 4.34475356062749562547e-01
1.09000000000000000000e+03 4.29834700350514020695e-01
1.10000000000000000000e+03 4.25488167226553193334e-01
1.11000000000000000000e+03 4.21418716275286875383e-01
1.12000000000000000000e+03 4.17610424154524484397e-01
1.13000000000000000000e+03 4.14048414265792752431e-01
1.14000000000000000000e+03 4.10718788617437990940e-01
1.15000000000000000000e+03 4.07608562479172209514e-01
1.16000000000000000000e+03 4.04705602204572023606e-01
1.17000000000000000000e+03 4.01998566432030635109e-01
1.18000000000000000000e+03 3.99476850752002510259e-01
1.19000000000000000000e+03 3.97130535839067821957e-01
1.20000000000000000000e+03 3.94950338983561799466e-01
1.21000000000000000000e+03 3.92927568913193192568e-01
1.22000000000000000000e+03 3.91054083765492388469e-01
1.23000000000000000000e+03 3.89322252053474482381e-01
1.24000000000000000000e+03 3.87724916456678780907e-01
1.25000000000000000000e+03 3.86255360265667868624e-01
1.26000000000000000000e+03 3.84907276308399326492e-01
1.27000000000000000000e+03 3.83674738190374398084e-01
1.28000000000000000000e+03 3.82552173686159902033e-01
1.29000000000000000000e+03 3.81534340126998328113e-01
1.30000000000000000000e+03 3.80616301637253906520e-01
1.31000000000000000000e+03 3.79793408080950189998e-01
1.32000000000000000000e+03 3.79061275588352508681e-01
1.33000000000000000000e+03 3.78415768541194685870e-01
1.34000000000000000000e+03 3.77852982903617351518e-01
1.35000000000000000000e+03 3.77369230794031451648e-01
1.36000000000000000000e+03 3.76961026200919480100e-01
1.37000000000000000000e+03 3.76625071752937856662e-01
1.38000000000000000000e+03 3.76358246460631540309e-01
1.39000000000000000000e+03 3.76157594353538571319e-01
1.40000000000000000000e+03 3.76020313942516226646e-01
1.41000000000000000000e+03 3.75943748442719993808e-01
1.42000000000000000000e+03 3.75925376697867241749e-01
1.43000000000000000000e+03 3.75962804751209356269e-01
1.44000000000000000000e+03 3.76053758013061623089e-01
1.45000000000000000000e+03 3.76196073978817879802e-01
1.46000000000000000000e+03 3.76387695455113913123e-01
1.47000000000000000000e+03 3.76626664255254706148e-01
1.48000000000000000000e+03 3.76911115328165458038e-01
1.49000000000000000000e+03 3.77239271288038191532e-01
1.50000000000000000000e+03 3.77609437314492701887e-01
1.51000000000000000000e+03 3.78019996395504154219e-01
1.52000000000000000000e+03 3.78469404887589788711e-01
1.53000000000000000000e+03 3.78956188369784563452e-01


QUADRATIC ERROR = 6.342857e-03