3.06092167624234124848e-09
0.00000000000000000000e+00
0.00000000000000000000e+00
5.82229410760578865406e-09
0.00000000000000000000e+00
0.00000000000000000000e+00
3.84593754880994379557e-08
0.00000000000000000000e+00
0.00000000000000000000e+00
2.69309090236634387215e-05
0.00000000000000000000e+00
0.00000000000000000000e+00
-8.33110945858871480648e-11
0.00000000000000000000e+00
0.00000000000000000000e+00
1.11782548497969709544e-02
0.00000000000000000000e+00
0.00000000000000000000e+00
0.00000000000000000000e+00
1.66507952408970934244e-02
0.00000000000000000000e+00
0.00000000000000000000e+00
-1.71942192508074599755e-10
0.00000000000000000000e+00
0.00000000000000000000e+00
-6.46065660026265492120e-10
0.00000000000000000000e+00
0.00000000000000000000e+00
-8.49720115316360269375e-03
0.00000000000000000000e+00
0.00000000000000000000e+00
-2.89165372460466283538e-03
0.00000000000000000000e+00
0.00000000000000000000e+00
-2.25189200465287424433e-04
0.00000000000000000000e+00
0.00000000000000000000e+00
-2.63634492732390295080e-07
0.00000000000000000000e+00
0.00000000000000000000e+00
-4.36898348294465724978e-03
0.00000000000000000000e+00
0.00000000000000000000e+00
7.08358152616539074232e-08
0.00000000000000000000e+00
0.00000000000000000000e+00
-2.74501576445901121592e-09
0.00000000000000000000e+00
0.00000000000000000000e+00
0.00000000000000000000e+00
6.15511864584904373754e-03
0.00000000000000000000e+00
-1.70750183500350714242e-04
0.00000000000000000000e+00
0.00000000000000000000e+00
0.00000000000000000000e+00
1.20613046535528908019e-04
0.00000000000000000000e+00
0.00000000000000000000e+00
-1.75662862428563584048e-08
0.00000000000000000000e+00
0.00000000000000000000e+00
2.04624623168735538187e-05
0.00000000000000000000e+00
0.00000000000000000000e+00
5.66105564375358835951e-09
0.00000000000000000000e+00
0.00000000000000000000e+00
1.06559038600830798906e-06
0.00000000000000000000e+00
0.00000000000000000000e+00
2.07807533405533570828e-07
0.00000000000000000000e+00
0.00000000000000000000e+00
-1.32499942381384194166e-05
0.00000000000000000000e+00
0.00000000000000000000e+00
3.45325644491131268643e-03
0.00000000000000000000e+00
0.00000000000000000000e+00
0.00000000000000000000e+00
-4.04939647857495513074e-08
0.00000000000000000000e+00
-5.84558778257121829700e-08
0.00000000000000000000e+00
0.00000000000000000000e+00
0.00000000000000000000e+00
6.98392977729923741378e-20
0.00000000000000000000e+00
0.00000000000000000000e+00
-5.75008607708743983732e-09
0.00000000000000000000e+00
0.00000000000000000000e+00
-3.04651249025371557988e-03
0.00000000000000000000e+00
0.00000000000000000000e+00
-2.83740115834936945313e-03
0.00000000000000000000e+00
-3.94572718436103777353e-11
1.59565092932552521354e+00
5.15447045236155910888e-10
0.00000000000000000000e+00
0.00000000000000000000e+00
1.12740951839444390107e-07
0.00000000000000000000e+00
0.00000000000000000000e+00
0.00000000000000000000e+00
3.63709582605386064214e-02
0.00000000000000000000e+00
0.00000000000000000000e+00
0.00000000000000000000e+00
2.67305079426144280574e-02
0.00000000000000000000e+00
1.58330377866968512179e-02
0.00000000000000000000e+00
0.00000000000000000000e+00
1.04495442130641998102e-02
0.00000000000000000000e+00
0.00000000000000000000e+00
-2.16722199012310762570e-03
-4.30273137339822751936e-13
0.00000000000000000000e+00
0.00000000000000000000e+00
1.16278492383059717208e-25
0.00000000000000000000e+00
0.00000000000000000000e+00
7.07105858426058510047e-48
0.00000000000000000000e+00
-3.58617633657252582269e-41
0.00000000000000000000e+00
0.00000000000000000000e+00
-5.76653366629973352777e-41
0.00000000000000000000e+00
0.00000000000000000000e+00
-2.91295183563119590061e-32
0.00000000000000000000e+00
-4.02093465460419715171e-26
0.00000000000000000000e+00
0.00000000000000000000e+00
7.13319182826684434107e-06
0.00000000000000000000e+00
0.00000000000000000000e+00
0.00000000000000000000e+00
3.72372727362123869983e-06
0.00000000000000000000e+00
3.86565807045775866602e-04
0.00000000000000000000e+00
0.00000000000000000000e+00
0.00000000000000000000e+00
-3.42838767263138294691e-07
0.00000000000000000000e+00
0.00000000000000000000e+00
0.00000000000000000000e+00
0.00000000000000000000e+00
-1.32387947960044358858e-03
0.00000000000000000000e+00
0.00000000000000000000e+00
0.00000000000000000000e+00
0.00000000000000000000e+00
0.00000000000000000000e+00
-4.68461778697544715100e-13
0.00000000000000000000e+00
0.00000000000000000000e+00
0.00000000000000000000e+00
0.00000000000000000000e+00
0.00000000000000000000e+00
-9.78774938724225976655e-25
0.00000000000000000000e+00
0.00000000000000000000e+00
0.00000000000000000000e+00
0.00000000000000000000e+00
-2.44561011717080679821e-35
0.00000000000000000000e+00
-2.72780617098026805924e-37
0.00000000000000000000e+00
0.00000000000000000000e+00
0.00000000000000000000e+00
0.00000000000000000000e+00
-5.37729804057386068363e-61
0.00000000000000000000e+00
0.00000000000000000000e+00
8.44746253593266574532e-62
0.00000000000000000000e+00
8.53144924234563025584e-49
0.00000000000000000000e+00
-3.09209366586297437371e-52
0.00000000000000000000e+00
0.00000000000000000000e+00
1.48931062864053619579e-51
0.00000000000000000000e+00
-1.49608326567361957608e-57
0.00000000000000000000e+00
-5.75794190034953682906e-69
0.00000000000000000000e+00
0.00000000000000000000e+00
4.76522960928269839579e-61
0.00000000000000000000e+00
-1.64758391932673060969e-48
-1.73798008325550104432e-19
8.43696050668117495698e-06
