ESTIMATED THICKNESSES

Thickness of film 1 = 97.00 nm

ESTIMATED INFLEXION POINTS

Inflexion point of the absorption coefficient of film 1 = 540.00 nm

ESTIMATED REFRACTIVE INDICES AND ABSORPTION COEFFICIENTS

Film 1

lambda                     n                          kappa
5.40000000000000000000e+02 5.06691776760691148240e+00 2.47200949839741923597e+00
5.50000000000000000000e+02 5.01000849236308809509e+00 2.23162512584654493253e+00
5.60000000000000000000e+02 4.95309921711926559595e+00 1.99124075329567040704e+00
5.70000000000000000000e+02 4.89618994187544309682e+00 1.75085638074479588155e+00
5.80000000000000000000e+02 4.83928066663162059768e+00 1.51047200819392135607e+00
5.90000000000000000000e+02 4.78237139138780165126e+00 1.27008763564431781390e+00
6.00000000000000000000e+02 4.72546211614398270484e+00 1.02970326309471427173e+00
6.10000000000000000000e+02 4.66855284090016375842e+00 7.89318890545110840584e-01
6.20000000000000000000e+02 4.61164356565649313779e+00 5.48934517995507409438e-01
6.30000000000000000000e+02 4.55473429041282251717e+00 4.40834805924888106787e-01
6.40000000000000000000e+02 4.49782501516915189654e+00 3.32735093854268804137e-01
6.50000000000000000000e+02 4.44091581245286715074e+00 2.24635381783649529241e-01
6.60000000000000000000e+02 4.38400660973658240493e+00 1.16535669713030226591e-01
6.70000000000000000000e+02 4.32709740702029765913e+00 7.98879631294282244180e-02
6.80000000000000000000e+02 4.27018820430401291333e+00 4.32402565458262222453e-02
6.90000000000000000000e+02 4.21327900158772816752e+00 3.16610585177212605634e-02
7.00000000000000000000e+02 4.15636979887144342172e+00 2.00818604896162988815e-02
7.10000000000000000000e+02 4.11195593430385919476e+00 8.50266246151133719966e-03
7.20000000000000000000e+02 4.06754206973627496779e+00 7.84276185948472315257e-03
7.30000000000000000000e+02 4.02312820516869074083e+00 7.18286125745810823812e-03
7.40000000000000000000e+02 3.97871434060110651387e+00 6.52296065543149332366e-03
7.50000000000000000000e+02 3.96202537424895062657e+00 6.33274516885219511397e-03
7.60000000000000000000e+02 3.94533640789679473926e+00 6.14252968227289690428e-03
7.70000000000000000000e+02 3.92864744154463885195e+00 5.95231419569359869459e-03
7.80000000000000000000e+02 3.91195847519248296464e+00 5.76209870911430048490e-03
7.90000000000000000000e+02 3.89526950884032707734e+00 5.57188322253500227521e-03
8.00000000000000000000e+02 3.87858054248817119003e+00 5.38166773595570406552e-03
8.10000000000000000000e+02 3.86189157613601530272e+00 5.19145224937640585583e-03
8.20000000000000000000e+02 3.84520260978385941542e+00 5.00123676279710764614e-03
8.30000000000000000000e+02 3.82851364343170352811e+00 4.81102127621780943645e-03
8.40000000000000000000e+02 3.81904491982328009314e+00 4.62080578963851122676e-03
8.50000000000000000000e+02 3.80957619621485665817e+00 4.43059030305921301707e-03
8.60000000000000000000e+02 3.80010747260643322321e+00 4.24037481647991480738e-03
8.70000000000000000000e+02 3.79147491512431189520e+00 4.05015932990061659769e-03
8.80000000000000000000e+02 3.78284235764219056719e+00 3.85994384332131882168e-03
8.90000000000000000000e+02 3.77420980016006923918e+00 3.66972835674202061199e-03
9.00000000000000000000e+02 3.76558231369554841095e+00 3.47951287016272240230e-03
9.10000000000000000000e+02 3.75695482723102758271e+00 3.28929738358342419260e-03
9.20000000000000000000e+02 3.74832734076650675448e+00 3.09908189700412598291e-03
9.30000000000000000000e+02 3.73969985430893636646e+00 2.90886641042482777322e-03
9.40000000000000000000e+02 3.73107236785136597845e+00 2.71865092384552956353e-03
9.50000000000000000000e+02 3.72244488139379559044e+00 2.52844052550879735616e-03
9.60000000000000000000e+02 3.71572619660364944494e+00 2.33823012717206514879e-03
9.70000000000000000000e+02 3.70900751181350329944e+00 2.14801972883533294142e-03
9.80000000000000000000e+02 3.70228882702335715393e+00 1.95780933049860073406e-03
9.90000000000000000000e+02 3.69557014223371282924e+00 1.76760031877634931491e-03
1.00000000000000000000e+03 3.68885145744406850454e+00 1.57739130705409789576e-03
1.01000000000000000000e+03 3.68213277265442417985e+00 1.40212560764954173760e-03
1.02000000000000000000e+03 3.67541408786478074333e+00 1.22685990824498557944e-03
1.03000000000000000000e+03 3.66869540307513730681e+00 1.05159420884042942128e-03
1.04000000000000000000e+03 3.66197671828549387030e+00 8.76328509435873263117e-04
1.05000000000000000000e+03 3.65525803349585043378e+00 7.01062821785159145244e-04
1.06000000000000000000e+03 3.65232789726065476543e+00 5.25797134134445027370e-04
1.07000000000000000000e+03 3.64939776102545909708e+00 3.50531446483730855287e-04
1.08000000000000000000e+03 3.64647054035278017636e+00 1.75265758833016710308e-04
1.09000000000000000000e+03 3.64354331968010125564e+00 7.11823025914295408927e-11
1.10000000000000000000e+03 3.64061609900742233492e+00 7.11823025914075947571e-11
1.11000000000000000000e+03 3.63768887833474341420e+00 7.11823025913856486215e-11
1.12000000000000000000e+03 3.63476311241276395236e+00 7.11823025913637024859e-11
1.13000000000000000000e+03 3.63183734649078449053e+00 7.11823025913417563502e-11
1.14000000000000000000e+03 3.62891158056880502869e+00 7.11823025913198102146e-11
1.15000000000000000000e+03 3.62598581464685620901e+00 7.11823025912978640790e-11
1.16000000000000000000e+03 3.62306004872490738933e+00 7.11823025912978640790e-11
1.17000000000000000000e+03 3.62013428280295856965e+00 7.11823025912978640790e-11
1.18000000000000000000e+03 3.61720855875224600595e+00 7.11823025912978640790e-11
1.19000000000000000000e+03 3.61428283470153344226e+00 7.11823025912978640790e-11
1.20000000000000000000e+03 3.61135711065082087856e+00 7.11823025912978640790e-11
1.21000000000000000000e+03 3.60843138660011142349e+00 7.11823025912978640790e-11
1.22000000000000000000e+03 3.60550566254940196842e+00 7.11823025912978640790e-11
1.23000000000000000000e+03 3.60257993849869251335e+00 7.11823025912978640790e-11
1.24000000000000000000e+03 3.59965421456153134017e+00 7.11823025912978640790e-11
1.25000000000000000000e+03 3.59672849062437016698e+00 7.11823025912978640790e-11
1.26000000000000000000e+03 3.59380276668720899380e+00 7.11823025912978640790e-11
1.27000000000000000000e+03 3.59087704275436614410e+00 7.11823025912978640790e-11
1.28000000000000000000e+03 3.58795131882152329439e+00 7.11823025912978640790e-11
1.29000000000000000000e+03 3.58502559488868044468e+00 7.11823025912978640790e-11
1.30000000000000000000e+03 3.58209988851207228322e+00 7.11823025912978640790e-11
1.31000000000000000000e+03 3.57917418213546412176e+00 7.11823025912978640790e-11
1.32000000000000000000e+03 3.57624847575885596029e+00 7.11823025912978640790e-11
1.33000000000000000000e+03 3.57451526738968006214e+00 7.11823025912978640790e-11
1.34000000000000000000e+03 3.57278205902050416398e+00 7.11823025912978640790e-11
1.35000000000000000000e+03 3.57104885065132826583e+00 7.11823025912978640790e-11
1.36000000000000000000e+03 3.56931564228215236767e+00 7.11823025912978640790e-11
1.37000000000000000000e+03 3.56758243391314033843e+00 7.11823025912978640790e-11
1.38000000000000000000e+03 3.56584922554412830920e+00 7.11823025912978640790e-11
1.39000000000000000000e+03 3.56411601717545778456e+00 7.11823025912978640790e-11
1.40000000000000000000e+03 3.56238280880678725993e+00 7.11823025912978640790e-11
1.41000000000000000000e+03 3.56064960043811673529e+00 7.11823025912978640790e-11
1.42000000000000000000e+03 3.55891639206944621066e+00 7.11823025912978640790e-11
1.43000000000000000000e+03 3.55718318370077568602e+00 7.11823025912978640790e-11
1.44000000000000000000e+03 3.55544997533210516139e+00 7.11823025912978640790e-11
1.45000000000000000000e+03 3.55371676696343463675e+00 7.11823025912978640790e-11
1.46000000000000000000e+03 3.55198355859476722074e+00 7.11823025912978640790e-11
1.47000000000000000000e+03 3.55025035022609980473e+00 7.11823025912978640790e-11
1.48000000000000000000e+03 3.54851714185743238872e+00 7.11823025912978640790e-11
1.49000000000000000000e+03 3.54771205732409233846e+00 7.11823025912978640790e-11
1.50000000000000000000e+03 3.54690697279075228820e+00 7.11823025912978640790e-11
1.51000000000000000000e+03 3.54610188825741223795e+00 7.11823025912978640790e-11
1.52000000000000000000e+03 3.54610188825741223795e+00 7.11823025912978640790e-11
1.53000000000000000000e+03 3.54610188825741223795e+00 7.11823025912978640790e-11


TRANSMITTANCE WITH THE ESTIMATED THICKNESSES AND OPTICAL PARAMETERS

lambda                     t
5.40000000000000000000e+02 1.34671220081787612610e-03
5.50000000000000000000e+02 2.60659729393297907862e-03
5.60000000000000000000e+02 4.91887490463595918738e-03
5.70000000000000000000e+02 9.04124033082043081222e-03
5.80000000000000000000e+02 1.61518056064166581898e-02
5.90000000000000000000e+02 2.79573435118981236669e-02
6.00000000000000000000e+02 4.67435700740775270101e-02
6.10000000000000000000e+02 7.54022127185111773473e-02
6.20000000000000000000e+02 1.17692814134881640342e-01
6.30000000000000000000e+02 1.46451442252544861145e-01
6.40000000000000000000e+02 1.83990102564198954038e-01
6.50000000000000000000e+02 2.34884910412073072417e-01
6.60000000000000000000e+02 3.06934899559617113685e-01
6.70000000000000000000e+02 3.65811610674065756932e-01
6.80000000000000000000e+02 4.43570670013604118065e-01
6.90000000000000000000e+02 5.17856615485760785056e-01
7.00000000000000000000e+02 6.04852760499184793908e-01
7.10000000000000000000e+02 6.92652516365777182195e-01
7.20000000000000000000e+02 7.62151716938239798260e-01
7.30000000000000000000e+02 8.22882433318357309204e-01
7.40000000000000000000e+02 8.68719543315211062406e-01
7.50000000000000000000e+02 8.89114632616989752911e-01
7.60000000000000000000e+02 8.99229195974955319848e-01
7.70000000000000000000e+02 8.99356805765065159264e-01
7.80000000000000000000e+02 8.90521824988356858199e-01
7.90000000000000000000e+02 8.74244706402370397313e-01
8.00000000000000000000e+02 8.52273307930525914067e-01
8.10000000000000000000e+02 8.26347446022810405708e-01
8.20000000000000000000e+02 7.98033829841719999365e-01
8.30000000000000000000e+02 7.68637626420072050948e-01
8.40000000000000000000e+02 7.42137418838700990698e-01
8.50000000000000000000e+02 7.16065915984333445365e-01
8.60000000000000000000e+02 6.90816139655263339314e-01
8.70000000000000000000e+02 6.66949658140984724675e-01
8.80000000000000000000e+02 6.44299606736113195105e-01
8.90000000000000000000e+02 6.22957407253052597440e-01
9.00000000000000000000e+02 6.02961920063879941445e-01
9.10000000000000000000e+02 5.84309959747713381084e-01
9.20000000000000000000e+02 5.66972744942482287378e-01
9.30000000000000000000e+02 5.50903296755898330694e-01
9.40000000000000000000e+02 5.36043230461592079550e-01
9.50000000000000000000e+02 5.22327743320312620767e-01
9.60000000000000000000e+02 5.09939939020692789562e-01
9.70000000000000000000e+02 4.98489336881886735409e-01
9.80000000000000000000e+02 4.87916089374989647709e-01
9.90000000000000000000e+02 4.78162429921384635190e-01
1.00000000000000000000e+03 4.69173294945827878966e-01
1.01000000000000000000e+03 4.60891017182187501255e-01
1.02000000000000000000e+03 4.53272971078580055870e-01
1.03000000000000000000e+03 4.46273573448452753887e-01
1.04000000000000000000e+03 4.39850468114670323239e-01
1.05000000000000000000e+03 4.33964412492265139143e-01
1.06000000000000000000e+03 4.28546382040633666577e-01
1.07000000000000000000e+03 4.23524333828855570339e-01
1.08000000000000000000e+03 4.18873147416824742617e-01
1.09000000000000000000e+03 4.14569615797971802174e-01
1.10000000000000000000e+03 4.10543203153108993142e-01
1.11000000000000000000e+03 4.06825219614604327578e-01
1.12000000000000000000e+03 4.03396760095482309616e-01
1.13000000000000000000e+03 4.00240442015607433834e-01
1.14000000000000000000e+03 3.97340096721114088840e-01
1.15000000000000000000e+03 3.94680729244717143356e-01
1.16000000000000000000e+03 3.92248425468700978591e-01
1.17000000000000000000e+03 3.90030266238643619214e-01
1.18000000000000000000e+03 3.88014244356763404742e-01
1.19000000000000000000e+03 3.86189202503820050438e-01
1.20000000000000000000e+03 3.84544755735810539488e-01
1.21000000000000000000e+03 3.83071233234914876320e-01
1.22000000000000000000e+03 3.81759621831212425658e-01
1.23000000000000000000e+03 3.80601514228564863362e-01
1.24000000000000000000e+03 3.79589061548788908595e-01
1.25000000000000000000e+03 3.78714929906880104493e-01
1.26000000000000000000e+03 3.77972260557055128594e-01
1.27000000000000000000e+03 3.77354633428023833464e-01
1.28000000000000000000e+03 3.76856033701807424663e-01
1.29000000000000000000e+03 3.76470821179422432401e-01
1.30000000000000000000e+03 3.76193699753924248874e-01
1.31000000000000000000e+03 3.76019698862181117605e-01
1.32000000000000000000e+03 3.75944142757708266167e-01
1.33000000000000000000e+03 3.75785302308885904576e-01
1.34000000000000000000e+03 3.75709308417935594626e-01
1.35000000000000000000e+03 3.75712517411696644842e-01
1.36000000000000000000e+03 3.75791487640963428607e-01
1.37000000000000000000e+03 3.75942965690699404391e-01
1.38000000000000000000e+03 3.76163873655730562895e-01
1.39000000000000000000e+03 3.76451297392111472462e-01
1.40000000000000000000e+03 3.76802475663103431103e-01
1.41000000000000000000e+03 3.77214790104695218975e-01
1.42000000000000000000e+03 3.77685755943418965952e-01
1.43000000000000000000e+03 3.78213013404323672439e-01
1.44000000000000000000e+03 3.78794319752743524621e-01
1.45000000000000000000e+03 3.79427541918374133800e-01
1.46000000000000000000e+03 3.80110649654662791086e-01
1.47000000000000000000e+03 3.80841709190608390667e-01
1.48000000000000000000e+03 3.81618877335765438463e-01
1.49000000000000000000e+03 3.82266815845546281682e-01
1.50000000000000000000e+03 3.82953845561695593869e-01
1.51000000000000000000e+03 3.83678464366008664665e-01
1.52000000000000000000e+03 3.84284409627966616618e-01
1.53000000000000000000e+03 3.84922437925712956908e-01


QUADRATIC ERROR = 3.382980e-04
