450.000000 2.027000 0.000000
470.000000 2.037000 0.000000
490.000000 2.035000 0.000000
510.000000 2.030000 0.000000
530.000000 2.024000 0.000190
550.000000 2.019000 0.000681
570.000000 2.004000 0.002687
590.000000 1.987000 0.005073
610.000000 1.979000 0.006832
630.000000 1.975000 0.008747
650.000000 1.972000 0.010930
670.000000 1.969000 0.013070
690.000000 1.965000 0.015270
710.000000 1.963000 0.017100
730.000000 1.962000 0.018420
750.000000 1.960000 0.019140
770.000000 1.956000 0.019170
790.000000 1.952000 0.018790
810.000000 1.948000 0.017850
830.000000 1.942000 0.015950
850.000000 1.936000 0.013900
870.000000 1.929000 0.012140
890.000000 1.921000 0.010440
910.000000 1.920000 0.008604
930.000000 1.919000 0.007099
950.000000 1.920000 0.006042
970.000000 1.917000 0.006161
990.000000 1.926000 0.005876
