450.000000   2.025000   0.000000
470.000000   2.027000   0.000000
490.000000   2.020000   0.000000
510.000000   2.011000   0.000000
530.000000   2.004000   0.000000
550.000000   2.000000   0.000000
570.000000   2.002000   0.000287
590.000000   2.000000   0.002054
610.000000   1.998000   0.004385
630.000000   1.995000   0.007245
650.000000   1.995000   0.010240
670.000000   1.995000   0.013210
690.000000   1.994000   0.016170
710.000000   1.995000   0.018660
730.000000   1.994000   0.020510
750.000000   1.994000   0.021650
770.000000   1.994000   0.022000
790.000000   1.994000   0.021770
810.000000   1.994000   0.020800
830.000000   1.994000   0.018650
850.000000   1.994000   0.016070
870.000000   1.993000   0.013470
890.000000   1.993000   0.010480
910.000000   1.993000   0.007544
930.000000   1.993000   0.004782
950.000000   1.993000   0.002629
970.000000   1.993000   0.001188
990.000000   1.993000   0.000759
