450.000000 2.026000 0.000000
475.000000 2.022000 0.000000
500.000000 2.010000 0.000000
525.000000 1.986000 0.001767
550.000000 1.985000 0.000985
575.000000 1.981000 0.001825
600.000000 1.972000 0.004288
625.000000 1.973000 0.006964
650.000000 1.972000 0.010400
675.000000 1.968000 0.013890
700.000000 1.964000 0.017240
725.000000 1.961000 0.019650
750.000000 1.959000 0.021210
775.000000 1.955000 0.021650
800.000000 1.950000 0.021110
825.000000 1.944000 0.019630
850.000000 1.937000 0.017100
875.000000 1.931000 0.014810
900.000000 1.926000 0.012400
925.000000 1.925000 0.010130
950.000000 1.927000 0.008403
975.000000 1.927000 0.008083
1000.000000 1.946000 0.006964
