451.000000   2.026000   0.000000
470.000000   2.027000   0.000000
490.000000   2.020000   0.000000
510.000000   2.011000   0.000000
530.000000   2.004000   0.000000
550.000000   2.000000   0.000000
570.000000   2.002000   0.000308
590.000000   2.000000   0.002080
610.000000   1.998000   0.004418
630.000000   1.994000   0.007272
650.000000   1.995000   0.010250
670.000000   1.995000   0.013210
690.000000   1.996000   0.016190
710.000000   1.996000   0.018700
730.000000   1.996000   0.020530
750.000000   1.996000   0.021710
770.000000   1.996000   0.022040
790.000000   1.996000   0.021810
810.000000   1.996000   0.020820
830.000000   1.995000   0.018700
850.000000   1.995000   0.016050
870.000000   1.995000   0.013430
890.000000   1.995000   0.010470
910.000000   1.995000   0.007473
930.000000   1.995000   0.004700
950.000000   1.995000   0.002515
970.000000   1.995000   0.001035
990.000000   1.995000   0.000543
