450.000000 2.035000 0.000000
470.000000 2.054000 0.000000
490.000000 2.058000 0.000000
510.000000 2.057000 0.000000
530.000000 2.041000 0.002078
550.000000 2.027000 0.003707
570.000000 2.007000 0.005677
590.000000 1.988000 0.007312
610.000000 1.979000 0.008285
630.000000 1.975000 0.009442
650.000000 1.972000 0.010910
670.000000 1.969000 0.012390
690.000000 1.968000 0.014060
710.000000 1.966000 0.015390
730.000000 1.964000 0.016270
750.000000 1.962000 0.016590
770.000000 1.958000 0.016290
790.000000 1.953000 0.015640
810.000000 1.946000 0.014550
830.000000 1.937000 0.012640
850.000000 1.928000 0.010770
870.000000 1.919000 0.009375
890.000000 1.911000 0.007983
910.000000 1.906000 0.006743
930.000000 1.905000 0.005570
950.000000 1.907000 0.004715
970.000000 1.907000 0.004939
990.000000 1.916000 0.004865
