0.6800E+03  0.1976E+01  0.1445E-01
0.6810E+03  0.1976E+01  0.1460E-01
0.6820E+03  0.1976E+01  0.1471E-01
0.6830E+03  0.1976E+01  0.1482E-01
0.6840E+03  0.1976E+01  0.1493E-01
0.6850E+03  0.1976E+01  0.1507E-01
0.6860E+03  0.1976E+01  0.1518E-01
0.6870E+03  0.1976E+01  0.1529E-01
0.6880E+03  0.1976E+01  0.1542E-01
0.6890E+03  0.1975E+01  0.1556E-01
0.6900E+03  0.1975E+01  0.1566E-01
0.6910E+03  0.1975E+01  0.1577E-01
0.6920E+03  0.1975E+01  0.1590E-01
0.6930E+03  0.1975E+01  0.1600E-01
0.6940E+03  0.1975E+01  0.1613E-01
0.6950E+03  0.1975E+01  0.1626E-01
0.6960E+03  0.1975E+01  0.1636E-01
0.6970E+03  0.1975E+01  0.1649E-01
0.6980E+03  0.1975E+01  0.1658E-01
0.6990E+03  0.1975E+01  0.1667E-01
0.7000E+03  0.1975E+01  0.1680E-01
0.7010E+03  0.1975E+01  0.1689E-01
0.7020E+03  0.1975E+01  0.1698E-01
0.7030E+03  0.1975E+01  0.1707E-01
0.7040E+03  0.1975E+01  0.1715E-01
0.7050E+03  0.1975E+01  0.1724E-01
0.7060E+03  0.1975E+01  0.1736E-01
0.7070E+03  0.1975E+01  0.1744E-01
0.7080E+03  0.1975E+01  0.1756E-01
0.7090E+03  0.1975E+01  0.1764E-01
0.7100E+03  0.1975E+01  0.1772E-01
0.7110E+03  0.1975E+01  0.1780E-01
0.7120E+03  0.1975E+01  0.1788E-01
0.7130E+03  0.1975E+01  0.1796E-01
0.7140E+03  0.1975E+01  0.1807E-01
0.7150E+03  0.1975E+01  0.1815E-01
0.7160E+03  0.1975E+01  0.1822E-01
0.7170E+03  0.1975E+01  0.1830E-01
0.7180E+03  0.1975E+01  0.1837E-01
0.7190E+03  0.1975E+01  0.1844E-01
0.7200E+03  0.1975E+01  0.1851E-01
