680.000000   1.975584   0.014987
681.000000   1.975495   0.015150
682.000000   1.975406   0.015312
683.000000   1.975317   0.015473
684.000000   1.975227   0.015633
685.000000   1.975138   0.015793
686.000000   1.975049   0.015952
687.000000   1.974960   0.016112
688.000000   1.974870   0.016272
689.000000   1.974781   0.016432
690.000000   1.974692   0.016592
691.000000   1.974603   0.016751
692.000000   1.974513   0.016911
693.000000   1.974424   0.017071
694.000000   1.974335   0.017231
695.000000   1.974245   0.017391
696.000000   1.974156   0.017551
697.000000   1.974067   0.017711
698.000000   1.973978   0.017870
699.000000   1.973888   0.018030
700.000000   1.973799   0.018190
701.000000   1.973710   0.018350
702.000000   1.973621   0.018510
703.000000   1.973531   0.018670
704.000000   1.973442   0.018831
705.000000   1.973353   0.018992
706.000000   1.973264   0.019152
707.000000   1.973174   0.019311
708.000000   1.973085   0.019467
709.000000   1.972996   0.019620
710.000000   1.972907   0.019772
711.000000   1.972817   0.019922
712.000000   1.972728   0.020073
713.000000   1.972639   0.020224
714.000000   1.972550   0.020376
715.000000   1.972460   0.020528
716.000000   1.972371   0.020679
717.000000   1.972282   0.020831
718.000000   1.972193   0.020984
719.000000   1.972103   0.021142
720.000000   1.972014   0.021304
