41
780.000000   0.835600
781.000000   0.835300
782.000000   0.834900
783.000000   0.834600
784.000000   0.834300
785.000000   0.834000
786.000000   0.833800
787.000000   0.833500
788.000000   0.833300
789.000000   0.833000
790.000000   0.832800
791.000000   0.832600
792.000000   0.832500
793.000000   0.832200
794.000000   0.832000
795.000000   0.831800
796.000000   0.831600
797.000000   0.831400
798.000000   0.831100
799.000000   0.830900
800.000000   0.830700
801.000000   0.830500
802.000000   0.830300
803.000000   0.830000
804.000000   0.829600
805.000000   0.829400
806.000000   0.829200
807.000000   0.829000
808.000000   0.828800
809.000000   0.828500
810.000000   0.828300
811.000000   0.828200
812.000000   0.828000
813.000000   0.827800
814.000000   0.827700
815.000000   0.827600
816.000000   0.827400
817.000000   0.827300
818.000000   0.827100
819.000000   0.827000
820.000000   0.826900
