0.4500E+03  0.2025E+01  0.0000E+00
0.4510E+03  0.2025E+01  0.5148E-04
0.4520E+03  0.2026E+01  0.5613E-04
0.4530E+03  0.2026E+01  0.7062E-04
0.4540E+03  0.2026E+01  0.9489E-04
0.4550E+03  0.2026E+01  0.1289E-03
0.4560E+03  0.2026E+01  0.1431E-03
0.4570E+03  0.2026E+01  0.1370E-03
0.4580E+03  0.2027E+01  0.1404E-03
0.4590E+03  0.2027E+01  0.1232E-03
0.4600E+03  0.2027E+01  0.1445E-03
0.4610E+03  0.2027E+01  0.1154E-03
0.4620E+03  0.2027E+01  0.1243E-03
0.4630E+03  0.2027E+01  0.1122E-03
0.4640E+03  0.2027E+01  0.1081E-03
0.4650E+03  0.2027E+01  0.1116E-03
0.4660E+03  0.2027E+01  0.9368E-04
0.4670E+03  0.2027E+01  0.5399E-04
0.4680E+03  0.2027E+01  0.5018E-04
0.4690E+03  0.2027E+01  0.2363E-04
0.4700E+03  0.2027E+01  0.2866E-05
0.4710E+03  0.2027E+01  0.1666E-08
0.4720E+03  0.2026E+01  0.2251E-08
0.4730E+03  0.2026E+01  0.2131E-08
0.4740E+03  0.2026E+01  0.1659E-08
0.4750E+03  0.2026E+01  0.1574E-08
0.4760E+03  0.2025E+01  0.1262E-08
0.4770E+03  0.2025E+01  0.1170E-08
0.4780E+03  0.2025E+01  0.7156E-09
0.4790E+03  0.2024E+01  0.5023E-09
0.4800E+03  0.2024E+01  0.2973E-09
0.4810E+03  0.2024E+01  0.1365E-09
0.4820E+03  0.2023E+01  0.5768E-10
0.4830E+03  0.2023E+01  0.7473E-07
0.4840E+03  0.2022E+01  0.4493E-06
0.4850E+03  0.2022E+01  0.6217E-06
0.4860E+03  0.2022E+01  0.5288E-06
0.4870E+03  0.2021E+01  0.8224E-06
0.4880E+03  0.2021E+01  0.2440E-06
0.4890E+03  0.2020E+01  0.3051E-06
0.4900E+03  0.2020E+01  0.1402E-05
0.4910E+03  0.2019E+01  0.1362E-05
0.4920E+03  0.2019E+01  0.2295E-05
0.4930E+03  0.2019E+01  0.1639E-05
0.4940E+03  0.2018E+01  0.2067E-05
0.4950E+03  0.2018E+01  0.2222E-05
0.4960E+03  0.2017E+01  0.2091E-05
0.4970E+03  0.2017E+01  0.1662E-05
0.4980E+03  0.2016E+01  0.9189E-06
0.4990E+03  0.2016E+01  0.1712E-05
0.5000E+03  0.2015E+01  0.4327E-06
0.5010E+03  0.2015E+01  0.8061E-06
0.5020E+03  0.2014E+01  0.1012E-05
0.5030E+03  0.2014E+01  0.1057E-05
0.5040E+03  0.2014E+01  0.9665E-06
0.5050E+03  0.2013E+01  0.7759E-06
0.5060E+03  0.2013E+01  0.4836E-06
0.5070E+03  0.2012E+01  0.1418E-06
0.5080E+03  0.2012E+01  0.3368E-05
0.5090E+03  0.2011E+01  0.8669E-05
0.5100E+03  0.2011E+01  0.1073E-05
0.5110E+03  0.2011E+01  0.6768E-06
0.5120E+03  0.2010E+01  0.2165E-05
0.5130E+03  0.2010E+01  0.1550E-05
0.5140E+03  0.2009E+01  0.8584E-06
0.5150E+03  0.2009E+01  0.2026E-05
0.5160E+03  0.2009E+01  0.1236E-05
0.5170E+03  0.2008E+01  0.2264E-05
0.5180E+03  0.2008E+01  0.1438E-05
0.5190E+03  0.2007E+01  0.2358E-05
0.5200E+03  0.2007E+01  0.1568E-05
0.5210E+03  0.2007E+01  0.8444E-06
0.5220E+03  0.2006E+01  0.1721E-05
0.5230E+03  0.2006E+01  0.1099E-05
0.5240E+03  0.2005E+01  0.1942E-05
0.5250E+03  0.2005E+01  0.1447E-05
0.5260E+03  0.2005E+01  0.1048E-05
0.5270E+03  0.2004E+01  0.1845E-05
0.5280E+03  0.2004E+01  0.1546E-05
0.5290E+03  0.2004E+01  0.1330E-05
0.5300E+03  0.2004E+01  0.1175E-05
0.5310E+03  0.2003E+01  0.1026E-05
0.5320E+03  0.2003E+01  0.8526E-06
0.5330E+03  0.2003E+01  0.6619E-06
0.5340E+03  0.2003E+01  0.4677E-06
0.5350E+03  0.2002E+01  0.2697E-06
0.5360E+03  0.2002E+01  0.6024E-07
0.5370E+03  0.2002E+01  0.1999E-10
0.5380E+03  0.2002E+01  0.2404E-10
0.5390E+03  0.2001E+01  0.5494E-10
0.5400E+03  0.2001E+01  0.2356E-10
0.5410E+03  0.2001E+01  0.8003E-10
0.5420E+03  0.2001E+01  0.2574E-10
0.5430E+03  0.2001E+01  0.6358E-05
0.5440E+03  0.2001E+01  0.4108E-04
0.5450E+03  0.2000E+01  0.4436E-04
0.5460E+03  0.2000E+01  0.4372E-04
0.5470E+03  0.2000E+01  0.3905E-04
0.5480E+03  0.2000E+01  0.5610E-04
0.5490E+03  0.2000E+01  0.4239E-04
0.5500E+03  0.2000E+01  0.4986E-04
0.5510E+03  0.2000E+01  0.5288E-04
0.5520E+03  0.2000E+01  0.5175E-04
0.5530E+03  0.2000E+01  0.4709E-04
0.5540E+03  0.2000E+01  0.3832E-04
0.5550E+03  0.2000E+01  0.2557E-04
0.5560E+03  0.2000E+01  0.3809E-04
0.5570E+03  0.2001E+01  0.4800E-04
0.5580E+03  0.2001E+01  0.2888E-04
0.5590E+03  0.2001E+01  0.3485E-04
0.5600E+03  0.2001E+01  0.3932E-04
0.5610E+03  0.2001E+01  0.6905E-04
0.5620E+03  0.2001E+01  0.7120E-04
0.5630E+03  0.2001E+01  0.9941E-04
0.5640E+03  0.2002E+01  0.1271E-03
0.5650E+03  0.2002E+01  0.1547E-03
0.5660E+03  0.2002E+01  0.1825E-03
0.5670E+03  0.2002E+01  0.2105E-03
0.5680E+03  0.2002E+01  0.2390E-03
0.5690E+03  0.2002E+01  0.2963E-03
0.5700E+03  0.2002E+01  0.3265E-03
0.5710E+03  0.2002E+01  0.3843E-03
0.5720E+03  0.2002E+01  0.4425E-03
0.5730E+03  0.2002E+01  0.5278E-03
0.5740E+03  0.2002E+01  0.5860E-03
0.5750E+03  0.2002E+01  0.6706E-03
0.5760E+03  0.2002E+01  0.7546E-03
0.5770E+03  0.2002E+01  0.8104E-03
0.5780E+03  0.2002E+01  0.8922E-03
0.5790E+03  0.2001E+01  0.9996E-03
0.5800E+03  0.2001E+01  0.1078E-02
0.5810E+03  0.2001E+01  0.1155E-02
0.5820E+03  0.2001E+01  0.1257E-02
0.5830E+03  0.2001E+01  0.1356E-02
0.5840E+03  0.2001E+01  0.1453E-02
0.5850E+03  0.2001E+01  0.1547E-02
0.5860E+03  0.2000E+01  0.1639E-02
0.5870E+03  0.2000E+01  0.1755E-02
0.5880E+03  0.2000E+01  0.1840E-02
0.5890E+03  0.2000E+01  0.1950E-02
0.5900E+03  0.2000E+01  0.2056E-02
0.5910E+03  0.2000E+01  0.2160E-02
0.5920E+03  0.2000E+01  0.2260E-02
0.5930E+03  0.2000E+01  0.2358E-02
0.5940E+03  0.2000E+01  0.2453E-02
0.5950E+03  0.2000E+01  0.2574E-02
0.5960E+03  0.1999E+01  0.2664E-02
0.5970E+03  0.1999E+01  0.2779E-02
0.5980E+03  0.1999E+01  0.2920E-02
0.5990E+03  0.1999E+01  0.3031E-02
0.6000E+03  0.1999E+01  0.3138E-02
0.6010E+03  0.1999E+01  0.3272E-02
0.6020E+03  0.1999E+01  0.3374E-02
0.6030E+03  0.1999E+01  0.3502E-02
0.6040E+03  0.1999E+01  0.3628E-02
0.6050E+03  0.1999E+01  0.3751E-02
0.6060E+03  0.1998E+01  0.3872E-02
0.6070E+03  0.1998E+01  0.4019E-02
0.6080E+03  0.1998E+01  0.4135E-02
0.6090E+03  0.1998E+01  0.4248E-02
0.6100E+03  0.1998E+01  0.4387E-02
0.6110E+03  0.1998E+01  0.4525E-02
0.6120E+03  0.1998E+01  0.4661E-02
0.6130E+03  0.1998E+01  0.4795E-02
0.6140E+03  0.1997E+01  0.4927E-02
0.6150E+03  0.1997E+01  0.5056E-02
0.6160E+03  0.1997E+01  0.5212E-02
0.6170E+03  0.1997E+01  0.5337E-02
0.6180E+03  0.1997E+01  0.5488E-02
0.6190E+03  0.1996E+01  0.5636E-02
0.6200E+03  0.1996E+01  0.5781E-02
0.6210E+03  0.1996E+01  0.5924E-02
0.6220E+03  0.1996E+01  0.6092E-02
0.6230E+03  0.1996E+01  0.6228E-02
0.6240E+03  0.1995E+01  0.6360E-02
0.6250E+03  0.1995E+01  0.6519E-02
0.6260E+03  0.1995E+01  0.6675E-02
0.6270E+03  0.1995E+01  0.6797E-02
0.6280E+03  0.1995E+01  0.6945E-02
0.6290E+03  0.1995E+01  0.7091E-02
0.6300E+03  0.1995E+01  0.7232E-02
0.6310E+03  0.1995E+01  0.7401E-02
0.6320E+03  0.1995E+01  0.7538E-02
0.6330E+03  0.1995E+01  0.7703E-02
0.6340E+03  0.1995E+01  0.7835E-02
0.6350E+03  0.1995E+01  0.7964E-02
0.6360E+03  0.1995E+01  0.8122E-02
0.6370E+03  0.1995E+01  0.8278E-02
0.6380E+03  0.1995E+01  0.8432E-02
0.6390E+03  0.1995E+01  0.8584E-02
0.6400E+03  0.1995E+01  0.8733E-02
0.6410E+03  0.1995E+01  0.8881E-02
0.6420E+03  0.1995E+01  0.9057E-02
0.6430E+03  0.1995E+01  0.9200E-02
0.6440E+03  0.1995E+01  0.9341E-02
0.6450E+03  0.1995E+01  0.9480E-02
0.6460E+03  0.1995E+01  0.9648E-02
0.6470E+03  0.1995E+01  0.9783E-02
0.6480E+03  0.1995E+01  0.9947E-02
0.6490E+03  0.1995E+01  0.1008E-01
0.6500E+03  0.1995E+01  0.1024E-01
0.6510E+03  0.1995E+01  0.1040E-01
0.6520E+03  0.1995E+01  0.1055E-01
0.6530E+03  0.1995E+01  0.1071E-01
0.6540E+03  0.1995E+01  0.1086E-01
0.6550E+03  0.1995E+01  0.1101E-01
0.6560E+03  0.1995E+01  0.1116E-01
0.6570E+03  0.1995E+01  0.1131E-01
0.6580E+03  0.1995E+01  0.1145E-01
0.6590E+03  0.1995E+01  0.1159E-01
0.6600E+03  0.1995E+01  0.1173E-01
0.6610E+03  0.1995E+01  0.1187E-01
0.6620E+03  0.1995E+01  0.1201E-01
0.6630E+03  0.1995E+01  0.1218E-01
0.6640E+03  0.1995E+01  0.1231E-01
0.6650E+03  0.1995E+01  0.1248E-01
0.6660E+03  0.1995E+01  0.1264E-01
0.6670E+03  0.1995E+01  0.1277E-01
0.6680E+03  0.1995E+01  0.1293E-01
0.6690E+03  0.1995E+01  0.1305E-01
0.6700E+03  0.1995E+01  0.1321E-01
0.6710E+03  0.1995E+01  0.1336E-01
0.6720E+03  0.1995E+01  0.1352E-01
0.6730E+03  0.1995E+01  0.1367E-01
0.6740E+03  0.1995E+01  0.1382E-01
0.6750E+03  0.1995E+01  0.1396E-01
0.6760E+03  0.1995E+01  0.1414E-01
0.6770E+03  0.1995E+01  0.1429E-01
0.6780E+03  0.1995E+01  0.1443E-01
0.6790E+03  0.1995E+01  0.1457E-01
0.6800E+03  0.1995E+01  0.1471E-01
0.6810E+03  0.1994E+01  0.1489E-01
0.6820E+03  0.1994E+01  0.1502E-01
0.6830E+03  0.1994E+01  0.1516E-01
0.6840E+03  0.1994E+01  0.1529E-01
0.6850E+03  0.1994E+01  0.1546E-01
0.6860E+03  0.1994E+01  0.1559E-01
0.6870E+03  0.1994E+01  0.1572E-01
0.6880E+03  0.1994E+01  0.1588E-01
0.6890E+03  0.1994E+01  0.1604E-01
0.6900E+03  0.1994E+01  0.1617E-01
0.6910E+03  0.1994E+01  0.1629E-01
0.6920E+03  0.1994E+01  0.1645E-01
0.6930E+03  0.1994E+01  0.1657E-01
0.6940E+03  0.1994E+01  0.1673E-01
0.6950E+03  0.1994E+01  0.1688E-01
0.6960E+03  0.1994E+01  0.1700E-01
0.6970E+03  0.1994E+01  0.1715E-01
0.6980E+03  0.1994E+01  0.1727E-01
0.6990E+03  0.1994E+01  0.1738E-01
0.7000E+03  0.1994E+01  0.1753E-01
0.7010E+03  0.1995E+01  0.1765E-01
0.7020E+03  0.1995E+01  0.1776E-01
0.7030E+03  0.1995E+01  0.1787E-01
0.7040E+03  0.1995E+01  0.1798E-01
0.7050E+03  0.1995E+01  0.1808E-01
0.7060E+03  0.1995E+01  0.1823E-01
0.7070E+03  0.1995E+01  0.1833E-01
0.7080E+03  0.1995E+01  0.1847E-01
0.7090E+03  0.1995E+01  0.1857E-01
0.7100E+03  0.1995E+01  0.1867E-01
0.7110E+03  0.1995E+01  0.1877E-01
0.7120E+03  0.1995E+01  0.1887E-01
0.7130E+03  0.1995E+01  0.1897E-01
0.7140E+03  0.1995E+01  0.1910E-01
0.7150E+03  0.1995E+01  0.1919E-01
0.7160E+03  0.1995E+01  0.1928E-01
0.7170E+03  0.1995E+01  0.1937E-01
0.7180E+03  0.1995E+01  0.1946E-01
0.7190E+03  0.1995E+01  0.1955E-01
0.7200E+03  0.1995E+01  0.1964E-01
0.7210E+03  0.1994E+01  0.1973E-01
0.7220E+03  0.1994E+01  0.1981E-01
0.7230E+03  0.1994E+01  0.1990E-01
0.7240E+03  0.1994E+01  0.1998E-01
0.7250E+03  0.1994E+01  0.2006E-01
0.7260E+03  0.1994E+01  0.2014E-01
0.7270E+03  0.1994E+01  0.2022E-01
0.7280E+03  0.1994E+01  0.2030E-01
0.7290E+03  0.1994E+01  0.2038E-01
0.7300E+03  0.1994E+01  0.2050E-01
0.7310E+03  0.1994E+01  0.2058E-01
0.7320E+03  0.1994E+01  0.2065E-01
0.7330E+03  0.1994E+01  0.2073E-01
0.7340E+03  0.1994E+01  0.2084E-01
0.7350E+03  0.1994E+01  0.2088E-01
0.7360E+03  0.1994E+01  0.2095E-01
0.7370E+03  0.1994E+01  0.2102E-01
0.7380E+03  0.1994E+01  0.2110E-01
0.7390E+03  0.1994E+01  0.2117E-01
0.7400E+03  0.1994E+01  0.2120E-01
0.7410E+03  0.1994E+01  0.2127E-01
0.7420E+03  0.1994E+01  0.2129E-01
0.7430E+03  0.1994E+01  0.2136E-01
0.7440E+03  0.1994E+01  0.2143E-01
0.7450E+03  0.1994E+01  0.2145E-01
0.7460E+03  0.1994E+01  0.2152E-01
0.7470E+03  0.1994E+01  0.2154E-01
0.7480E+03  0.1994E+01  0.2160E-01
0.7490E+03  0.1994E+01  0.2162E-01
0.7500E+03  0.1994E+01  0.2164E-01
0.7510E+03  0.1994E+01  0.2170E-01
0.7520E+03  0.1994E+01  0.2172E-01
0.7530E+03  0.1994E+01  0.2178E-01
0.7540E+03  0.1994E+01  0.2180E-01
0.7550E+03  0.1994E+01  0.2181E-01
0.7560E+03  0.1994E+01  0.2183E-01
0.7570E+03  0.1994E+01  0.2184E-01
0.7580E+03  0.1994E+01  0.2190E-01
0.7590E+03  0.1994E+01  0.2191E-01
0.7600E+03  0.1994E+01  0.2192E-01
0.7610E+03  0.1994E+01  0.2193E-01
0.7620E+03  0.1994E+01  0.2194E-01
0.7630E+03  0.1994E+01  0.2195E-01
0.7640E+03  0.1994E+01  0.2196E-01
0.7650E+03  0.1994E+01  0.2201E-01
0.7660E+03  0.1994E+01  0.2202E-01
0.7670E+03  0.1994E+01  0.2203E-01
0.7680E+03  0.1994E+01  0.2203E-01
0.7690E+03  0.1994E+01  0.2199E-01
0.7700E+03  0.1994E+01  0.2200E-01
0.7710E+03  0.1994E+01  0.2196E-01
0.7720E+03  0.1994E+01  0.2196E-01
0.7730E+03  0.1994E+01  0.2196E-01
0.7740E+03  0.1994E+01  0.2201E-01
0.7750E+03  0.1994E+01  0.2201E-01
0.7760E+03  0.1994E+01  0.2197E-01
0.7770E+03  0.1994E+01  0.2196E-01
0.7780E+03  0.1994E+01  0.2192E-01
0.7790E+03  0.1994E+01  0.2192E-01
0.7800E+03  0.1994E+01  0.2191E-01
0.7810E+03  0.1994E+01  0.2191E-01
0.7820E+03  0.1994E+01  0.2195E-01
0.7830E+03  0.1994E+01  0.2195E-01
0.7840E+03  0.1994E+01  0.2194E-01
0.7850E+03  0.1994E+01  0.2194E-01
0.7860E+03  0.1994E+01  0.2189E-01
0.7870E+03  0.1994E+01  0.2188E-01
0.7880E+03  0.1994E+01  0.2183E-01
0.7890E+03  0.1994E+01  0.2182E-01
0.7900E+03  0.1994E+01  0.2177E-01
0.7910E+03  0.1994E+01  0.2171E-01
0.7920E+03  0.1994E+01  0.2161E-01
0.7930E+03  0.1994E+01  0.2160E-01
0.7940E+03  0.1994E+01  0.2155E-01
0.7950E+03  0.1994E+01  0.2149E-01
0.7960E+03  0.1994E+01  0.2143E-01
0.7970E+03  0.1994E+01  0.2137E-01
0.7980E+03  0.1994E+01  0.2136E-01
0.7990E+03  0.1994E+01  0.2130E-01
0.8000E+03  0.1994E+01  0.2124E-01
0.8010E+03  0.1994E+01  0.2118E-01
0.8020E+03  0.1994E+01  0.2112E-01
0.8030E+03  0.1994E+01  0.2110E-01
0.8040E+03  0.1994E+01  0.2114E-01
0.8050E+03  0.1994E+01  0.2107E-01
0.8060E+03  0.1994E+01  0.2101E-01
0.8070E+03  0.1994E+01  0.2095E-01
0.8080E+03  0.1994E+01  0.2088E-01
0.8090E+03  0.1994E+01  0.2087E-01
0.8100E+03  0.1994E+01  0.2080E-01
0.8110E+03  0.1994E+01  0.2069E-01
0.8120E+03  0.1994E+01  0.2062E-01
0.8130E+03  0.1994E+01  0.2056E-01
0.8140E+03  0.1994E+01  0.2044E-01
0.8150E+03  0.1994E+01  0.2032E-01
0.8160E+03  0.1994E+01  0.2026E-01
0.8170E+03  0.1994E+01  0.2014E-01
0.8180E+03  0.1994E+01  0.2007E-01
0.8190E+03  0.1994E+01  0.1995E-01
0.8200E+03  0.1994E+01  0.1983E-01
0.8210E+03  0.1994E+01  0.1976E-01
0.8220E+03  0.1994E+01  0.1964E-01
0.8230E+03  0.1994E+01  0.1952E-01
0.8240E+03  0.1994E+01  0.1940E-01
0.8250E+03  0.1994E+01  0.1933E-01
0.8260E+03  0.1994E+01  0.1915E-01
0.8270E+03  0.1994E+01  0.1903E-01
0.8280E+03  0.1994E+01  0.1891E-01
0.8290E+03  0.1994E+01  0.1878E-01
0.8300E+03  0.1994E+01  0.1866E-01
0.8310E+03  0.1994E+01  0.1858E-01
0.8320E+03  0.1994E+01  0.1851E-01
0.8330E+03  0.1994E+01  0.1838E-01
0.8340E+03  0.1994E+01  0.1826E-01
0.8350E+03  0.1994E+01  0.1813E-01
0.8360E+03  0.1994E+01  0.1800E-01
0.8370E+03  0.1994E+01  0.1787E-01
0.8380E+03  0.1994E+01  0.1780E-01
0.8390E+03  0.1994E+01  0.1767E-01
0.8400E+03  0.1994E+01  0.1754E-01
0.8410E+03  0.1994E+01  0.1741E-01
0.8420E+03  0.1994E+01  0.1728E-01
0.8430E+03  0.1994E+01  0.1710E-01
0.8440E+03  0.1994E+01  0.1692E-01
0.8450E+03  0.1994E+01  0.1678E-01
0.8460E+03  0.1994E+01  0.1665E-01
0.8470E+03  0.1994E+01  0.1652E-01
0.8480E+03  0.1994E+01  0.1634E-01
0.8490E+03  0.1994E+01  0.1620E-01
0.8500E+03  0.1994E+01  0.1607E-01
0.8510E+03  0.1994E+01  0.1588E-01
0.8520E+03  0.1994E+01  0.1580E-01
0.8530E+03  0.1994E+01  0.1572E-01
0.8540E+03  0.1994E+01  0.1559E-01
0.8550E+03  0.1994E+01  0.1540E-01
0.8560E+03  0.1994E+01  0.1532E-01
0.8570E+03  0.1994E+01  0.1518E-01
0.8580E+03  0.1994E+01  0.1505E-01
0.8590E+03  0.1994E+01  0.1497E-01
0.8600E+03  0.1993E+01  0.1483E-01
0.8610E+03  0.1993E+01  0.1470E-01
0.8620E+03  0.1993E+01  0.1461E-01
0.8630E+03  0.1993E+01  0.1453E-01
0.8640E+03  0.1993E+01  0.1440E-01
0.8650E+03  0.1993E+01  0.1421E-01
0.8660E+03  0.1993E+01  0.1407E-01
0.8670E+03  0.1993E+01  0.1388E-01
0.8680E+03  0.1993E+01  0.1374E-01
0.8690E+03  0.1993E+01  0.1361E-01
0.8700E+03  0.1993E+01  0.1347E-01
0.8710E+03  0.1993E+01  0.1328E-01
0.8720E+03  0.1993E+01  0.1314E-01
0.8730E+03  0.1993E+01  0.1300E-01
0.8740E+03  0.1993E+01  0.1287E-01
0.8750E+03  0.1993E+01  0.1273E-01
0.8760E+03  0.1993E+01  0.1254E-01
0.8770E+03  0.1993E+01  0.1240E-01
0.8780E+03  0.1993E+01  0.1226E-01
0.8790E+03  0.1993E+01  0.1212E-01
0.8800E+03  0.1993E+01  0.1198E-01
0.8810E+03  0.1993E+01  0.1185E-01
0.8820E+03  0.1993E+01  0.1165E-01
0.8830E+03  0.1993E+01  0.1151E-01
0.8840E+03  0.1993E+01  0.1138E-01
0.8850E+03  0.1993E+01  0.1124E-01
0.8860E+03  0.1993E+01  0.1110E-01
0.8870E+03  0.1993E+01  0.1096E-01
0.8880E+03  0.1993E+01  0.1076E-01
0.8890E+03  0.1993E+01  0.1063E-01
0.8900E+03  0.1993E+01  0.1049E-01
0.8910E+03  0.1993E+01  0.1035E-01
0.8920E+03  0.1993E+01  0.1021E-01
0.8930E+03  0.1993E+01  0.1007E-01
0.8940E+03  0.1993E+01  0.9934E-02
0.8950E+03  0.1993E+01  0.9796E-02
0.8960E+03  0.1993E+01  0.9600E-02
0.8970E+03  0.1993E+01  0.9461E-02
0.8980E+03  0.1993E+01  0.9323E-02
0.8990E+03  0.1993E+01  0.9185E-02
0.9000E+03  0.1993E+01  0.9047E-02
0.9010E+03  0.1993E+01  0.8851E-02
0.9020E+03  0.1993E+01  0.8713E-02
0.9030E+03  0.1993E+01  0.8575E-02
0.9040E+03  0.1993E+01  0.8437E-02
0.9050E+03  0.1993E+01  0.8299E-02
0.9060E+03  0.1993E+01  0.8103E-02
0.9070E+03  0.1993E+01  0.7966E-02
0.9080E+03  0.1993E+01  0.7828E-02
0.9090E+03  0.1993E+01  0.7691E-02
0.9100E+03  0.1993E+01  0.7554E-02
0.9110E+03  0.1993E+01  0.7417E-02
0.9120E+03  0.1993E+01  0.7221E-02
0.9130E+03  0.1993E+01  0.7084E-02
0.9140E+03  0.1993E+01  0.6948E-02
0.9150E+03  0.1993E+01  0.6811E-02
0.9160E+03  0.1993E+01  0.6675E-02
0.9170E+03  0.1993E+01  0.6539E-02
0.9180E+03  0.1993E+01  0.6404E-02
0.9190E+03  0.1993E+01  0.6268E-02
0.9200E+03  0.1993E+01  0.6133E-02
0.9210E+03  0.1993E+01  0.5997E-02
0.9220E+03  0.1993E+01  0.5863E-02
0.9230E+03  0.1993E+01  0.5728E-02
0.9240E+03  0.1993E+01  0.5593E-02
0.9250E+03  0.1993E+01  0.5459E-02
0.9260E+03  0.1993E+01  0.5325E-02
0.9270E+03  0.1993E+01  0.5192E-02
0.9280E+03  0.1993E+01  0.5058E-02
0.9290E+03  0.1993E+01  0.4925E-02
0.9300E+03  0.1993E+01  0.4792E-02
0.9310E+03  0.1993E+01  0.4660E-02
0.9320E+03  0.1993E+01  0.4588E-02
0.9330E+03  0.1993E+01  0.4457E-02
0.9340E+03  0.1993E+01  0.4325E-02
0.9350E+03  0.1993E+01  0.4194E-02
0.9360E+03  0.1993E+01  0.4124E-02
0.9370E+03  0.1993E+01  0.3994E-02
0.9380E+03  0.1993E+01  0.3863E-02
0.9390E+03  0.1993E+01  0.3733E-02
0.9400E+03  0.1993E+01  0.3666E-02
0.9410E+03  0.1993E+01  0.3537E-02
0.9420E+03  0.1993E+01  0.3470E-02
0.9430E+03  0.1993E+01  0.3341E-02
0.9440E+03  0.1993E+01  0.3213E-02
0.9450E+03  0.1993E+01  0.3148E-02
0.9460E+03  0.1993E+01  0.3021E-02
0.9470E+03  0.1993E+01  0.2957E-02
0.9480E+03  0.1993E+01  0.2830E-02
0.9490E+03  0.1993E+01  0.2767E-02
0.9500E+03  0.1993E+01  0.2642E-02
0.9510E+03  0.1993E+01  0.2579E-02
0.9520E+03  0.1993E+01  0.2455E-02
0.9530E+03  0.1993E+01  0.2394E-02
0.9540E+03  0.1993E+01  0.2333E-02
0.9550E+03  0.1993E+01  0.2210E-02
0.9560E+03  0.1993E+01  0.2150E-02
0.9570E+03  0.1993E+01  0.2092E-02
0.9580E+03  0.1993E+01  0.1970E-02
0.9590E+03  0.1993E+01  0.1912E-02
0.9600E+03  0.1993E+01  0.1855E-02
0.9610E+03  0.1993E+01  0.1799E-02
0.9620E+03  0.1993E+01  0.1679E-02
0.9630E+03  0.1993E+01  0.1624E-02
0.9640E+03  0.1993E+01  0.1569E-02
0.9650E+03  0.1993E+01  0.1515E-02
0.9660E+03  0.1993E+01  0.1462E-02
0.9670E+03  0.1993E+01  0.1345E-02
0.9680E+03  0.1993E+01  0.1293E-02
0.9690E+03  0.1993E+01  0.1241E-02
0.9700E+03  0.1993E+01  0.1190E-02
0.9710E+03  0.1993E+01  0.1140E-02
0.9720E+03  0.1993E+01  0.1091E-02
0.9730E+03  0.1993E+01  0.1043E-02
0.9740E+03  0.1993E+01  0.1059E-02
0.9750E+03  0.1993E+01  0.1012E-02
0.9760E+03  0.1993E+01  0.9656E-03
0.9770E+03  0.1993E+01  0.9198E-03
0.9780E+03  0.1993E+01  0.8747E-03
0.9790E+03  0.1993E+01  0.8954E-03
0.9800E+03  0.1993E+01  0.8517E-03
0.9810E+03  0.1993E+01  0.8088E-03
0.9820E+03  0.1993E+01  0.8320E-03
0.9830E+03  0.1993E+01  0.7906E-03
0.9840E+03  0.1993E+01  0.7499E-03
0.9850E+03  0.1993E+01  0.7756E-03
0.9860E+03  0.1993E+01  0.7365E-03
0.9870E+03  0.1993E+01  0.7639E-03
0.9880E+03  0.1993E+01  0.7263E-03
0.9890E+03  0.1993E+01  0.7555E-03
0.9900E+03  0.1993E+01  0.7857E-03
0.9910E+03  0.1993E+01  0.7505E-03
0.9920E+03  0.1993E+01  0.7825E-03
0.9930E+03  0.1993E+01  0.8154E-03
0.9940E+03  0.1993E+01  0.7826E-03
0.9950E+03  0.1993E+01  0.8173E-03
0.9960E+03  0.1993E+01  0.8530E-03
0.9970E+03  0.1993E+01  0.8897E-03
0.9980E+03  0.1993E+01  0.8602E-03
0.9990E+03  0.1993E+01  0.8987E-03
0.1000E+04  0.1993E+01  0.9381E-03
