0.9550E+03  0.8129E+02  0.8129E+02
0.9560E+03  0.8127E+02  0.8127E+02
0.9570E+03  0.8125E+02  0.8125E+02
0.9580E+03  0.8124E+02  0.8124E+02
0.9590E+03  0.8122E+02  0.8122E+02
0.9600E+03  0.8120E+02  0.8120E+02
0.9610E+03  0.8118E+02  0.8118E+02
0.9620E+03  0.8117E+02  0.8117E+02
0.9630E+03  0.8115E+02  0.8115E+02
0.9640E+03  0.8113E+02  0.8113E+02
0.9650E+03  0.8111E+02  0.8111E+02
0.9660E+03  0.8109E+02  0.8109E+02
0.9670E+03  0.8108E+02  0.8108E+02
0.9680E+03  0.8106E+02  0.8106E+02
0.9690E+03  0.8104E+02  0.8104E+02
0.9700E+03  0.8102E+02  0.8102E+02
0.9710E+03  0.8100E+02  0.8100E+02
0.9720E+03  0.8098E+02  0.8098E+02
0.9730E+03  0.8096E+02  0.8096E+02
0.9740E+03  0.8093E+02  0.8093E+02
0.9750E+03  0.8091E+02  0.8091E+02
0.9760E+03  0.8089E+02  0.8089E+02
0.9770E+03  0.8087E+02  0.8087E+02
0.9780E+03  0.8085E+02  0.8085E+02
0.9790E+03  0.8082E+02  0.8082E+02
0.9800E+03  0.8080E+02  0.8080E+02
0.9810E+03  0.8078E+02  0.8078E+02
0.9820E+03  0.8075E+02  0.8075E+02
0.9830E+03  0.8073E+02  0.8073E+02
0.9840E+03  0.8071E+02  0.8071E+02
0.9850E+03  0.8068E+02  0.8068E+02
0.9860E+03  0.8066E+02  0.8066E+02
0.9870E+03  0.8063E+02  0.8063E+02
0.9880E+03  0.8061E+02  0.8061E+02
0.9890E+03  0.8058E+02  0.8058E+02
0.9900E+03  0.8055E+02  0.8055E+02
0.9910E+03  0.8053E+02  0.8053E+02
0.9920E+03  0.8050E+02  0.8050E+02
0.9930E+03  0.8047E+02  0.8047E+02
0.9940E+03  0.8045E+02  0.8045E+02
0.9950E+03  0.8042E+02  0.8042E+02
