0.2755E+01  0.4101E+01  0.4101E+01  0.0000E+00  0.0000E+00
0.2749E+01  0.4102E+01  0.4102E+01  0.0000E+00  0.2085E-03
0.2743E+01  0.4103E+01  0.4103E+01  0.0000E+00  0.2274E-03
0.2737E+01  0.4104E+01  0.4104E+01  0.0000E+00  0.2861E-03
0.2731E+01  0.4105E+01  0.4105E+01  0.0000E+00  0.3845E-03
0.2725E+01  0.4105E+01  0.4105E+01  0.0000E+00  0.5223E-03
0.2719E+01  0.4106E+01  0.4106E+01  0.0000E+00  0.5798E-03
0.2713E+01  0.4107E+01  0.4107E+01  0.0000E+00  0.5554E-03
0.2707E+01  0.4107E+01  0.4107E+01  0.0000E+00  0.5689E-03
0.2701E+01  0.4107E+01  0.4108E+01  0.0000E+00  0.4993E-03
0.2695E+01  0.4108E+01  0.4108E+01  0.0000E+00  0.5857E-03
0.2689E+01  0.4108E+01  0.4108E+01  0.0000E+00  0.4677E-03
0.2684E+01  0.4108E+01  0.4108E+01  0.0000E+00  0.5041E-03
0.2678E+01  0.4108E+01  0.4109E+01  0.0000E+00  0.4549E-03
0.2672E+01  0.4109E+01  0.4109E+01  0.0000E+00  0.4381E-03
0.2666E+01  0.4109E+01  0.4109E+01  0.0000E+00  0.4526E-03
0.2661E+01  0.4109E+01  0.4109E+01  0.0000E+00  0.3798E-03
0.2655E+01  0.4109E+01  0.4109E+01  0.0000E+00  0.2189E-03
0.2649E+01  0.4109E+01  0.4109E+01  0.0000E+00  0.2034E-03
0.2644E+01  0.4109E+01  0.4109E+01  0.0000E+00  0.9578E-04
0.2638E+01  0.4109E+01  0.4109E+01  0.0000E+00  0.1162E-04
0.2632E+01  0.4109E+01  0.4107E+01  0.0000E+00  0.6755E-08
0.2627E+01  0.4108E+01  0.4106E+01  0.0000E+00  0.9123E-08
0.2621E+01  0.4108E+01  0.4105E+01  0.0000E+00  0.8637E-08
0.2616E+01  0.4107E+01  0.4105E+01  0.0000E+00  0.6721E-08
0.2610E+01  0.4106E+01  0.4103E+01  0.0000E+00  0.6375E-08
0.2605E+01  0.4105E+01  0.4102E+01  0.0000E+00  0.5112E-08
0.2599E+01  0.4103E+01  0.4100E+01  0.0000E+00  0.4739E-08
0.2594E+01  0.4102E+01  0.4099E+01  0.0000E+00  0.2897E-08
0.2588E+01  0.4100E+01  0.4097E+01  0.0000E+00  0.2033E-08
0.2583E+01  0.4099E+01  0.4096E+01  0.0000E+00  0.1203E-08
0.2578E+01  0.4097E+01  0.4095E+01  0.0000E+00  0.5525E-09
0.2572E+01  0.4095E+01  0.4093E+01  0.0000E+00  0.2334E-09
0.2567E+01  0.4093E+01  0.4091E+01  0.0000E+00  0.3023E-06
0.2562E+01  0.4091E+01  0.4089E+01  0.0000E+00  0.1817E-05
0.2556E+01  0.4089E+01  0.4088E+01  0.0000E+00  0.2514E-05
0.2551E+01  0.4087E+01  0.4087E+01  0.0000E+00  0.2138E-05
0.2546E+01  0.4086E+01  0.4085E+01  0.0000E+00  0.3324E-05
0.2541E+01  0.4084E+01  0.4084E+01  0.0000E+00  0.9862E-06
0.2535E+01  0.4082E+01  0.4082E+01  0.0000E+00  0.1233E-05
0.2530E+01  0.4080E+01  0.4079E+01  0.0000E+00  0.5664E-05
0.2525E+01  0.4079E+01  0.4078E+01  0.0000E+00  0.5503E-05
0.2520E+01  0.4077E+01  0.4076E+01  0.0000E+00  0.9267E-05
0.2515E+01  0.4075E+01  0.4074E+01  0.0000E+00  0.6618E-05
0.2510E+01  0.4074E+01  0.4072E+01  0.0000E+00  0.8342E-05
0.2505E+01  0.4072E+01  0.4071E+01  0.0000E+00  0.8967E-05
0.2500E+01  0.4070E+01  0.4069E+01  0.0000E+00  0.8435E-05
0.2495E+01  0.4068E+01  0.4067E+01  0.0000E+00  0.6704E-05
0.2490E+01  0.4066E+01  0.4066E+01  0.0000E+00  0.3706E-05
0.2485E+01  0.4064E+01  0.4063E+01  0.0000E+00  0.6904E-05
0.2480E+01  0.4062E+01  0.4062E+01  0.0000E+00  0.1744E-05
0.2475E+01  0.4060E+01  0.4060E+01  0.0000E+00  0.3248E-05
0.2470E+01  0.4058E+01  0.4058E+01  0.0000E+00  0.4076E-05
0.2465E+01  0.4056E+01  0.4056E+01  0.0000E+00  0.4259E-05
0.2460E+01  0.4055E+01  0.4054E+01  0.0000E+00  0.3892E-05
0.2455E+01  0.4053E+01  0.4052E+01  0.0000E+00  0.3124E-05
0.2450E+01  0.4051E+01  0.4051E+01  0.0000E+00  0.1947E-05
0.2445E+01  0.4049E+01  0.4049E+01  0.0000E+00  0.5707E-06
0.2441E+01  0.4047E+01  0.4047E+01  0.0000E+00  0.1355E-04
0.2436E+01  0.4046E+01  0.4046E+01  0.0000E+00  0.3488E-04
0.2431E+01  0.4044E+01  0.4044E+01  0.0000E+00  0.4316E-05
0.2426E+01  0.4043E+01  0.4042E+01  0.0000E+00  0.2721E-05
0.2422E+01  0.4041E+01  0.4040E+01  0.0000E+00  0.8705E-05
0.2417E+01  0.4039E+01  0.4039E+01  0.0000E+00  0.6228E-05
0.2412E+01  0.4038E+01  0.4037E+01  0.0000E+00  0.3450E-05
0.2407E+01  0.4036E+01  0.4035E+01  0.0000E+00  0.8138E-05
0.2403E+01  0.4035E+01  0.4034E+01  0.0000E+00  0.4965E-05
0.2398E+01  0.4033E+01  0.4032E+01  0.0000E+00  0.9094E-05
0.2393E+01  0.4032E+01  0.4031E+01  0.0000E+00  0.5775E-05
0.2389E+01  0.4030E+01  0.4029E+01  0.0000E+00  0.9467E-05
0.2384E+01  0.4029E+01  0.4028E+01  0.0000E+00  0.6295E-05
0.2380E+01  0.4027E+01  0.4027E+01  0.0000E+00  0.3389E-05
0.2375E+01  0.4026E+01  0.4025E+01  0.0000E+00  0.6904E-05
0.2371E+01  0.4024E+01  0.4024E+01  0.0000E+00  0.4410E-05
0.2366E+01  0.4023E+01  0.4022E+01  0.0000E+00  0.7790E-05
0.2362E+01  0.4022E+01  0.4021E+01  0.0000E+00  0.5803E-05
0.2357E+01  0.4021E+01  0.4020E+01  0.0000E+00  0.4201E-05
0.2353E+01  0.4019E+01  0.4018E+01  0.0000E+00  0.7397E-05
0.2348E+01  0.4018E+01  0.4017E+01  0.0000E+00  0.6196E-05
0.2344E+01  0.4017E+01  0.4016E+01  0.0000E+00  0.5330E-05
0.2339E+01  0.4016E+01  0.4015E+01  0.0000E+00  0.4708E-05
0.2335E+01  0.4015E+01  0.4014E+01  0.0000E+00  0.4112E-05
0.2331E+01  0.4014E+01  0.4013E+01  0.0000E+00  0.3416E-05
0.2326E+01  0.4013E+01  0.4012E+01  0.0000E+00  0.2651E-05
0.2322E+01  0.4012E+01  0.4010E+01  0.0000E+00  0.1873E-05
0.2317E+01  0.4011E+01  0.4009E+01  0.0000E+00  0.1080E-05
0.2313E+01  0.4010E+01  0.4008E+01  0.0000E+00  0.2412E-06
0.2309E+01  0.4008E+01  0.4007E+01  0.0000E+00  0.8002E-10
0.2305E+01  0.4007E+01  0.4007E+01  0.0000E+00  0.9625E-10
0.2300E+01  0.4006E+01  0.4006E+01  0.0000E+00  0.2199E-09
0.2296E+01  0.4005E+01  0.4005E+01  0.0000E+00  0.9432E-10
0.2292E+01  0.4005E+01  0.4004E+01  0.0000E+00  0.3203E-09
0.2288E+01  0.4004E+01  0.4004E+01  0.0000E+00  0.1030E-09
0.2283E+01  0.4003E+01  0.4003E+01  0.0000E+00  0.2544E-04
0.2279E+01  0.4002E+01  0.4002E+01  0.0000E+00  0.1644E-03
0.2275E+01  0.4002E+01  0.4002E+01  0.0000E+00  0.1775E-03
0.2271E+01  0.4001E+01  0.4001E+01  0.0000E+00  0.1749E-03
0.2267E+01  0.4001E+01  0.4001E+01  0.0000E+00  0.1562E-03
0.2262E+01  0.4000E+01  0.4000E+01  0.0000E+00  0.2244E-03
0.2258E+01  0.4000E+01  0.4000E+01  0.0000E+00  0.1696E-03
0.2254E+01  0.4000E+01  0.4000E+01  0.0000E+00  0.1995E-03
0.2250E+01  0.4000E+01  0.4000E+01  0.4000E-05  0.2115E-03
0.2246E+01  0.4000E+01  0.4000E+01  0.1600E-04  0.2070E-03
0.2242E+01  0.4000E+01  0.4001E+01  0.3200E-04  0.1884E-03
0.2238E+01  0.4001E+01  0.4001E+01  0.5601E-04  0.1533E-03
0.2234E+01  0.4001E+01  0.4001E+01  0.8801E-04  0.1023E-03
0.2230E+01  0.4002E+01  0.4002E+01  0.1240E-03  0.1524E-03
0.2226E+01  0.4002E+01  0.4002E+01  0.1680E-03  0.1921E-03
0.2222E+01  0.4003E+01  0.4003E+01  0.2161E-03  0.1156E-03
0.2218E+01  0.4003E+01  0.4003E+01  0.2681E-03  0.1395E-03
0.2214E+01  0.4004E+01  0.4004E+01  0.3282E-03  0.1574E-03
0.2210E+01  0.4005E+01  0.4005E+01  0.3922E-03  0.2763E-03
0.2206E+01  0.4005E+01  0.4005E+01  0.4603E-03  0.2850E-03
0.2202E+01  0.4006E+01  0.4006E+01  0.5324E-03  0.3979E-03
0.2198E+01  0.4006E+01  0.4006E+01  0.6085E-03  0.5088E-03
0.2194E+01  0.4007E+01  0.4007E+01  0.6926E-03  0.6194E-03
0.2191E+01  0.4007E+01  0.4007E+01  0.7767E-03  0.7305E-03
0.2187E+01  0.4008E+01  0.4008E+01  0.8648E-03  0.8428E-03
0.2183E+01  0.4008E+01  0.4008E+01  0.9569E-03  0.9569E-03
0.2179E+01  0.4008E+01  0.4008E+01  0.1053E-02  0.1187E-02
0.2175E+01  0.4008E+01  0.4008E+01  0.1149E-02  0.1307E-02
0.2171E+01  0.4008E+01  0.4008E+01  0.1269E-02  0.1539E-02
0.2168E+01  0.4008E+01  0.4008E+01  0.1433E-02  0.1772E-02
0.2164E+01  0.4008E+01  0.4008E+01  0.1638E-02  0.2113E-02
0.2160E+01  0.4007E+01  0.4008E+01  0.1882E-02  0.2346E-02
0.2156E+01  0.4007E+01  0.4007E+01  0.2154E-02  0.2685E-02
0.2152E+01  0.4007E+01  0.4007E+01  0.2462E-02  0.3021E-02
0.2149E+01  0.4006E+01  0.4007E+01  0.2794E-02  0.3244E-02
0.2145E+01  0.4006E+01  0.4006E+01  0.3150E-02  0.3571E-02
0.2141E+01  0.4005E+01  0.4006E+01  0.3530E-02  0.4001E-02
0.2138E+01  0.4005E+01  0.4005E+01  0.3926E-02  0.4315E-02
0.2134E+01  0.4004E+01  0.4005E+01  0.4338E-02  0.4622E-02
0.2130E+01  0.4004E+01  0.4004E+01  0.4762E-02  0.5029E-02
0.2127E+01  0.4003E+01  0.4003E+01  0.5194E-02  0.5427E-02
0.2123E+01  0.4003E+01  0.4003E+01  0.5634E-02  0.5815E-02
0.2119E+01  0.4002E+01  0.4002E+01  0.6074E-02  0.6192E-02
0.2116E+01  0.4002E+01  0.4002E+01  0.6518E-02  0.6556E-02
0.2112E+01  0.4001E+01  0.4001E+01  0.6953E-02  0.7021E-02
0.2109E+01  0.4001E+01  0.4001E+01  0.7385E-02  0.7360E-02
0.2105E+01  0.4000E+01  0.4000E+01  0.7808E-02  0.7799E-02
0.2101E+01  0.4000E+01  0.4000E+01  0.8216E-02  0.8224E-02
0.2098E+01  0.4000E+01  0.4000E+01  0.8624E-02  0.8638E-02
0.2094E+01  0.3999E+01  0.3999E+01  0.9035E-02  0.9040E-02
0.2091E+01  0.3999E+01  0.3999E+01  0.9455E-02  0.9431E-02
0.2087E+01  0.3998E+01  0.3998E+01  0.9886E-02  0.9812E-02
0.2084E+01  0.3998E+01  0.3998E+01  0.1032E-01  0.1029E-01
0.2080E+01  0.3998E+01  0.3998E+01  0.1076E-01  0.1065E-01
0.2077E+01  0.3997E+01  0.3997E+01  0.1121E-01  0.1111E-01
0.2073E+01  0.3997E+01  0.3997E+01  0.1166E-01  0.1168E-01
0.2070E+01  0.3997E+01  0.3997E+01  0.1213E-01  0.1212E-01
0.2066E+01  0.3996E+01  0.3996E+01  0.1259E-01  0.1255E-01
0.2063E+01  0.3996E+01  0.3996E+01  0.1307E-01  0.1308E-01
0.2060E+01  0.3995E+01  0.3995E+01  0.1354E-01  0.1349E-01
0.2056E+01  0.3995E+01  0.3995E+01  0.1402E-01  0.1400E-01
0.2053E+01  0.3995E+01  0.3995E+01  0.1451E-01  0.1450E-01
0.2049E+01  0.3994E+01  0.3994E+01  0.1501E-01  0.1499E-01
0.2046E+01  0.3994E+01  0.3994E+01  0.1550E-01  0.1548E-01
0.2043E+01  0.3993E+01  0.3993E+01  0.1600E-01  0.1606E-01
0.2039E+01  0.3993E+01  0.3993E+01  0.1651E-01  0.1652E-01
0.2036E+01  0.3992E+01  0.3992E+01  0.1701E-01  0.1698E-01
0.2033E+01  0.3992E+01  0.3992E+01  0.1752E-01  0.1753E-01
0.2029E+01  0.3991E+01  0.3991E+01  0.1804E-01  0.1808E-01
0.2026E+01  0.3991E+01  0.3991E+01  0.1857E-01  0.1862E-01
0.2023E+01  0.3990E+01  0.3990E+01  0.1910E-01  0.1916E-01
0.2019E+01  0.3990E+01  0.3990E+01  0.1965E-01  0.1968E-01
0.2016E+01  0.3989E+01  0.3989E+01  0.2020E-01  0.2020E-01
0.2013E+01  0.3988E+01  0.3988E+01  0.2075E-01  0.2082E-01
0.2009E+01  0.3987E+01  0.3987E+01  0.2132E-01  0.2131E-01
0.2006E+01  0.3986E+01  0.3986E+01  0.2189E-01  0.2191E-01
0.2003E+01  0.3986E+01  0.3986E+01  0.2246E-01  0.2250E-01
0.2000E+01  0.3985E+01  0.3985E+01  0.2304E-01  0.2308E-01
0.1997E+01  0.3984E+01  0.3984E+01  0.2362E-01  0.2365E-01
0.1993E+01  0.3983E+01  0.3983E+01  0.2421E-01  0.2432E-01
0.1990E+01  0.3983E+01  0.3983E+01  0.2479E-01  0.2486E-01
0.1987E+01  0.3982E+01  0.3982E+01  0.2538E-01  0.2538E-01
0.1984E+01  0.3981E+01  0.3981E+01  0.2597E-01  0.2602E-01
0.1981E+01  0.3981E+01  0.3981E+01  0.2656E-01  0.2664E-01
0.1977E+01  0.3981E+01  0.3981E+01  0.2715E-01  0.2712E-01
0.1974E+01  0.3980E+01  0.3980E+01  0.2774E-01  0.2771E-01
0.1971E+01  0.3980E+01  0.3980E+01  0.2832E-01  0.2829E-01
0.1968E+01  0.3980E+01  0.3980E+01  0.2891E-01  0.2886E-01
0.1965E+01  0.3980E+01  0.3980E+01  0.2949E-01  0.2953E-01
0.1962E+01  0.3980E+01  0.3980E+01  0.3008E-01  0.3008E-01
0.1959E+01  0.3980E+01  0.3980E+01  0.3067E-01  0.3073E-01
0.1956E+01  0.3980E+01  0.3980E+01  0.3127E-01  0.3126E-01
0.1952E+01  0.3980E+01  0.3980E+01  0.3186E-01  0.3178E-01
0.1949E+01  0.3980E+01  0.3980E+01  0.3245E-01  0.3241E-01
0.1946E+01  0.3980E+01  0.3980E+01  0.3305E-01  0.3303E-01
0.1943E+01  0.3980E+01  0.3980E+01  0.3365E-01  0.3364E-01
0.1940E+01  0.3980E+01  0.3980E+01  0.3425E-01  0.3425E-01
0.1937E+01  0.3980E+01  0.3980E+01  0.3485E-01  0.3485E-01
0.1934E+01  0.3980E+01  0.3980E+01  0.3546E-01  0.3543E-01
0.1931E+01  0.3980E+01  0.3980E+01  0.3606E-01  0.3614E-01
0.1928E+01  0.3980E+01  0.3980E+01  0.3666E-01  0.3671E-01
0.1925E+01  0.3980E+01  0.3980E+01  0.3726E-01  0.3727E-01
0.1922E+01  0.3980E+01  0.3980E+01  0.3787E-01  0.3783E-01
0.1919E+01  0.3980E+01  0.3980E+01  0.3846E-01  0.3850E-01
0.1916E+01  0.3980E+01  0.3980E+01  0.3907E-01  0.3903E-01
0.1913E+01  0.3980E+01  0.3980E+01  0.3966E-01  0.3969E-01
0.1910E+01  0.3980E+01  0.3980E+01  0.4026E-01  0.4021E-01
0.1907E+01  0.3980E+01  0.3980E+01  0.4086E-01  0.4085E-01
0.1905E+01  0.3980E+01  0.3980E+01  0.4145E-01  0.4148E-01
0.1902E+01  0.3980E+01  0.3980E+01  0.4205E-01  0.4210E-01
0.1899E+01  0.3980E+01  0.3980E+01  0.4264E-01  0.4272E-01
0.1896E+01  0.3980E+01  0.3980E+01  0.4324E-01  0.4333E-01
0.1893E+01  0.3980E+01  0.3980E+01  0.4383E-01  0.4393E-01
0.1890E+01  0.3980E+01  0.3980E+01  0.4442E-01  0.4452E-01
0.1887E+01  0.3980E+01  0.3980E+01  0.4502E-01  0.4511E-01
0.1884E+01  0.3980E+01  0.3980E+01  0.4561E-01  0.4568E-01
0.1881E+01  0.3980E+01  0.3980E+01  0.4620E-01  0.4625E-01
0.1879E+01  0.3980E+01  0.3980E+01  0.4679E-01  0.4682E-01
0.1876E+01  0.3980E+01  0.3980E+01  0.4739E-01  0.4737E-01
0.1873E+01  0.3980E+01  0.3980E+01  0.4798E-01  0.4792E-01
0.1870E+01  0.3980E+01  0.3980E+01  0.4857E-01  0.4859E-01
0.1867E+01  0.3980E+01  0.3980E+01  0.4916E-01  0.4912E-01
0.1864E+01  0.3980E+01  0.3980E+01  0.4975E-01  0.4978E-01
0.1862E+01  0.3980E+01  0.3980E+01  0.5034E-01  0.5043E-01
0.1859E+01  0.3980E+01  0.3980E+01  0.5093E-01  0.5094E-01
0.1856E+01  0.3980E+01  0.3980E+01  0.5153E-01  0.5158E-01
0.1853E+01  0.3980E+01  0.3980E+01  0.5212E-01  0.5208E-01
0.1850E+01  0.3980E+01  0.3980E+01  0.5271E-01  0.5270E-01
0.1848E+01  0.3980E+01  0.3980E+01  0.5330E-01  0.5332E-01
0.1845E+01  0.3980E+01  0.3980E+01  0.5390E-01  0.5392E-01
0.1842E+01  0.3980E+01  0.3980E+01  0.5450E-01  0.5453E-01
0.1840E+01  0.3979E+01  0.3979E+01  0.5510E-01  0.5512E-01
0.1837E+01  0.3979E+01  0.3979E+01  0.5571E-01  0.5571E-01
0.1834E+01  0.3979E+01  0.3979E+01  0.5631E-01  0.5643E-01
0.1831E+01  0.3979E+01  0.3979E+01  0.5692E-01  0.5701E-01
0.1829E+01  0.3978E+01  0.3978E+01  0.5752E-01  0.5757E-01
0.1826E+01  0.3978E+01  0.3978E+01  0.5813E-01  0.5814E-01
0.1823E+01  0.3978E+01  0.3978E+01  0.5873E-01  0.5869E-01
0.1821E+01  0.3978E+01  0.3978E+01  0.5933E-01  0.5938E-01
0.1818E+01  0.3977E+01  0.3977E+01  0.5992E-01  0.5992E-01
0.1815E+01  0.3977E+01  0.3977E+01  0.6051E-01  0.6046E-01
0.1813E+01  0.3977E+01  0.3977E+01  0.6110E-01  0.6099E-01
0.1810E+01  0.3976E+01  0.3976E+01  0.6168E-01  0.6165E-01
0.1807E+01  0.3976E+01  0.3976E+01  0.6226E-01  0.6217E-01
0.1805E+01  0.3976E+01  0.3976E+01  0.6283E-01  0.6269E-01
0.1802E+01  0.3976E+01  0.3976E+01  0.6339E-01  0.6334E-01
0.1799E+01  0.3976E+01  0.3976E+01  0.6394E-01  0.6398E-01
0.1797E+01  0.3976E+01  0.3976E+01  0.6449E-01  0.6448E-01
0.1794E+01  0.3976E+01  0.3976E+01  0.6502E-01  0.6497E-01
0.1792E+01  0.3976E+01  0.3976E+01  0.6556E-01  0.6561E-01
0.1789E+01  0.3976E+01  0.3976E+01  0.6610E-01  0.6609E-01
0.1786E+01  0.3976E+01  0.3976E+01  0.6663E-01  0.6672E-01
0.1784E+01  0.3976E+01  0.3976E+01  0.6716E-01  0.6734E-01
0.1781E+01  0.3977E+01  0.3977E+01  0.6769E-01  0.6781E-01
0.1779E+01  0.3977E+01  0.3977E+01  0.6821E-01  0.6842E-01
0.1776E+01  0.3977E+01  0.3977E+01  0.6873E-01  0.6889E-01
0.1774E+01  0.3977E+01  0.3977E+01  0.6925E-01  0.6935E-01
0.1771E+01  0.3978E+01  0.3978E+01  0.6976E-01  0.6994E-01
0.1769E+01  0.3978E+01  0.3978E+01  0.7026E-01  0.7040E-01
0.1766E+01  0.3978E+01  0.3978E+01  0.7076E-01  0.7084E-01
0.1764E+01  0.3979E+01  0.3979E+01  0.7125E-01  0.7128E-01
0.1761E+01  0.3979E+01  0.3979E+01  0.7174E-01  0.7172E-01
0.1759E+01  0.3979E+01  0.3979E+01  0.7221E-01  0.7215E-01
0.1756E+01  0.3979E+01  0.3979E+01  0.7268E-01  0.7272E-01
0.1754E+01  0.3979E+01  0.3979E+01  0.7313E-01  0.7314E-01
0.1751E+01  0.3980E+01  0.3980E+01  0.7359E-01  0.7370E-01
0.1749E+01  0.3980E+01  0.3980E+01  0.7403E-01  0.7410E-01
0.1746E+01  0.3980E+01  0.3980E+01  0.7445E-01  0.7450E-01
0.1744E+01  0.3980E+01  0.3980E+01  0.7488E-01  0.7490E-01
0.1741E+01  0.3980E+01  0.3980E+01  0.7529E-01  0.7529E-01
0.1739E+01  0.3979E+01  0.3979E+01  0.7571E-01  0.7567E-01
0.1736E+01  0.3979E+01  0.3979E+01  0.7612E-01  0.7620E-01
0.1734E+01  0.3979E+01  0.3979E+01  0.7653E-01  0.7657E-01
0.1732E+01  0.3979E+01  0.3979E+01  0.7693E-01  0.7693E-01
0.1729E+01  0.3979E+01  0.3979E+01  0.7733E-01  0.7729E-01
0.1727E+01  0.3978E+01  0.3978E+01  0.7772E-01  0.7765E-01
0.1724E+01  0.3978E+01  0.3978E+01  0.7810E-01  0.7800E-01
0.1722E+01  0.3978E+01  0.3978E+01  0.7848E-01  0.7834E-01
0.1720E+01  0.3977E+01  0.3977E+01  0.7885E-01  0.7869E-01
0.1717E+01  0.3977E+01  0.3977E+01  0.7921E-01  0.7902E-01
0.1715E+01  0.3977E+01  0.3977E+01  0.7957E-01  0.7936E-01
0.1712E+01  0.3976E+01  0.3977E+01  0.7992E-01  0.7968E-01
0.1710E+01  0.3976E+01  0.3976E+01  0.8025E-01  0.8001E-01
0.1708E+01  0.3976E+01  0.3976E+01  0.8058E-01  0.8033E-01
0.1705E+01  0.3976E+01  0.3976E+01  0.8090E-01  0.8065E-01
0.1703E+01  0.3976E+01  0.3976E+01  0.8121E-01  0.8097E-01
0.1701E+01  0.3976E+01  0.3976E+01  0.8151E-01  0.8128E-01
0.1698E+01  0.3976E+01  0.3976E+01  0.8179E-01  0.8175E-01
0.1696E+01  0.3976E+01  0.3976E+01  0.8208E-01  0.8206E-01
0.1694E+01  0.3976E+01  0.3976E+01  0.8236E-01  0.8237E-01
0.1691E+01  0.3976E+01  0.3976E+01  0.8264E-01  0.8267E-01
0.1689E+01  0.3976E+01  0.3976E+01  0.8292E-01  0.8313E-01
0.1687E+01  0.3976E+01  0.3976E+01  0.8319E-01  0.8327E-01
0.1685E+01  0.3976E+01  0.3976E+01  0.8347E-01  0.8356E-01
0.1682E+01  0.3976E+01  0.3976E+01  0.8374E-01  0.8385E-01
0.1680E+01  0.3976E+01  0.3976E+01  0.8400E-01  0.8413E-01
0.1678E+01  0.3976E+01  0.3976E+01  0.8425E-01  0.8441E-01
0.1675E+01  0.3976E+01  0.3976E+01  0.8450E-01  0.8453E-01
0.1673E+01  0.3976E+01  0.3976E+01  0.8474E-01  0.8481E-01
0.1671E+01  0.3976E+01  0.3976E+01  0.8497E-01  0.8492E-01
0.1669E+01  0.3976E+01  0.3976E+01  0.8519E-01  0.8518E-01
0.1666E+01  0.3976E+01  0.3976E+01  0.8540E-01  0.8545E-01
0.1664E+01  0.3976E+01  0.3976E+01  0.8559E-01  0.8555E-01
0.1662E+01  0.3976E+01  0.3976E+01  0.8577E-01  0.8581E-01
0.1660E+01  0.3976E+01  0.3976E+01  0.8594E-01  0.8590E-01
0.1658E+01  0.3976E+01  0.3976E+01  0.8609E-01  0.8615E-01
0.1655E+01  0.3976E+01  0.3976E+01  0.8622E-01  0.8623E-01
0.1653E+01  0.3976E+01  0.3976E+01  0.8634E-01  0.8631E-01
0.1651E+01  0.3976E+01  0.3976E+01  0.8645E-01  0.8656E-01
0.1649E+01  0.3976E+01  0.3976E+01  0.8655E-01  0.8663E-01
0.1647E+01  0.3976E+01  0.3976E+01  0.8666E-01  0.8687E-01
0.1644E+01  0.3976E+01  0.3976E+01  0.8676E-01  0.8693E-01
0.1642E+01  0.3976E+01  0.3976E+01  0.8686E-01  0.8700E-01
0.1640E+01  0.3976E+01  0.3976E+01  0.8695E-01  0.8706E-01
0.1638E+01  0.3976E+01  0.3976E+01  0.8705E-01  0.8711E-01
0.1636E+01  0.3976E+01  0.3976E+01  0.8714E-01  0.8733E-01
0.1634E+01  0.3976E+01  0.3976E+01  0.8723E-01  0.8738E-01
0.1631E+01  0.3976E+01  0.3976E+01  0.8731E-01  0.8743E-01
0.1629E+01  0.3976E+01  0.3976E+01  0.8738E-01  0.8747E-01
0.1627E+01  0.3976E+01  0.3976E+01  0.8745E-01  0.8751E-01
0.1625E+01  0.3976E+01  0.3976E+01  0.8751E-01  0.8755E-01
0.1623E+01  0.3976E+01  0.3976E+01  0.8757E-01  0.8759E-01
0.1621E+01  0.3976E+01  0.3976E+01  0.8762E-01  0.8779E-01
0.1619E+01  0.3976E+01  0.3976E+01  0.8766E-01  0.8782E-01
0.1616E+01  0.3976E+01  0.3976E+01  0.8769E-01  0.8784E-01
0.1614E+01  0.3976E+01  0.3976E+01  0.8772E-01  0.8787E-01
0.1612E+01  0.3976E+01  0.3976E+01  0.8773E-01  0.8771E-01
0.1610E+01  0.3976E+01  0.3976E+01  0.8774E-01  0.8773E-01
0.1608E+01  0.3976E+01  0.3976E+01  0.8773E-01  0.8757E-01
0.1606E+01  0.3976E+01  0.3976E+01  0.8772E-01  0.8758E-01
0.1604E+01  0.3976E+01  0.3976E+01  0.8771E-01  0.8759E-01
0.1602E+01  0.3976E+01  0.3976E+01  0.8769E-01  0.8777E-01
0.1600E+01  0.3976E+01  0.3976E+01  0.8766E-01  0.8777E-01
0.1598E+01  0.3976E+01  0.3976E+01  0.8763E-01  0.8760E-01
0.1596E+01  0.3976E+01  0.3976E+01  0.8760E-01  0.8759E-01
0.1594E+01  0.3976E+01  0.3976E+01  0.8756E-01  0.8741E-01
0.1592E+01  0.3976E+01  0.3976E+01  0.8751E-01  0.8741E-01
0.1590E+01  0.3976E+01  0.3976E+01  0.8746E-01  0.8740E-01
0.1587E+01  0.3976E+01  0.3976E+01  0.8741E-01  0.8738E-01
0.1585E+01  0.3976E+01  0.3976E+01  0.8736E-01  0.8755E-01
0.1583E+01  0.3976E+01  0.3976E+01  0.8730E-01  0.8753E-01
0.1581E+01  0.3976E+01  0.3976E+01  0.8723E-01  0.8751E-01
0.1579E+01  0.3976E+01  0.3976E+01  0.8717E-01  0.8749E-01
0.1577E+01  0.3976E+01  0.3976E+01  0.8711E-01  0.8729E-01
0.1575E+01  0.3976E+01  0.3976E+01  0.8703E-01  0.8726E-01
0.1573E+01  0.3976E+01  0.3976E+01  0.8697E-01  0.8706E-01
0.1571E+01  0.3976E+01  0.3976E+01  0.8689E-01  0.8703E-01
0.1569E+01  0.3976E+01  0.3976E+01  0.8682E-01  0.8681E-01
0.1567E+01  0.3976E+01  0.3976E+01  0.8674E-01  0.8659E-01
0.1565E+01  0.3976E+01  0.3976E+01  0.8664E-01  0.8619E-01
0.1563E+01  0.3976E+01  0.3976E+01  0.8652E-01  0.8615E-01
0.1561E+01  0.3976E+01  0.3976E+01  0.8640E-01  0.8593E-01
0.1560E+01  0.3976E+01  0.3976E+01  0.8626E-01  0.8570E-01
0.1558E+01  0.3976E+01  0.3976E+01  0.8610E-01  0.8547E-01
0.1556E+01  0.3976E+01  0.3976E+01  0.8593E-01  0.8524E-01
0.1554E+01  0.3976E+01  0.3976E+01  0.8575E-01  0.8519E-01
0.1552E+01  0.3976E+01  0.3976E+01  0.8557E-01  0.8495E-01
0.1550E+01  0.3976E+01  0.3976E+01  0.8537E-01  0.8471E-01
0.1548E+01  0.3976E+01  0.3976E+01  0.8516E-01  0.8447E-01
0.1546E+01  0.3976E+01  0.3976E+01  0.8494E-01  0.8422E-01
0.1544E+01  0.3976E+01  0.3976E+01  0.8471E-01  0.8417E-01
0.1542E+01  0.3976E+01  0.3976E+01  0.8448E-01  0.8430E-01
0.1540E+01  0.3976E+01  0.3976E+01  0.8423E-01  0.8405E-01
0.1538E+01  0.3976E+01  0.3976E+01  0.8399E-01  0.8380E-01
0.1536E+01  0.3976E+01  0.3976E+01  0.8374E-01  0.8354E-01
0.1534E+01  0.3976E+01  0.3976E+01  0.8348E-01  0.8329E-01
0.1533E+01  0.3976E+01  0.3976E+01  0.8321E-01  0.8322E-01
0.1531E+01  0.3976E+01  0.3976E+01  0.8295E-01  0.8296E-01
0.1529E+01  0.3976E+01  0.3976E+01  0.8267E-01  0.8251E-01
0.1527E+01  0.3976E+01  0.3976E+01  0.8236E-01  0.8224E-01
0.1525E+01  0.3976E+01  0.3976E+01  0.8203E-01  0.8198E-01
0.1523E+01  0.3976E+01  0.3976E+01  0.8167E-01  0.8152E-01
0.1521E+01  0.3976E+01  0.3976E+01  0.8130E-01  0.8105E-01
0.1519E+01  0.3976E+01  0.3976E+01  0.8090E-01  0.8078E-01
0.1518E+01  0.3976E+01  0.3976E+01  0.8049E-01  0.8031E-01
0.1516E+01  0.3976E+01  0.3976E+01  0.8006E-01  0.8004E-01
0.1514E+01  0.3976E+01  0.3976E+01  0.7962E-01  0.7956E-01
0.1512E+01  0.3976E+01  0.3976E+01  0.7917E-01  0.7909E-01
0.1510E+01  0.3976E+01  0.3976E+01  0.7870E-01  0.7881E-01
0.1508E+01  0.3976E+01  0.3976E+01  0.7823E-01  0.7833E-01
0.1506E+01  0.3976E+01  0.3976E+01  0.7775E-01  0.7784E-01
0.1505E+01  0.3976E+01  0.3976E+01  0.7727E-01  0.7736E-01
0.1503E+01  0.3976E+01  0.3976E+01  0.7678E-01  0.7707E-01
0.1501E+01  0.3976E+01  0.3976E+01  0.7629E-01  0.7638E-01
0.1499E+01  0.3976E+01  0.3976E+01  0.7581E-01  0.7589E-01
0.1497E+01  0.3976E+01  0.3976E+01  0.7533E-01  0.7540E-01
0.1496E+01  0.3976E+01  0.3976E+01  0.7485E-01  0.7490E-01
0.1494E+01  0.3976E+01  0.3976E+01  0.7438E-01  0.7441E-01
0.1492E+01  0.3976E+01  0.3976E+01  0.7391E-01  0.7411E-01
0.1490E+01  0.3976E+01  0.3976E+01  0.7342E-01  0.7381E-01
0.1488E+01  0.3976E+01  0.3976E+01  0.7294E-01  0.7331E-01
0.1487E+01  0.3976E+01  0.3976E+01  0.7244E-01  0.7280E-01
0.1485E+01  0.3976E+01  0.3976E+01  0.7194E-01  0.7230E-01
0.1483E+01  0.3976E+01  0.3976E+01  0.7143E-01  0.7179E-01
0.1481E+01  0.3976E+01  0.3976E+01  0.7091E-01  0.7128E-01
0.1480E+01  0.3976E+01  0.3976E+01  0.7040E-01  0.7097E-01
0.1478E+01  0.3976E+01  0.3976E+01  0.6988E-01  0.7046E-01
0.1476E+01  0.3976E+01  0.3976E+01  0.6936E-01  0.6995E-01
0.1474E+01  0.3976E+01  0.3976E+01  0.6882E-01  0.6943E-01
0.1472E+01  0.3976E+01  0.3976E+01  0.6830E-01  0.6891E-01
0.1471E+01  0.3976E+01  0.3976E+01  0.6777E-01  0.6819E-01
0.1469E+01  0.3976E+01  0.3976E+01  0.6724E-01  0.6746E-01
0.1467E+01  0.3976E+01  0.3976E+01  0.6671E-01  0.6694E-01
0.1466E+01  0.3976E+01  0.3976E+01  0.6618E-01  0.6641E-01
0.1464E+01  0.3976E+01  0.3976E+01  0.6565E-01  0.6588E-01
0.1462E+01  0.3976E+01  0.3976E+01  0.6513E-01  0.6515E-01
0.1460E+01  0.3976E+01  0.3976E+01  0.6461E-01  0.6462E-01
0.1459E+01  0.3976E+01  0.3976E+01  0.6409E-01  0.6409E-01
0.1457E+01  0.3976E+01  0.3976E+01  0.6357E-01  0.6335E-01
0.1455E+01  0.3976E+01  0.3976E+01  0.6306E-01  0.6302E-01
0.1453E+01  0.3976E+01  0.3976E+01  0.6255E-01  0.6270E-01
0.1452E+01  0.3975E+01  0.3975E+01  0.6204E-01  0.6216E-01
0.1450E+01  0.3975E+01  0.3975E+01  0.6153E-01  0.6141E-01
0.1448E+01  0.3975E+01  0.3975E+01  0.6102E-01  0.6109E-01
0.1447E+01  0.3975E+01  0.3975E+01  0.6051E-01  0.6055E-01
0.1445E+01  0.3974E+01  0.3974E+01  0.6000E-01  0.6000E-01
0.1443E+01  0.3974E+01  0.3974E+01  0.5950E-01  0.5968E-01
0.1442E+01  0.3974E+01  0.3974E+01  0.5898E-01  0.5913E-01
0.1440E+01  0.3974E+01  0.3974E+01  0.5847E-01  0.5859E-01
0.1438E+01  0.3973E+01  0.3973E+01  0.5795E-01  0.5826E-01
0.1437E+01  0.3973E+01  0.3973E+01  0.5744E-01  0.5794E-01
0.1435E+01  0.3973E+01  0.3973E+01  0.5691E-01  0.5739E-01
0.1433E+01  0.3972E+01  0.3972E+01  0.5639E-01  0.5663E-01
0.1432E+01  0.3972E+01  0.3972E+01  0.5586E-01  0.5609E-01
0.1430E+01  0.3972E+01  0.3972E+01  0.5533E-01  0.5533E-01
0.1428E+01  0.3972E+01  0.3972E+01  0.5479E-01  0.5478E-01
0.1427E+01  0.3972E+01  0.3972E+01  0.5424E-01  0.5424E-01
0.1425E+01  0.3972E+01  0.3972E+01  0.5369E-01  0.5369E-01
0.1423E+01  0.3972E+01  0.3972E+01  0.5313E-01  0.5293E-01
0.1422E+01  0.3972E+01  0.3972E+01  0.5257E-01  0.5238E-01
0.1420E+01  0.3972E+01  0.3972E+01  0.5199E-01  0.5183E-01
0.1419E+01  0.3972E+01  0.3972E+01  0.5141E-01  0.5129E-01
0.1417E+01  0.3972E+01  0.3972E+01  0.5083E-01  0.5074E-01
0.1415E+01  0.3972E+01  0.3972E+01  0.5023E-01  0.4997E-01
0.1414E+01  0.3972E+01  0.3972E+01  0.4963E-01  0.4942E-01
0.1412E+01  0.3972E+01  0.3972E+01  0.4903E-01  0.4887E-01
0.1411E+01  0.3972E+01  0.3972E+01  0.4843E-01  0.4832E-01
0.1409E+01  0.3972E+01  0.3972E+01  0.4782E-01  0.4777E-01
0.1407E+01  0.3972E+01  0.3972E+01  0.4721E-01  0.4722E-01
0.1406E+01  0.3972E+01  0.3972E+01  0.4660E-01  0.4644E-01
0.1404E+01  0.3972E+01  0.3972E+01  0.4599E-01  0.4589E-01
0.1403E+01  0.3972E+01  0.3972E+01  0.4538E-01  0.4534E-01
0.1401E+01  0.3972E+01  0.3972E+01  0.4477E-01  0.4479E-01
0.1399E+01  0.3972E+01  0.3972E+01  0.4417E-01  0.4424E-01
0.1398E+01  0.3972E+01  0.3972E+01  0.4357E-01  0.4369E-01
0.1396E+01  0.3972E+01  0.3972E+01  0.4297E-01  0.4291E-01
0.1395E+01  0.3972E+01  0.3972E+01  0.4237E-01  0.4236E-01
0.1393E+01  0.3972E+01  0.3972E+01  0.4177E-01  0.4180E-01
0.1392E+01  0.3972E+01  0.3972E+01  0.4118E-01  0.4125E-01
0.1390E+01  0.3972E+01  0.3972E+01  0.4059E-01  0.4070E-01
0.1388E+01  0.3972E+01  0.3972E+01  0.4000E-01  0.4015E-01
0.1387E+01  0.3972E+01  0.3972E+01  0.3941E-01  0.3960E-01
0.1385E+01  0.3972E+01  0.3972E+01  0.3882E-01  0.3905E-01
0.1384E+01  0.3972E+01  0.3972E+01  0.3823E-01  0.3826E-01
0.1382E+01  0.3972E+01  0.3972E+01  0.3763E-01  0.3771E-01
0.1381E+01  0.3972E+01  0.3972E+01  0.3704E-01  0.3716E-01
0.1379E+01  0.3972E+01  0.3972E+01  0.3645E-01  0.3661E-01
0.1378E+01  0.3972E+01  0.3972E+01  0.3586E-01  0.3606E-01
0.1376E+01  0.3972E+01  0.3972E+01  0.3528E-01  0.3528E-01
0.1375E+01  0.3972E+01  0.3972E+01  0.3469E-01  0.3473E-01
0.1373E+01  0.3972E+01  0.3972E+01  0.3410E-01  0.3418E-01
0.1371E+01  0.3972E+01  0.3972E+01  0.3352E-01  0.3363E-01
0.1370E+01  0.3972E+01  0.3972E+01  0.3294E-01  0.3308E-01
0.1368E+01  0.3972E+01  0.3972E+01  0.3236E-01  0.3230E-01
0.1367E+01  0.3972E+01  0.3972E+01  0.3178E-01  0.3175E-01
0.1365E+01  0.3972E+01  0.3972E+01  0.3121E-01  0.3120E-01
0.1364E+01  0.3972E+01  0.3972E+01  0.3064E-01  0.3066E-01
0.1362E+01  0.3972E+01  0.3972E+01  0.3007E-01  0.3011E-01
0.1361E+01  0.3972E+01  0.3972E+01  0.2950E-01  0.2956E-01
0.1359E+01  0.3972E+01  0.3972E+01  0.2893E-01  0.2878E-01
0.1358E+01  0.3972E+01  0.3972E+01  0.2836E-01  0.2824E-01
0.1356E+01  0.3972E+01  0.3972E+01  0.2778E-01  0.2769E-01
0.1355E+01  0.3972E+01  0.3972E+01  0.2721E-01  0.2715E-01
0.1354E+01  0.3972E+01  0.3972E+01  0.2663E-01  0.2661E-01
0.1352E+01  0.3972E+01  0.3972E+01  0.2606E-01  0.2607E-01
0.1351E+01  0.3972E+01  0.3972E+01  0.2549E-01  0.2552E-01
0.1349E+01  0.3972E+01  0.3972E+01  0.2492E-01  0.2498E-01
0.1348E+01  0.3972E+01  0.3972E+01  0.2435E-01  0.2444E-01
0.1346E+01  0.3972E+01  0.3972E+01  0.2379E-01  0.2391E-01
0.1345E+01  0.3972E+01  0.3972E+01  0.2323E-01  0.2337E-01
0.1343E+01  0.3972E+01  0.3972E+01  0.2268E-01  0.2283E-01
0.1342E+01  0.3972E+01  0.3972E+01  0.2214E-01  0.2230E-01
0.1340E+01  0.3972E+01  0.3972E+01  0.2160E-01  0.2176E-01
0.1339E+01  0.3972E+01  0.3972E+01  0.2108E-01  0.2123E-01
0.1337E+01  0.3972E+01  0.3972E+01  0.2056E-01  0.2069E-01
0.1336E+01  0.3972E+01  0.3972E+01  0.2005E-01  0.2016E-01
0.1335E+01  0.3972E+01  0.3972E+01  0.1955E-01  0.1963E-01
0.1333E+01  0.3972E+01  0.3972E+01  0.1906E-01  0.1910E-01
0.1332E+01  0.3972E+01  0.3972E+01  0.1858E-01  0.1857E-01
0.1330E+01  0.3972E+01  0.3972E+01  0.1810E-01  0.1829E-01
0.1329E+01  0.3972E+01  0.3972E+01  0.1763E-01  0.1776E-01
0.1327E+01  0.3972E+01  0.3972E+01  0.1716E-01  0.1724E-01
0.1326E+01  0.3972E+01  0.3972E+01  0.1669E-01  0.1672E-01
0.1325E+01  0.3972E+01  0.3972E+01  0.1622E-01  0.1644E-01
0.1323E+01  0.3972E+01  0.3972E+01  0.1576E-01  0.1592E-01
0.1322E+01  0.3972E+01  0.3972E+01  0.1531E-01  0.1540E-01
0.1320E+01  0.3972E+01  0.3972E+01  0.1486E-01  0.1488E-01
0.1319E+01  0.3972E+01  0.3972E+01  0.1443E-01  0.1461E-01
0.1318E+01  0.3972E+01  0.3972E+01  0.1399E-01  0.1410E-01
0.1316E+01  0.3972E+01  0.3972E+01  0.1356E-01  0.1383E-01
0.1315E+01  0.3972E+01  0.3972E+01  0.1315E-01  0.1332E-01
0.1313E+01  0.3972E+01  0.3972E+01  0.1274E-01  0.1281E-01
0.1312E+01  0.3972E+01  0.3972E+01  0.1234E-01  0.1255E-01
0.1311E+01  0.3972E+01  0.3972E+01  0.1194E-01  0.1204E-01
0.1309E+01  0.3972E+01  0.3972E+01  0.1156E-01  0.1178E-01
0.1308E+01  0.3972E+01  0.3972E+01  0.1119E-01  0.1128E-01
0.1306E+01  0.3972E+01  0.3972E+01  0.1083E-01  0.1103E-01
0.1305E+01  0.3972E+01  0.3972E+01  0.1048E-01  0.1053E-01
0.1304E+01  0.3972E+01  0.3972E+01  0.1013E-01  0.1028E-01
0.1302E+01  0.3972E+01  0.3972E+01  0.9786E-02  0.9785E-02
0.1301E+01  0.3972E+01  0.3972E+01  0.9435E-02  0.9541E-02
0.1300E+01  0.3972E+01  0.3972E+01  0.9084E-02  0.9300E-02
0.1298E+01  0.3972E+01  0.3972E+01  0.8737E-02  0.8809E-02
0.1297E+01  0.3972E+01  0.3972E+01  0.8395E-02  0.8572E-02
0.1296E+01  0.3972E+01  0.3972E+01  0.8052E-02  0.8337E-02
0.1294E+01  0.3972E+01  0.3972E+01  0.7721E-02  0.7852E-02
0.1293E+01  0.3972E+01  0.3972E+01  0.7394E-02  0.7622E-02
0.1291E+01  0.3972E+01  0.3972E+01  0.7075E-02  0.7394E-02
0.1290E+01  0.3972E+01  0.3972E+01  0.6772E-02  0.7169E-02
0.1289E+01  0.3972E+01  0.3972E+01  0.6477E-02  0.6692E-02
0.1287E+01  0.3972E+01  0.3972E+01  0.6194E-02  0.6471E-02
0.1286E+01  0.3972E+01  0.3972E+01  0.5931E-02  0.6254E-02
0.1285E+01  0.3972E+01  0.3972E+01  0.5680E-02  0.6038E-02
0.1283E+01  0.3972E+01  0.3972E+01  0.5449E-02  0.5826E-02
0.1282E+01  0.3972E+01  0.3972E+01  0.5238E-02  0.5360E-02
0.1281E+01  0.3972E+01  0.3972E+01  0.5046E-02  0.5152E-02
0.1279E+01  0.3972E+01  0.3972E+01  0.4879E-02  0.4947E-02
0.1278E+01  0.3972E+01  0.3972E+01  0.4735E-02  0.4745E-02
0.1277E+01  0.3972E+01  0.3972E+01  0.4604E-02  0.4546E-02
0.1276E+01  0.3972E+01  0.3972E+01  0.4472E-02  0.4349E-02
0.1274E+01  0.3972E+01  0.3972E+01  0.4345E-02  0.4156E-02
0.1273E+01  0.3972E+01  0.3972E+01  0.4221E-02  0.4222E-02
0.1272E+01  0.3972E+01  0.3972E+01  0.4098E-02  0.4034E-02
0.1270E+01  0.3972E+01  0.3972E+01  0.3978E-02  0.3849E-02
0.1269E+01  0.3972E+01  0.3972E+01  0.3862E-02  0.3666E-02
0.1268E+01  0.3972E+01  0.3972E+01  0.3755E-02  0.3486E-02
0.1266E+01  0.3972E+01  0.3972E+01  0.3651E-02  0.3569E-02
0.1265E+01  0.3972E+01  0.3972E+01  0.3552E-02  0.3395E-02
0.1264E+01  0.3972E+01  0.3972E+01  0.3460E-02  0.3224E-02
0.1263E+01  0.3972E+01  0.3972E+01  0.3376E-02  0.3316E-02
0.1261E+01  0.3972E+01  0.3972E+01  0.3296E-02  0.3151E-02
0.1260E+01  0.3972E+01  0.3972E+01  0.3229E-02  0.2989E-02
0.1259E+01  0.3972E+01  0.3972E+01  0.3169E-02  0.3092E-02
0.1257E+01  0.3972E+01  0.3972E+01  0.3117E-02  0.2936E-02
0.1256E+01  0.3972E+01  0.3972E+01  0.3077E-02  0.3045E-02
0.1255E+01  0.3972E+01  0.3972E+01  0.3049E-02  0.2895E-02
0.1254E+01  0.3972E+01  0.3972E+01  0.3033E-02  0.3011E-02
0.1252E+01  0.3972E+01  0.3972E+01  0.3025E-02  0.3132E-02
0.1251E+01  0.3972E+01  0.3972E+01  0.3033E-02  0.2991E-02
0.1250E+01  0.3972E+01  0.3972E+01  0.3049E-02  0.3119E-02
0.1249E+01  0.3972E+01  0.3972E+01  0.3085E-02  0.3250E-02
0.1247E+01  0.3972E+01  0.3972E+01  0.3133E-02  0.3119E-02
0.1246E+01  0.3972E+01  0.3972E+01  0.3193E-02  0.3258E-02
0.1245E+01  0.3972E+01  0.3972E+01  0.3273E-02  0.3400E-02
0.1244E+01  0.3972E+01  0.3972E+01  0.3364E-02  0.3546E-02
0.1242E+01  0.3972E+01  0.3972E+01  0.3476E-02  0.3429E-02
0.1241E+01  0.3972E+01  0.3972E+01  0.3603E-02  0.3582E-02
0.1240E+01  0.3972E+01  0.3972E+01  0.3747E-02  0.3739E-02
