0.4500E+03  0.1148E+00  0.1921E-01  0.4414E-01  0.6171E-01  0.1635E+00
0.4510E+03  0.1149E+00  0.1924E-01  0.4412E-01  0.6172E-01  0.1635E+00
0.4520E+03  0.1149E+00  0.1927E-01  0.4411E-01  0.6174E-01  0.1636E+00
0.4530E+03  0.1149E+00  0.1929E-01  0.4410E-01  0.6175E-01  0.1636E+00
0.4540E+03  0.1150E+00  0.1932E-01  0.4409E-01  0.6176E-01  0.1636E+00
0.4550E+03  0.1150E+00  0.1934E-01  0.4408E-01  0.6176E-01  0.1637E+00
0.4560E+03  0.1150E+00  0.1936E-01  0.4407E-01  0.6177E-01  0.1637E+00
0.4570E+03  0.1150E+00  0.1937E-01  0.4406E-01  0.6177E-01  0.1637E+00
0.4580E+03  0.1151E+00  0.1939E-01  0.4404E-01  0.6178E-01  0.1637E+00
0.4590E+03  0.1151E+00  0.1940E-01  0.4403E-01  0.6178E-01  0.1637E+00
0.4600E+03  0.1151E+00  0.1942E-01  0.4402E-01  0.6178E-01  0.1637E+00
0.4610E+03  0.1151E+00  0.1943E-01  0.4401E-01  0.6178E-01  0.1638E+00
0.4620E+03  0.1151E+00  0.1944E-01  0.4400E-01  0.6178E-01  0.1638E+00
0.4630E+03  0.1151E+00  0.1945E-01  0.4399E-01  0.6178E-01  0.1638E+00
0.4640E+03  0.1151E+00  0.1946E-01  0.4398E-01  0.6178E-01  0.1638E+00
0.4650E+03  0.1151E+00  0.1947E-01  0.4397E-01  0.6178E-01  0.1638E+00
0.4660E+03  0.1151E+00  0.1947E-01  0.4396E-01  0.6177E-01  0.1638E+00
0.4670E+03  0.1151E+00  0.1948E-01  0.4395E-01  0.6177E-01  0.1638E+00
0.4680E+03  0.1151E+00  0.1949E-01  0.4394E-01  0.6176E-01  0.1638E+00
0.4690E+03  0.1151E+00  0.1949E-01  0.4393E-01  0.6176E-01  0.1638E+00
0.4700E+03  0.1151E+00  0.1950E-01  0.4392E-01  0.6176E-01  0.1638E+00
0.4710E+03  0.1151E+00  0.1949E-01  0.4390E-01  0.6173E-01  0.1638E+00
0.4720E+03  0.1150E+00  0.1948E-01  0.4389E-01  0.6171E-01  0.1637E+00
0.4730E+03  0.1150E+00  0.1947E-01  0.4388E-01  0.6170E-01  0.1637E+00
0.4740E+03  0.1150E+00  0.1946E-01  0.4387E-01  0.6168E-01  0.1636E+00
0.4750E+03  0.1149E+00  0.1944E-01  0.4386E-01  0.6165E-01  0.1636E+00
0.4760E+03  0.1149E+00  0.1943E-01  0.4385E-01  0.6163E-01  0.1635E+00
0.4770E+03  0.1148E+00  0.1940E-01  0.4384E-01  0.6160E-01  0.1634E+00
0.4780E+03  0.1148E+00  0.1940E-01  0.4383E-01  0.6158E-01  0.1634E+00
0.4790E+03  0.1147E+00  0.1938E-01  0.4382E-01  0.6155E-01  0.1633E+00
0.4800E+03  0.1146E+00  0.1936E-01  0.4381E-01  0.6153E-01  0.1632E+00
0.4810E+03  0.1146E+00  0.1934E-01  0.4380E-01  0.6151E-01  0.1632E+00
0.4820E+03  0.1145E+00  0.1932E-01  0.4380E-01  0.6147E-01  0.1631E+00
0.4830E+03  0.1145E+00  0.1930E-01  0.4379E-01  0.6144E-01  0.1630E+00
0.4840E+03  0.1144E+00  0.1927E-01  0.4378E-01  0.6142E-01  0.1629E+00
0.4850E+03  0.1143E+00  0.1926E-01  0.4377E-01  0.6139E-01  0.1628E+00
0.4860E+03  0.1143E+00  0.1924E-01  0.4376E-01  0.6137E-01  0.1628E+00
0.4870E+03  0.1142E+00  0.1921E-01  0.4375E-01  0.6133E-01  0.1627E+00
0.4880E+03  0.1142E+00  0.1920E-01  0.4374E-01  0.6131E-01  0.1626E+00
0.4890E+03  0.1141E+00  0.1918E-01  0.4373E-01  0.6128E-01  0.1626E+00
0.4900E+03  0.1140E+00  0.1915E-01  0.4372E-01  0.6124E-01  0.1624E+00
0.4910E+03  0.1140E+00  0.1913E-01  0.4371E-01  0.6122E-01  0.1624E+00
0.4920E+03  0.1139E+00  0.1910E-01  0.4370E-01  0.6118E-01  0.1623E+00
0.4930E+03  0.1139E+00  0.1908E-01  0.4369E-01  0.6116E-01  0.1622E+00
0.4940E+03  0.1138E+00  0.1906E-01  0.4368E-01  0.6112E-01  0.1621E+00
0.4950E+03  0.1137E+00  0.1903E-01  0.4367E-01  0.6109E-01  0.1620E+00
0.4960E+03  0.1136E+00  0.1901E-01  0.4367E-01  0.6106E-01  0.1620E+00
0.4970E+03  0.1136E+00  0.1899E-01  0.4366E-01  0.6104E-01  0.1619E+00
0.4980E+03  0.1135E+00  0.1897E-01  0.4365E-01  0.6101E-01  0.1618E+00
0.4990E+03  0.1134E+00  0.1894E-01  0.4364E-01  0.6097E-01  0.1617E+00
0.5000E+03  0.1134E+00  0.1892E-01  0.4363E-01  0.6095E-01  0.1616E+00
0.5010E+03  0.1133E+00  0.1889E-01  0.4362E-01  0.6091E-01  0.1615E+00
0.5020E+03  0.1133E+00  0.1886E-01  0.4361E-01  0.6088E-01  0.1615E+00
0.5030E+03  0.1132E+00  0.1884E-01  0.4360E-01  0.6085E-01  0.1614E+00
0.5040E+03  0.1131E+00  0.1881E-01  0.4360E-01  0.6082E-01  0.1613E+00
0.5050E+03  0.1130E+00  0.1879E-01  0.4359E-01  0.6079E-01  0.1612E+00
0.5060E+03  0.1130E+00  0.1877E-01  0.4358E-01  0.6076E-01  0.1611E+00
0.5070E+03  0.1129E+00  0.1874E-01  0.4357E-01  0.6073E-01  0.1610E+00
0.5080E+03  0.1129E+00  0.1872E-01  0.4356E-01  0.6070E-01  0.1610E+00
0.5090E+03  0.1128E+00  0.1870E-01  0.4355E-01  0.6067E-01  0.1609E+00
0.5100E+03  0.1127E+00  0.1867E-01  0.4355E-01  0.6064E-01  0.1608E+00
0.5110E+03  0.1127E+00  0.1865E-01  0.4354E-01  0.6062E-01  0.1607E+00
0.5120E+03  0.1126E+00  0.1862E-01  0.4353E-01  0.6058E-01  0.1606E+00
0.5130E+03  0.1125E+00  0.1861E-01  0.4352E-01  0.6056E-01  0.1606E+00
0.5140E+03  0.1125E+00  0.1859E-01  0.4351E-01  0.6053E-01  0.1605E+00
0.5150E+03  0.1124E+00  0.1856E-01  0.4350E-01  0.6050E-01  0.1604E+00
0.5160E+03  0.1124E+00  0.1855E-01  0.4350E-01  0.6048E-01  0.1603E+00
0.5170E+03  0.1123E+00  0.1852E-01  0.4349E-01  0.6044E-01  0.1603E+00
0.5180E+03  0.1123E+00  0.1850E-01  0.4348E-01  0.6042E-01  0.1602E+00
0.5190E+03  0.1122E+00  0.1848E-01  0.4347E-01  0.6039E-01  0.1601E+00
0.5200E+03  0.1121E+00  0.1846E-01  0.4347E-01  0.6037E-01  0.1601E+00
0.5210E+03  0.1121E+00  0.1845E-01  0.4346E-01  0.6035E-01  0.1600E+00
0.5220E+03  0.1120E+00  0.1842E-01  0.4345E-01  0.6032E-01  0.1599E+00
0.5230E+03  0.1120E+00  0.1841E-01  0.4344E-01  0.6030E-01  0.1599E+00
0.5240E+03  0.1119E+00  0.1838E-01  0.4343E-01  0.6027E-01  0.1598E+00
0.5250E+03  0.1119E+00  0.1837E-01  0.4343E-01  0.6025E-01  0.1597E+00
0.5260E+03  0.1118E+00  0.1836E-01  0.4342E-01  0.6023E-01  0.1597E+00
0.5270E+03  0.1118E+00  0.1833E-01  0.4341E-01  0.6020E-01  0.1596E+00
0.5280E+03  0.1117E+00  0.1832E-01  0.4340E-01  0.6018E-01  0.1595E+00
0.5290E+03  0.1117E+00  0.1831E-01  0.4340E-01  0.6017E-01  0.1595E+00
0.5300E+03  0.1117E+00  0.1830E-01  0.4339E-01  0.6015E-01  0.1594E+00
0.5310E+03  0.1116E+00  0.1828E-01  0.4338E-01  0.6013E-01  0.1594E+00
0.5320E+03  0.1116E+00  0.1827E-01  0.4337E-01  0.6011E-01  0.1593E+00
0.5330E+03  0.1115E+00  0.1826E-01  0.4337E-01  0.6009E-01  0.1593E+00
0.5340E+03  0.1115E+00  0.1825E-01  0.4336E-01  0.6007E-01  0.1592E+00
0.5350E+03  0.1115E+00  0.1823E-01  0.4335E-01  0.6005E-01  0.1592E+00
0.5360E+03  0.1114E+00  0.1822E-01  0.4335E-01  0.6003E-01  0.1591E+00
0.5370E+03  0.1114E+00  0.1820E-01  0.4334E-01  0.6001E-01  0.1591E+00
0.5380E+03  0.1114E+00  0.1820E-01  0.4333E-01  0.6000E-01  0.1591E+00
0.5390E+03  0.1113E+00  0.1819E-01  0.4332E-01  0.5998E-01  0.1590E+00
0.5400E+03  0.1113E+00  0.1819E-01  0.4332E-01  0.5998E-01  0.1590E+00
0.5410E+03  0.1113E+00  0.1817E-01  0.4331E-01  0.5995E-01  0.1589E+00
0.5420E+03  0.1112E+00  0.1817E-01  0.4330E-01  0.5995E-01  0.1589E+00
0.5430E+03  0.1112E+00  0.1816E-01  0.4330E-01  0.5993E-01  0.1589E+00
0.5440E+03  0.1112E+00  0.1816E-01  0.4329E-01  0.5992E-01  0.1588E+00
0.5450E+03  0.1112E+00  0.1815E-01  0.4328E-01  0.5991E-01  0.1588E+00
0.5460E+03  0.1112E+00  0.1815E-01  0.4328E-01  0.5990E-01  0.1588E+00
0.5470E+03  0.1111E+00  0.1814E-01  0.4327E-01  0.5989E-01  0.1588E+00
0.5480E+03  0.1111E+00  0.1814E-01  0.4326E-01  0.5988E-01  0.1587E+00
0.5490E+03  0.1111E+00  0.1814E-01  0.4326E-01  0.5988E-01  0.1587E+00
0.5500E+03  0.1111E+00  0.1815E-01  0.4325E-01  0.5987E-01  0.1587E+00
0.5510E+03  0.1111E+00  0.1815E-01  0.4324E-01  0.5987E-01  0.1587E+00
0.5520E+03  0.1111E+00  0.1816E-01  0.4324E-01  0.5987E-01  0.1587E+00
0.5530E+03  0.1111E+00  0.1817E-01  0.4323E-01  0.5987E-01  0.1587E+00
0.5540E+03  0.1111E+00  0.1818E-01  0.4322E-01  0.5988E-01  0.1588E+00
0.5550E+03  0.1112E+00  0.1819E-01  0.4322E-01  0.5988E-01  0.1588E+00
0.5560E+03  0.1112E+00  0.1820E-01  0.4321E-01  0.5988E-01  0.1588E+00
0.5570E+03  0.1112E+00  0.1821E-01  0.4320E-01  0.5989E-01  0.1588E+00
0.5580E+03  0.1112E+00  0.1823E-01  0.4320E-01  0.5990E-01  0.1588E+00
0.5590E+03  0.1112E+00  0.1824E-01  0.4319E-01  0.5990E-01  0.1589E+00
0.5600E+03  0.1113E+00  0.1825E-01  0.4318E-01  0.5991E-01  0.1589E+00
0.5610E+03  0.1113E+00  0.1827E-01  0.4318E-01  0.5992E-01  0.1589E+00
0.5620E+03  0.1113E+00  0.1828E-01  0.4317E-01  0.5992E-01  0.1589E+00
0.5630E+03  0.1113E+00  0.1830E-01  0.4317E-01  0.5993E-01  0.1589E+00
0.5640E+03  0.1113E+00  0.1831E-01  0.4316E-01  0.5994E-01  0.1589E+00
0.5650E+03  0.1114E+00  0.1832E-01  0.4315E-01  0.5994E-01  0.1590E+00
0.5660E+03  0.1114E+00  0.1833E-01  0.4315E-01  0.5994E-01  0.1590E+00
0.5670E+03  0.1114E+00  0.1834E-01  0.4314E-01  0.5995E-01  0.1590E+00
0.5680E+03  0.1114E+00  0.1835E-01  0.4313E-01  0.5995E-01  0.1590E+00
0.5690E+03  0.1114E+00  0.1836E-01  0.4313E-01  0.5995E-01  0.1590E+00
0.5700E+03  0.1114E+00  0.1836E-01  0.4312E-01  0.5995E-01  0.1589E+00
0.5710E+03  0.1114E+00  0.1837E-01  0.4312E-01  0.5995E-01  0.1589E+00
0.5720E+03  0.1114E+00  0.1837E-01  0.4311E-01  0.5994E-01  0.1589E+00
0.5730E+03  0.1114E+00  0.1837E-01  0.4310E-01  0.5994E-01  0.1589E+00
0.5740E+03  0.1114E+00  0.1837E-01  0.4310E-01  0.5993E-01  0.1588E+00
0.5750E+03  0.1114E+00  0.1837E-01  0.4309E-01  0.5993E-01  0.1588E+00
0.5760E+03  0.1114E+00  0.1837E-01  0.4309E-01  0.5992E-01  0.1587E+00
0.5770E+03  0.1114E+00  0.1837E-01  0.4308E-01  0.5991E-01  0.1587E+00
0.5780E+03  0.1113E+00  0.1836E-01  0.4307E-01  0.5990E-01  0.1587E+00
0.5790E+03  0.1113E+00  0.1836E-01  0.4307E-01  0.5989E-01  0.1586E+00
0.5800E+03  0.1113E+00  0.1836E-01  0.4306E-01  0.5988E-01  0.1585E+00
0.5810E+03  0.1113E+00  0.1835E-01  0.4306E-01  0.5987E-01  0.1585E+00
0.5820E+03  0.1113E+00  0.1834E-01  0.4305E-01  0.5986E-01  0.1584E+00
0.5830E+03  0.1112E+00  0.1834E-01  0.4305E-01  0.5985E-01  0.1584E+00
0.5840E+03  0.1112E+00  0.1833E-01  0.4304E-01  0.5984E-01  0.1583E+00
0.5850E+03  0.1112E+00  0.1833E-01  0.4303E-01  0.5983E-01  0.1583E+00
0.5860E+03  0.1112E+00  0.1832E-01  0.4303E-01  0.5982E-01  0.1582E+00
0.5870E+03  0.1112E+00  0.1832E-01  0.4302E-01  0.5981E-01  0.1581E+00
0.5880E+03  0.1111E+00  0.1831E-01  0.4302E-01  0.5980E-01  0.1581E+00
0.5890E+03  0.1111E+00  0.1831E-01  0.4301E-01  0.5980E-01  0.1580E+00
0.5900E+03  0.1111E+00  0.1831E-01  0.4301E-01  0.5979E-01  0.1580E+00
0.5910E+03  0.1111E+00  0.1831E-01  0.4300E-01  0.5978E-01  0.1579E+00
0.5920E+03  0.1111E+00  0.1830E-01  0.4300E-01  0.5977E-01  0.1579E+00
0.5930E+03  0.1111E+00  0.1830E-01  0.4299E-01  0.5976E-01  0.1578E+00
0.5940E+03  0.1111E+00  0.1830E-01  0.4298E-01  0.5976E-01  0.1578E+00
0.5950E+03  0.1110E+00  0.1829E-01  0.4298E-01  0.5975E-01  0.1577E+00
0.5960E+03  0.1110E+00  0.1829E-01  0.4297E-01  0.5974E-01  0.1577E+00
0.5970E+03  0.1110E+00  0.1829E-01  0.4297E-01  0.5973E-01  0.1576E+00
0.5980E+03  0.1110E+00  0.1829E-01  0.4296E-01  0.5973E-01  0.1575E+00
0.5990E+03  0.1110E+00  0.1828E-01  0.4296E-01  0.5972E-01  0.1575E+00
0.6000E+03  0.1110E+00  0.1828E-01  0.4295E-01  0.5971E-01  0.1574E+00
0.6010E+03  0.1110E+00  0.1828E-01  0.4295E-01  0.5970E-01  0.1574E+00
0.6020E+03  0.1109E+00  0.1828E-01  0.4294E-01  0.5970E-01  0.1573E+00
0.6030E+03  0.1109E+00  0.1827E-01  0.4294E-01  0.5969E-01  0.1573E+00
0.6040E+03  0.1109E+00  0.1827E-01  0.4293E-01  0.5968E-01  0.1572E+00
0.6050E+03  0.1109E+00  0.1827E-01  0.4293E-01  0.5967E-01  0.1572E+00
0.6060E+03  0.1109E+00  0.1826E-01  0.4292E-01  0.5966E-01  0.1571E+00
0.6070E+03  0.1109E+00  0.1826E-01  0.4292E-01  0.5966E-01  0.1570E+00
0.6080E+03  0.1109E+00  0.1826E-01  0.4291E-01  0.5965E-01  0.1570E+00
0.6090E+03  0.1108E+00  0.1825E-01  0.4291E-01  0.5964E-01  0.1569E+00
0.6100E+03  0.1108E+00  0.1825E-01  0.4290E-01  0.5963E-01  0.1569E+00
0.6110E+03  0.1108E+00  0.1824E-01  0.4290E-01  0.5962E-01  0.1568E+00
0.6120E+03  0.1108E+00  0.1824E-01  0.4289E-01  0.5961E-01  0.1567E+00
0.6130E+03  0.1108E+00  0.1823E-01  0.4289E-01  0.5960E-01  0.1567E+00
0.6140E+03  0.1107E+00  0.1822E-01  0.4288E-01  0.5958E-01  0.1566E+00
0.6150E+03  0.1107E+00  0.1821E-01  0.4288E-01  0.5957E-01  0.1565E+00
0.6160E+03  0.1107E+00  0.1820E-01  0.4287E-01  0.5956E-01  0.1564E+00
0.6170E+03  0.1106E+00  0.1819E-01  0.4287E-01  0.5954E-01  0.1563E+00
0.6180E+03  0.1106E+00  0.1818E-01  0.4286E-01  0.5953E-01  0.1563E+00
0.6190E+03  0.1106E+00  0.1817E-01  0.4286E-01  0.5952E-01  0.1562E+00
0.6200E+03  0.1106E+00  0.1816E-01  0.4285E-01  0.5950E-01  0.1561E+00
0.6210E+03  0.1105E+00  0.1815E-01  0.4285E-01  0.5949E-01  0.1560E+00
0.6220E+03  0.1105E+00  0.1814E-01  0.4284E-01  0.5948E-01  0.1559E+00
0.6230E+03  0.1105E+00  0.1814E-01  0.4284E-01  0.5947E-01  0.1559E+00
0.6240E+03  0.1104E+00  0.1813E-01  0.4283E-01  0.5945E-01  0.1558E+00
0.6250E+03  0.1104E+00  0.1812E-01  0.4283E-01  0.5944E-01  0.1557E+00
0.6260E+03  0.1104E+00  0.1812E-01  0.4282E-01  0.5944E-01  0.1557E+00
0.6270E+03  0.1104E+00  0.1811E-01  0.4282E-01  0.5943E-01  0.1556E+00
0.6280E+03  0.1104E+00  0.1811E-01  0.4281E-01  0.5942E-01  0.1556E+00
0.6290E+03  0.1104E+00  0.1811E-01  0.4281E-01  0.5942E-01  0.1555E+00
0.6300E+03  0.1104E+00  0.1812E-01  0.4280E-01  0.5941E-01  0.1555E+00
0.6310E+03  0.1104E+00  0.1812E-01  0.4280E-01  0.5941E-01  0.1554E+00
0.6320E+03  0.1104E+00  0.1812E-01  0.4280E-01  0.5941E-01  0.1554E+00
0.6330E+03  0.1104E+00  0.1813E-01  0.4279E-01  0.5941E-01  0.1553E+00
0.6340E+03  0.1104E+00  0.1813E-01  0.4279E-01  0.5941E-01  0.1553E+00
0.6350E+03  0.1104E+00  0.1813E-01  0.4278E-01  0.5941E-01  0.1553E+00
0.6360E+03  0.1104E+00  0.1813E-01  0.4278E-01  0.5941E-01  0.1552E+00
0.6370E+03  0.1104E+00  0.1814E-01  0.4277E-01  0.5940E-01  0.1552E+00
0.6380E+03  0.1104E+00  0.1814E-01  0.4277E-01  0.5940E-01  0.1551E+00
0.6390E+03  0.1104E+00  0.1814E-01  0.4276E-01  0.5940E-01  0.1551E+00
0.6400E+03  0.1104E+00  0.1815E-01  0.4276E-01  0.5940E-01  0.1550E+00
0.6410E+03  0.1104E+00  0.1815E-01  0.4275E-01  0.5940E-01  0.1550E+00
0.6420E+03  0.1104E+00  0.1815E-01  0.4275E-01  0.5940E-01  0.1550E+00
0.6430E+03  0.1104E+00  0.1816E-01  0.4275E-01  0.5940E-01  0.1549E+00
0.6440E+03  0.1104E+00  0.1816E-01  0.4274E-01  0.5940E-01  0.1549E+00
0.6450E+03  0.1104E+00  0.1816E-01  0.4274E-01  0.5939E-01  0.1548E+00
0.6460E+03  0.1104E+00  0.1817E-01  0.4273E-01  0.5939E-01  0.1548E+00
0.6470E+03  0.1104E+00  0.1817E-01  0.4273E-01  0.5939E-01  0.1548E+00
0.6480E+03  0.1104E+00  0.1817E-01  0.4272E-01  0.5939E-01  0.1547E+00
0.6490E+03  0.1104E+00  0.1818E-01  0.4272E-01  0.5939E-01  0.1547E+00
0.6500E+03  0.1104E+00  0.1818E-01  0.4272E-01  0.5939E-01  0.1546E+00
0.6510E+03  0.1104E+00  0.1818E-01  0.4271E-01  0.5939E-01  0.1546E+00
0.6520E+03  0.1104E+00  0.1819E-01  0.4271E-01  0.5938E-01  0.1546E+00
0.6530E+03  0.1104E+00  0.1819E-01  0.4270E-01  0.5938E-01  0.1545E+00
0.6540E+03  0.1104E+00  0.1819E-01  0.4270E-01  0.5938E-01  0.1545E+00
0.6550E+03  0.1104E+00  0.1819E-01  0.4269E-01  0.5938E-01  0.1544E+00
0.6560E+03  0.1104E+00  0.1820E-01  0.4269E-01  0.5938E-01  0.1544E+00
0.6570E+03  0.1104E+00  0.1820E-01  0.4269E-01  0.5938E-01  0.1544E+00
0.6580E+03  0.1104E+00  0.1820E-01  0.4268E-01  0.5938E-01  0.1543E+00
0.6590E+03  0.1104E+00  0.1821E-01  0.4268E-01  0.5938E-01  0.1543E+00
0.6600E+03  0.1104E+00  0.1821E-01  0.4267E-01  0.5938E-01  0.1543E+00
0.6610E+03  0.1104E+00  0.1821E-01  0.4267E-01  0.5937E-01  0.1542E+00
0.6620E+03  0.1104E+00  0.1822E-01  0.4266E-01  0.5937E-01  0.1542E+00
0.6630E+03  0.1104E+00  0.1822E-01  0.4266E-01  0.5937E-01  0.1542E+00
0.6640E+03  0.1104E+00  0.1822E-01  0.4266E-01  0.5937E-01  0.1541E+00
0.6650E+03  0.1104E+00  0.1823E-01  0.4265E-01  0.5937E-01  0.1541E+00
0.6660E+03  0.1104E+00  0.1823E-01  0.4265E-01  0.5937E-01  0.1540E+00
0.6670E+03  0.1104E+00  0.1823E-01  0.4264E-01  0.5937E-01  0.1540E+00
0.6680E+03  0.1104E+00  0.1823E-01  0.4264E-01  0.5937E-01  0.1540E+00
0.6690E+03  0.1104E+00  0.1824E-01  0.4264E-01  0.5936E-01  0.1539E+00
0.6700E+03  0.1104E+00  0.1824E-01  0.4263E-01  0.5936E-01  0.1539E+00
0.6710E+03  0.1104E+00  0.1824E-01  0.4263E-01  0.5936E-01  0.1539E+00
0.6720E+03  0.1104E+00  0.1824E-01  0.4262E-01  0.5936E-01  0.1538E+00
0.6730E+03  0.1104E+00  0.1825E-01  0.4262E-01  0.5936E-01  0.1538E+00
0.6740E+03  0.1104E+00  0.1825E-01  0.4262E-01  0.5935E-01  0.1537E+00
0.6750E+03  0.1104E+00  0.1824E-01  0.4261E-01  0.5935E-01  0.1537E+00
0.6760E+03  0.1104E+00  0.1824E-01  0.4261E-01  0.5934E-01  0.1536E+00
0.6770E+03  0.1103E+00  0.1824E-01  0.4260E-01  0.5934E-01  0.1536E+00
0.6780E+03  0.1103E+00  0.1824E-01  0.4260E-01  0.5933E-01  0.1535E+00
0.6790E+03  0.1103E+00  0.1824E-01  0.4260E-01  0.5933E-01  0.1535E+00
0.6800E+03  0.1103E+00  0.1824E-01  0.4259E-01  0.5932E-01  0.1535E+00
0.6810E+03  0.1103E+00  0.1823E-01  0.4259E-01  0.5932E-01  0.1534E+00
0.6820E+03  0.1103E+00  0.1823E-01  0.4259E-01  0.5931E-01  0.1534E+00
0.6830E+03  0.1103E+00  0.1823E-01  0.4258E-01  0.5931E-01  0.1533E+00
0.6840E+03  0.1103E+00  0.1823E-01  0.4258E-01  0.5930E-01  0.1533E+00
0.6850E+03  0.1103E+00  0.1823E-01  0.4257E-01  0.5930E-01  0.1532E+00
0.6860E+03  0.1103E+00  0.1823E-01  0.4257E-01  0.5929E-01  0.1532E+00
0.6870E+03  0.1103E+00  0.1823E-01  0.4257E-01  0.5929E-01  0.1531E+00
0.6880E+03  0.1103E+00  0.1823E-01  0.4256E-01  0.5929E-01  0.1531E+00
0.6890E+03  0.1102E+00  0.1823E-01  0.4256E-01  0.5928E-01  0.1531E+00
0.6900E+03  0.1102E+00  0.1823E-01  0.4256E-01  0.5928E-01  0.1530E+00
0.6910E+03  0.1102E+00  0.1824E-01  0.4255E-01  0.5928E-01  0.1530E+00
0.6920E+03  0.1103E+00  0.1824E-01  0.4255E-01  0.5928E-01  0.1530E+00
0.6930E+03  0.1103E+00  0.1824E-01  0.4254E-01  0.5928E-01  0.1530E+00
0.6940E+03  0.1103E+00  0.1825E-01  0.4254E-01  0.5928E-01  0.1529E+00
0.6950E+03  0.1103E+00  0.1826E-01  0.4254E-01  0.5929E-01  0.1529E+00
0.6960E+03  0.1103E+00  0.1826E-01  0.4253E-01  0.5929E-01  0.1529E+00
0.6970E+03  0.1103E+00  0.1827E-01  0.4253E-01  0.5929E-01  0.1529E+00
0.6980E+03  0.1103E+00  0.1828E-01  0.4253E-01  0.5930E-01  0.1529E+00
0.6990E+03  0.1103E+00  0.1829E-01  0.4252E-01  0.5930E-01  0.1529E+00
0.7000E+03  0.1103E+00  0.1829E-01  0.4252E-01  0.5930E-01  0.1528E+00
0.7010E+03  0.1103E+00  0.1830E-01  0.4252E-01  0.5931E-01  0.1528E+00
0.7020E+03  0.1103E+00  0.1831E-01  0.4251E-01  0.5931E-01  0.1528E+00
0.7030E+03  0.1104E+00  0.1832E-01  0.4251E-01  0.5931E-01  0.1528E+00
0.7040E+03  0.1104E+00  0.1832E-01  0.4251E-01  0.5932E-01  0.1528E+00
0.7050E+03  0.1104E+00  0.1833E-01  0.4250E-01  0.5932E-01  0.1528E+00
0.7060E+03  0.1104E+00  0.1834E-01  0.4250E-01  0.5932E-01  0.1528E+00
0.7070E+03  0.1104E+00  0.1834E-01  0.4249E-01  0.5932E-01  0.1528E+00
0.7080E+03  0.1104E+00  0.1835E-01  0.4249E-01  0.5932E-01  0.1527E+00
0.7090E+03  0.1104E+00  0.1835E-01  0.4249E-01  0.5933E-01  0.1527E+00
0.7100E+03  0.1104E+00  0.1835E-01  0.4248E-01  0.5932E-01  0.1527E+00
0.7110E+03  0.1104E+00  0.1836E-01  0.4248E-01  0.5932E-01  0.1527E+00
0.7120E+03  0.1104E+00  0.1836E-01  0.4248E-01  0.5932E-01  0.1527E+00
0.7130E+03  0.1104E+00  0.1836E-01  0.4247E-01  0.5932E-01  0.1526E+00
0.7140E+03  0.1104E+00  0.1836E-01  0.4247E-01  0.5931E-01  0.1526E+00
0.7150E+03  0.1104E+00  0.1836E-01  0.4247E-01  0.5931E-01  0.1526E+00
0.7160E+03  0.1104E+00  0.1836E-01  0.4246E-01  0.5931E-01  0.1525E+00
0.7170E+03  0.1104E+00  0.1835E-01  0.4246E-01  0.5930E-01  0.1525E+00
0.7180E+03  0.1104E+00  0.1835E-01  0.4246E-01  0.5930E-01  0.1525E+00
0.7190E+03  0.1103E+00  0.1835E-01  0.4245E-01  0.5929E-01  0.1525E+00
0.7200E+03  0.1103E+00  0.1835E-01  0.4245E-01  0.5929E-01  0.1524E+00
0.7210E+03  0.1103E+00  0.1834E-01  0.4245E-01  0.5928E-01  0.1524E+00
0.7220E+03  0.1103E+00  0.1834E-01  0.4244E-01  0.5927E-01  0.1524E+00
0.7230E+03  0.1103E+00  0.1834E-01  0.4244E-01  0.5927E-01  0.1523E+00
0.7240E+03  0.1103E+00  0.1834E-01  0.4244E-01  0.5926E-01  0.1523E+00
0.7250E+03  0.1103E+00  0.1834E-01  0.4243E-01  0.5926E-01  0.1523E+00
0.7260E+03  0.1103E+00  0.1834E-01  0.4243E-01  0.5926E-01  0.1523E+00
0.7270E+03  0.1103E+00  0.1833E-01  0.4243E-01  0.5925E-01  0.1523E+00
0.7280E+03  0.1103E+00  0.1834E-01  0.4242E-01  0.5925E-01  0.1522E+00
0.7290E+03  0.1103E+00  0.1834E-01  0.4242E-01  0.5925E-01  0.1522E+00
0.7300E+03  0.1103E+00  0.1834E-01  0.4242E-01  0.5925E-01  0.1522E+00
0.7310E+03  0.1103E+00  0.1834E-01  0.4241E-01  0.5924E-01  0.1522E+00
0.7320E+03  0.1103E+00  0.1834E-01  0.4241E-01  0.5924E-01  0.1522E+00
0.7330E+03  0.1103E+00  0.1835E-01  0.4241E-01  0.5924E-01  0.1522E+00
0.7340E+03  0.1103E+00  0.1835E-01  0.4240E-01  0.5924E-01  0.1521E+00
0.7350E+03  0.1103E+00  0.1835E-01  0.4240E-01  0.5924E-01  0.1521E+00
0.7360E+03  0.1103E+00  0.1835E-01  0.4240E-01  0.5924E-01  0.1521E+00
0.7370E+03  0.1103E+00  0.1835E-01  0.4239E-01  0.5924E-01  0.1521E+00
0.7380E+03  0.1103E+00  0.1836E-01  0.4239E-01  0.5924E-01  0.1521E+00
0.7390E+03  0.1103E+00  0.1836E-01  0.4239E-01  0.5924E-01  0.1521E+00
0.7400E+03  0.1103E+00  0.1836E-01  0.4239E-01  0.5924E-01  0.1521E+00
0.7410E+03  0.1103E+00  0.1836E-01  0.4238E-01  0.5924E-01  0.1521E+00
0.7420E+03  0.1103E+00  0.1837E-01  0.4238E-01  0.5923E-01  0.1521E+00
0.7430E+03  0.1103E+00  0.1837E-01  0.4238E-01  0.5923E-01  0.1521E+00
0.7440E+03  0.1103E+00  0.1837E-01  0.4237E-01  0.5923E-01  0.1521E+00
0.7450E+03  0.1103E+00  0.1837E-01  0.4237E-01  0.5923E-01  0.1521E+00
0.7460E+03  0.1103E+00  0.1838E-01  0.4237E-01  0.5923E-01  0.1521E+00
0.7470E+03  0.1103E+00  0.1838E-01  0.4236E-01  0.5923E-01  0.1521E+00
0.7480E+03  0.1103E+00  0.1838E-01  0.4236E-01  0.5923E-01  0.1520E+00
0.7490E+03  0.1103E+00  0.1838E-01  0.4236E-01  0.5923E-01  0.1520E+00
0.7500E+03  0.1103E+00  0.1838E-01  0.4235E-01  0.5923E-01  0.1520E+00
0.7510E+03  0.1103E+00  0.1839E-01  0.4235E-01  0.5923E-01  0.1520E+00
0.7520E+03  0.1103E+00  0.1839E-01  0.4235E-01  0.5923E-01  0.1520E+00
0.7530E+03  0.1103E+00  0.1839E-01  0.4234E-01  0.5922E-01  0.1520E+00
0.7540E+03  0.1103E+00  0.1839E-01  0.4234E-01  0.5922E-01  0.1520E+00
0.7550E+03  0.1103E+00  0.1839E-01  0.4234E-01  0.5922E-01  0.1520E+00
0.7560E+03  0.1103E+00  0.1840E-01  0.4234E-01  0.5922E-01  0.1520E+00
0.7570E+03  0.1103E+00  0.1840E-01  0.4233E-01  0.5922E-01  0.1520E+00
0.7580E+03  0.1103E+00  0.1840E-01  0.4233E-01  0.5922E-01  0.1520E+00
0.7590E+03  0.1103E+00  0.1840E-01  0.4233E-01  0.5922E-01  0.1520E+00
0.7600E+03  0.1103E+00  0.1841E-01  0.4232E-01  0.5922E-01  0.1520E+00
0.7610E+03  0.1103E+00  0.1841E-01  0.4232E-01  0.5922E-01  0.1520E+00
0.7620E+03  0.1103E+00  0.1841E-01  0.4232E-01  0.5922E-01  0.1521E+00
0.7630E+03  0.1103E+00  0.1841E-01  0.4232E-01  0.5921E-01  0.1521E+00
0.7640E+03  0.1103E+00  0.1841E-01  0.4231E-01  0.5921E-01  0.1521E+00
0.7650E+03  0.1103E+00  0.1842E-01  0.4231E-01  0.5921E-01  0.1521E+00
0.7660E+03  0.1103E+00  0.1842E-01  0.4231E-01  0.5921E-01  0.1521E+00
0.7670E+03  0.1103E+00  0.1842E-01  0.4230E-01  0.5921E-01  0.1521E+00
0.7680E+03  0.1103E+00  0.1842E-01  0.4230E-01  0.5921E-01  0.1521E+00
0.7690E+03  0.1103E+00  0.1842E-01  0.4230E-01  0.5921E-01  0.1521E+00
0.7700E+03  0.1103E+00  0.1843E-01  0.4229E-01  0.5921E-01  0.1521E+00
0.7710E+03  0.1103E+00  0.1843E-01  0.4229E-01  0.5921E-01  0.1521E+00
0.7720E+03  0.1103E+00  0.1843E-01  0.4229E-01  0.5921E-01  0.1521E+00
0.7730E+03  0.1103E+00  0.1843E-01  0.4229E-01  0.5920E-01  0.1521E+00
0.7740E+03  0.1103E+00  0.1843E-01  0.4228E-01  0.5920E-01  0.1521E+00
0.7750E+03  0.1103E+00  0.1844E-01  0.4228E-01  0.5920E-01  0.1521E+00
0.7760E+03  0.1103E+00  0.1844E-01  0.4228E-01  0.5920E-01  0.1521E+00
0.7770E+03  0.1103E+00  0.1844E-01  0.4227E-01  0.5920E-01  0.1521E+00
0.7780E+03  0.1103E+00  0.1844E-01  0.4227E-01  0.5920E-01  0.1522E+00
0.7790E+03  0.1103E+00  0.1844E-01  0.4227E-01  0.5920E-01  0.1522E+00
0.7800E+03  0.1103E+00  0.1844E-01  0.4227E-01  0.5920E-01  0.1522E+00
0.7810E+03  0.1103E+00  0.1845E-01  0.4226E-01  0.5920E-01  0.1522E+00
0.7820E+03  0.1103E+00  0.1845E-01  0.4226E-01  0.5920E-01  0.1522E+00
0.7830E+03  0.1103E+00  0.1845E-01  0.4226E-01  0.5919E-01  0.1522E+00
0.7840E+03  0.1103E+00  0.1845E-01  0.4226E-01  0.5919E-01  0.1522E+00
0.7850E+03  0.1103E+00  0.1845E-01  0.4225E-01  0.5919E-01  0.1522E+00
0.7860E+03  0.1103E+00  0.1846E-01  0.4225E-01  0.5919E-01  0.1522E+00
0.7870E+03  0.1103E+00  0.1846E-01  0.4225E-01  0.5919E-01  0.1522E+00
0.7880E+03  0.1103E+00  0.1846E-01  0.4224E-01  0.5919E-01  0.1522E+00
0.7890E+03  0.1103E+00  0.1846E-01  0.4224E-01  0.5919E-01  0.1522E+00
0.7900E+03  0.1103E+00  0.1846E-01  0.4224E-01  0.5919E-01  0.1523E+00
0.7910E+03  0.1103E+00  0.1846E-01  0.4224E-01  0.5919E-01  0.1523E+00
0.7920E+03  0.1103E+00  0.1847E-01  0.4223E-01  0.5919E-01  0.1523E+00
0.7930E+03  0.1103E+00  0.1847E-01  0.4223E-01  0.5918E-01  0.1523E+00
0.7940E+03  0.1103E+00  0.1847E-01  0.4223E-01  0.5918E-01  0.1523E+00
0.7950E+03  0.1103E+00  0.1847E-01  0.4222E-01  0.5918E-01  0.1523E+00
0.7960E+03  0.1103E+00  0.1847E-01  0.4222E-01  0.5918E-01  0.1524E+00
0.7970E+03  0.1103E+00  0.1847E-01  0.4222E-01  0.5918E-01  0.1524E+00
0.7980E+03  0.1103E+00  0.1848E-01  0.4222E-01  0.5918E-01  0.1524E+00
0.7990E+03  0.1103E+00  0.1848E-01  0.4221E-01  0.5918E-01  0.1524E+00
0.8000E+03  0.1103E+00  0.1848E-01  0.4221E-01  0.5918E-01  0.1524E+00
0.8010E+03  0.1103E+00  0.1848E-01  0.4221E-01  0.5918E-01  0.1524E+00
0.8020E+03  0.1103E+00  0.1848E-01  0.4221E-01  0.5918E-01  0.1525E+00
0.8030E+03  0.1103E+00  0.1848E-01  0.4220E-01  0.5917E-01  0.1525E+00
0.8040E+03  0.1103E+00  0.1849E-01  0.4220E-01  0.5917E-01  0.1525E+00
0.8050E+03  0.1103E+00  0.1849E-01  0.4220E-01  0.5917E-01  0.1525E+00
0.8060E+03  0.1103E+00  0.1849E-01  0.4220E-01  0.5917E-01  0.1525E+00
0.8070E+03  0.1103E+00  0.1849E-01  0.4219E-01  0.5917E-01  0.1525E+00
0.8080E+03  0.1103E+00  0.1849E-01  0.4219E-01  0.5917E-01  0.1525E+00
0.8090E+03  0.1103E+00  0.1849E-01  0.4219E-01  0.5917E-01  0.1525E+00
0.8100E+03  0.1103E+00  0.1850E-01  0.4219E-01  0.5917E-01  0.1526E+00
0.8110E+03  0.1103E+00  0.1850E-01  0.4218E-01  0.5917E-01  0.1526E+00
0.8120E+03  0.1103E+00  0.1850E-01  0.4218E-01  0.5916E-01  0.1526E+00
0.8130E+03  0.1103E+00  0.1850E-01  0.4218E-01  0.5916E-01  0.1526E+00
0.8140E+03  0.1103E+00  0.1850E-01  0.4217E-01  0.5916E-01  0.1527E+00
0.8150E+03  0.1103E+00  0.1850E-01  0.4217E-01  0.5916E-01  0.1527E+00
0.8160E+03  0.1103E+00  0.1850E-01  0.4217E-01  0.5916E-01  0.1527E+00
0.8170E+03  0.1103E+00  0.1851E-01  0.4217E-01  0.5916E-01  0.1527E+00
0.8180E+03  0.1103E+00  0.1851E-01  0.4216E-01  0.5916E-01  0.1528E+00
0.8190E+03  0.1103E+00  0.1851E-01  0.4216E-01  0.5916E-01  0.1528E+00
0.8200E+03  0.1103E+00  0.1851E-01  0.4216E-01  0.5915E-01  0.1528E+00
0.8210E+03  0.1103E+00  0.1851E-01  0.4216E-01  0.5915E-01  0.1528E+00
0.8220E+03  0.1103E+00  0.1851E-01  0.4215E-01  0.5915E-01  0.1529E+00
0.8230E+03  0.1103E+00  0.1851E-01  0.4215E-01  0.5915E-01  0.1529E+00
0.8240E+03  0.1103E+00  0.1852E-01  0.4215E-01  0.5915E-01  0.1529E+00
0.8250E+03  0.1103E+00  0.1852E-01  0.4215E-01  0.5915E-01  0.1530E+00
0.8260E+03  0.1103E+00  0.1852E-01  0.4214E-01  0.5915E-01  0.1530E+00
0.8270E+03  0.1103E+00  0.1852E-01  0.4214E-01  0.5915E-01  0.1530E+00
0.8280E+03  0.1103E+00  0.1852E-01  0.4214E-01  0.5915E-01  0.1531E+00
0.8290E+03  0.1103E+00  0.1852E-01  0.4214E-01  0.5914E-01  0.1531E+00
0.8300E+03  0.1103E+00  0.1852E-01  0.4213E-01  0.5914E-01  0.1531E+00
0.8310E+03  0.1103E+00  0.1852E-01  0.4213E-01  0.5914E-01  0.1531E+00
0.8320E+03  0.1103E+00  0.1853E-01  0.4213E-01  0.5914E-01  0.1532E+00
0.8330E+03  0.1103E+00  0.1853E-01  0.4213E-01  0.5914E-01  0.1532E+00
0.8340E+03  0.1103E+00  0.1853E-01  0.4212E-01  0.5914E-01  0.1532E+00
0.8350E+03  0.1103E+00  0.1853E-01  0.4212E-01  0.5914E-01  0.1532E+00
0.8360E+03  0.1103E+00  0.1853E-01  0.4212E-01  0.5914E-01  0.1533E+00
0.8370E+03  0.1103E+00  0.1853E-01  0.4212E-01  0.5913E-01  0.1533E+00
0.8380E+03  0.1103E+00  0.1853E-01  0.4211E-01  0.5913E-01  0.1533E+00
0.8390E+03  0.1103E+00  0.1854E-01  0.4211E-01  0.5913E-01  0.1534E+00
0.8400E+03  0.1103E+00  0.1854E-01  0.4211E-01  0.5913E-01  0.1534E+00
0.8410E+03  0.1103E+00  0.1854E-01  0.4211E-01  0.5913E-01  0.1534E+00
0.8420E+03  0.1103E+00  0.1854E-01  0.4211E-01  0.5913E-01  0.1535E+00
0.8430E+03  0.1103E+00  0.1854E-01  0.4210E-01  0.5913E-01  0.1535E+00
0.8440E+03  0.1103E+00  0.1854E-01  0.4210E-01  0.5913E-01  0.1535E+00
0.8450E+03  0.1103E+00  0.1854E-01  0.4210E-01  0.5913E-01  0.1536E+00
0.8460E+03  0.1102E+00  0.1854E-01  0.4210E-01  0.5912E-01  0.1536E+00
0.8470E+03  0.1102E+00  0.1855E-01  0.4209E-01  0.5912E-01  0.1536E+00
0.8480E+03  0.1102E+00  0.1855E-01  0.4209E-01  0.5912E-01  0.1537E+00
0.8490E+03  0.1102E+00  0.1855E-01  0.4209E-01  0.5912E-01  0.1537E+00
0.8500E+03  0.1102E+00  0.1855E-01  0.4209E-01  0.5912E-01  0.1537E+00
0.8510E+03  0.1102E+00  0.1855E-01  0.4208E-01  0.5912E-01  0.1538E+00
0.8520E+03  0.1102E+00  0.1855E-01  0.4208E-01  0.5912E-01  0.1538E+00
0.8530E+03  0.1102E+00  0.1855E-01  0.4208E-01  0.5911E-01  0.1538E+00
0.8540E+03  0.1102E+00  0.1855E-01  0.4208E-01  0.5911E-01  0.1538E+00
0.8550E+03  0.1102E+00  0.1854E-01  0.4207E-01  0.5910E-01  0.1539E+00
0.8560E+03  0.1102E+00  0.1854E-01  0.4207E-01  0.5910E-01  0.1539E+00
0.8570E+03  0.1102E+00  0.1854E-01  0.4207E-01  0.5909E-01  0.1539E+00
0.8580E+03  0.1102E+00  0.1854E-01  0.4207E-01  0.5909E-01  0.1539E+00
0.8590E+03  0.1102E+00  0.1853E-01  0.4206E-01  0.5908E-01  0.1539E+00
0.8600E+03  0.1102E+00  0.1853E-01  0.4206E-01  0.5908E-01  0.1539E+00
0.8610E+03  0.1102E+00  0.1852E-01  0.4206E-01  0.5907E-01  0.1540E+00
0.8620E+03  0.1101E+00  0.1852E-01  0.4206E-01  0.5907E-01  0.1540E+00
0.8630E+03  0.1101E+00  0.1852E-01  0.4206E-01  0.5906E-01  0.1540E+00
0.8640E+03  0.1101E+00  0.1851E-01  0.4205E-01  0.5906E-01  0.1540E+00
0.8650E+03  0.1101E+00  0.1851E-01  0.4205E-01  0.5905E-01  0.1540E+00
0.8660E+03  0.1101E+00  0.1851E-01  0.4205E-01  0.5905E-01  0.1541E+00
0.8670E+03  0.1101E+00  0.1851E-01  0.4205E-01  0.5904E-01  0.1541E+00
0.8680E+03  0.1101E+00  0.1851E-01  0.4204E-01  0.5904E-01  0.1541E+00
0.8690E+03  0.1101E+00  0.1851E-01  0.4204E-01  0.5904E-01  0.1541E+00
0.8700E+03  0.1101E+00  0.1851E-01  0.4204E-01  0.5904E-01  0.1542E+00
0.8710E+03  0.1101E+00  0.1851E-01  0.4204E-01  0.5904E-01  0.1542E+00
0.8720E+03  0.1101E+00  0.1851E-01  0.4204E-01  0.5903E-01  0.1542E+00
0.8730E+03  0.1101E+00  0.1851E-01  0.4203E-01  0.5903E-01  0.1543E+00
0.8740E+03  0.1101E+00  0.1851E-01  0.4203E-01  0.5903E-01  0.1543E+00
0.8750E+03  0.1101E+00  0.1851E-01  0.4203E-01  0.5903E-01  0.1543E+00
0.8760E+03  0.1101E+00  0.1851E-01  0.4203E-01  0.5903E-01  0.1544E+00
0.8770E+03  0.1101E+00  0.1852E-01  0.4202E-01  0.5903E-01  0.1544E+00
0.8780E+03  0.1101E+00  0.1852E-01  0.4202E-01  0.5903E-01  0.1544E+00
0.8790E+03  0.1101E+00  0.1852E-01  0.4202E-01  0.5903E-01  0.1545E+00
0.8800E+03  0.1101E+00  0.1852E-01  0.4202E-01  0.5903E-01  0.1545E+00
0.8810E+03  0.1101E+00  0.1852E-01  0.4201E-01  0.5903E-01  0.1545E+00
0.8820E+03  0.1101E+00  0.1852E-01  0.4201E-01  0.5902E-01  0.1546E+00
0.8830E+03  0.1101E+00  0.1852E-01  0.4201E-01  0.5902E-01  0.1546E+00
0.8840E+03  0.1101E+00  0.1852E-01  0.4201E-01  0.5902E-01  0.1546E+00
0.8850E+03  0.1101E+00  0.1853E-01  0.4201E-01  0.5902E-01  0.1547E+00
0.8860E+03  0.1101E+00  0.1853E-01  0.4200E-01  0.5902E-01  0.1547E+00
0.8870E+03  0.1101E+00  0.1853E-01  0.4200E-01  0.5902E-01  0.1547E+00
0.8880E+03  0.1101E+00  0.1853E-01  0.4200E-01  0.5902E-01  0.1548E+00
0.8890E+03  0.1101E+00  0.1853E-01  0.4200E-01  0.5902E-01  0.1548E+00
0.8900E+03  0.1101E+00  0.1853E-01  0.4200E-01  0.5902E-01  0.1548E+00
0.8910E+03  0.1101E+00  0.1853E-01  0.4199E-01  0.5902E-01  0.1549E+00
0.8920E+03  0.1101E+00  0.1853E-01  0.4199E-01  0.5901E-01  0.1549E+00
0.8930E+03  0.1101E+00  0.1854E-01  0.4199E-01  0.5901E-01  0.1549E+00
0.8940E+03  0.1101E+00  0.1854E-01  0.4199E-01  0.5901E-01  0.1550E+00
0.8950E+03  0.1101E+00  0.1854E-01  0.4198E-01  0.5901E-01  0.1550E+00
0.8960E+03  0.1101E+00  0.1854E-01  0.4198E-01  0.5901E-01  0.1550E+00
0.8970E+03  0.1101E+00  0.1854E-01  0.4198E-01  0.5901E-01  0.1551E+00
0.8980E+03  0.1101E+00  0.1854E-01  0.4198E-01  0.5901E-01  0.1551E+00
0.8990E+03  0.1101E+00  0.1854E-01  0.4198E-01  0.5901E-01  0.1551E+00
0.9000E+03  0.1101E+00  0.1854E-01  0.4197E-01  0.5901E-01  0.1552E+00
0.9010E+03  0.1101E+00  0.1855E-01  0.4197E-01  0.5901E-01  0.1552E+00
0.9020E+03  0.1101E+00  0.1855E-01  0.4197E-01  0.5901E-01  0.1552E+00
0.9030E+03  0.1101E+00  0.1855E-01  0.4197E-01  0.5900E-01  0.1553E+00
0.9040E+03  0.1101E+00  0.1855E-01  0.4196E-01  0.5900E-01  0.1553E+00
0.9050E+03  0.1101E+00  0.1855E-01  0.4196E-01  0.5900E-01  0.1553E+00
0.9060E+03  0.1101E+00  0.1855E-01  0.4196E-01  0.5900E-01  0.1554E+00
0.9070E+03  0.1101E+00  0.1855E-01  0.4196E-01  0.5900E-01  0.1554E+00
0.9080E+03  0.1101E+00  0.1855E-01  0.4196E-01  0.5900E-01  0.1554E+00
0.9090E+03  0.1101E+00  0.1856E-01  0.4195E-01  0.5900E-01  0.1555E+00
0.9100E+03  0.1101E+00  0.1856E-01  0.4195E-01  0.5900E-01  0.1555E+00
0.9110E+03  0.1101E+00  0.1856E-01  0.4195E-01  0.5900E-01  0.1555E+00
0.9120E+03  0.1101E+00  0.1856E-01  0.4195E-01  0.5900E-01  0.1556E+00
0.9130E+03  0.1101E+00  0.1856E-01  0.4195E-01  0.5900E-01  0.1556E+00
0.9140E+03  0.1101E+00  0.1856E-01  0.4194E-01  0.5899E-01  0.1556E+00
0.9150E+03  0.1101E+00  0.1856E-01  0.4194E-01  0.5899E-01  0.1556E+00
0.9160E+03  0.1101E+00  0.1856E-01  0.4194E-01  0.5899E-01  0.1557E+00
0.9170E+03  0.1101E+00  0.1857E-01  0.4194E-01  0.5899E-01  0.1557E+00
0.9180E+03  0.1101E+00  0.1857E-01  0.4194E-01  0.5899E-01  0.1557E+00
0.9190E+03  0.1101E+00  0.1857E-01  0.4193E-01  0.5899E-01  0.1558E+00
0.9200E+03  0.1101E+00  0.1857E-01  0.4193E-01  0.5899E-01  0.1558E+00
0.9210E+03  0.1101E+00  0.1857E-01  0.4193E-01  0.5899E-01  0.1558E+00
0.9220E+03  0.1101E+00  0.1857E-01  0.4193E-01  0.5899E-01  0.1559E+00
0.9230E+03  0.1101E+00  0.1857E-01  0.4192E-01  0.5899E-01  0.1559E+00
0.9240E+03  0.1101E+00  0.1858E-01  0.4192E-01  0.5899E-01  0.1559E+00
0.9250E+03  0.1101E+00  0.1858E-01  0.4192E-01  0.5899E-01  0.1559E+00
0.9260E+03  0.1101E+00  0.1858E-01  0.4192E-01  0.5898E-01  0.1560E+00
0.9270E+03  0.1101E+00  0.1858E-01  0.4192E-01  0.5898E-01  0.1560E+00
0.9280E+03  0.1101E+00  0.1858E-01  0.4191E-01  0.5898E-01  0.1560E+00
0.9290E+03  0.1101E+00  0.1858E-01  0.4191E-01  0.5898E-01  0.1561E+00
0.9300E+03  0.1101E+00  0.1858E-01  0.4191E-01  0.5898E-01  0.1561E+00
0.9310E+03  0.1101E+00  0.1858E-01  0.4191E-01  0.5898E-01  0.1561E+00
0.9320E+03  0.1101E+00  0.1859E-01  0.4191E-01  0.5898E-01  0.1561E+00
0.9330E+03  0.1101E+00  0.1859E-01  0.4190E-01  0.5898E-01  0.1562E+00
0.9340E+03  0.1101E+00  0.1859E-01  0.4190E-01  0.5898E-01  0.1562E+00
0.9350E+03  0.1101E+00  0.1859E-01  0.4190E-01  0.5898E-01  0.1562E+00
0.9360E+03  0.1101E+00  0.1859E-01  0.4190E-01  0.5898E-01  0.1562E+00
0.9370E+03  0.1101E+00  0.1859E-01  0.4190E-01  0.5898E-01  0.1562E+00
0.9380E+03  0.1101E+00  0.1859E-01  0.4189E-01  0.5898E-01  0.1563E+00
0.9390E+03  0.1101E+00  0.1859E-01  0.4189E-01  0.5897E-01  0.1563E+00
0.9400E+03  0.1101E+00  0.1860E-01  0.4189E-01  0.5897E-01  0.1563E+00
0.9410E+03  0.1101E+00  0.1860E-01  0.4189E-01  0.5897E-01  0.1563E+00
0.9420E+03  0.1101E+00  0.1860E-01  0.4189E-01  0.5897E-01  0.1564E+00
0.9430E+03  0.1101E+00  0.1860E-01  0.4188E-01  0.5897E-01  0.1564E+00
0.9440E+03  0.1101E+00  0.1860E-01  0.4188E-01  0.5897E-01  0.1564E+00
0.9450E+03  0.1101E+00  0.1860E-01  0.4188E-01  0.5897E-01  0.1564E+00
0.9460E+03  0.1101E+00  0.1860E-01  0.4188E-01  0.5897E-01  0.1565E+00
0.9470E+03  0.1101E+00  0.1861E-01  0.4188E-01  0.5897E-01  0.1565E+00
0.9480E+03  0.1101E+00  0.1861E-01  0.4187E-01  0.5897E-01  0.1565E+00
0.9490E+03  0.1101E+00  0.1861E-01  0.4187E-01  0.5897E-01  0.1565E+00
0.9500E+03  0.1101E+00  0.1861E-01  0.4187E-01  0.5897E-01  0.1565E+00
0.9510E+03  0.1101E+00  0.1861E-01  0.4187E-01  0.5897E-01  0.1565E+00
0.9520E+03  0.1101E+00  0.1861E-01  0.4187E-01  0.5897E-01  0.1566E+00
0.9530E+03  0.1101E+00  0.1861E-01  0.4186E-01  0.5896E-01  0.1566E+00
0.9540E+03  0.1101E+00  0.1861E-01  0.4186E-01  0.5896E-01  0.1566E+00
0.9550E+03  0.1101E+00  0.1862E-01  0.4186E-01  0.5896E-01  0.1566E+00
0.9560E+03  0.1101E+00  0.1862E-01  0.4186E-01  0.5896E-01  0.1566E+00
0.9570E+03  0.1101E+00  0.1862E-01  0.4186E-01  0.5896E-01  0.1566E+00
0.9580E+03  0.1101E+00  0.1862E-01  0.4185E-01  0.5896E-01  0.1567E+00
0.9590E+03  0.1101E+00  0.1862E-01  0.4185E-01  0.5896E-01  0.1567E+00
0.9600E+03  0.1101E+00  0.1862E-01  0.4185E-01  0.5896E-01  0.1567E+00
0.9610E+03  0.1101E+00  0.1862E-01  0.4185E-01  0.5896E-01  0.1567E+00
0.9620E+03  0.1101E+00  0.1862E-01  0.4185E-01  0.5896E-01  0.1567E+00
0.9630E+03  0.1101E+00  0.1863E-01  0.4185E-01  0.5896E-01  0.1567E+00
0.9640E+03  0.1101E+00  0.1863E-01  0.4184E-01  0.5896E-01  0.1568E+00
0.9650E+03  0.1101E+00  0.1863E-01  0.4184E-01  0.5896E-01  0.1568E+00
0.9660E+03  0.1101E+00  0.1863E-01  0.4184E-01  0.5896E-01  0.1568E+00
0.9670E+03  0.1101E+00  0.1863E-01  0.4184E-01  0.5896E-01  0.1568E+00
0.9680E+03  0.1101E+00  0.1863E-01  0.4184E-01  0.5895E-01  0.1568E+00
0.9690E+03  0.1101E+00  0.1863E-01  0.4183E-01  0.5895E-01  0.1568E+00
0.9700E+03  0.1101E+00  0.1864E-01  0.4183E-01  0.5895E-01  0.1568E+00
0.9710E+03  0.1101E+00  0.1864E-01  0.4183E-01  0.5895E-01  0.1568E+00
0.9720E+03  0.1101E+00  0.1864E-01  0.4183E-01  0.5895E-01  0.1568E+00
0.9730E+03  0.1101E+00  0.1864E-01  0.4183E-01  0.5895E-01  0.1569E+00
0.9740E+03  0.1101E+00  0.1864E-01  0.4182E-01  0.5895E-01  0.1569E+00
0.9750E+03  0.1101E+00  0.1864E-01  0.4182E-01  0.5895E-01  0.1569E+00
0.9760E+03  0.1101E+00  0.1864E-01  0.4182E-01  0.5895E-01  0.1569E+00
0.9770E+03  0.1101E+00  0.1864E-01  0.4182E-01  0.5895E-01  0.1569E+00
0.9780E+03  0.1101E+00  0.1864E-01  0.4182E-01  0.5895E-01  0.1569E+00
0.9790E+03  0.1101E+00  0.1865E-01  0.4181E-01  0.5895E-01  0.1569E+00
0.9800E+03  0.1101E+00  0.1865E-01  0.4181E-01  0.5895E-01  0.1569E+00
0.9810E+03  0.1101E+00  0.1865E-01  0.4181E-01  0.5895E-01  0.1569E+00
0.9820E+03  0.1101E+00  0.1865E-01  0.4181E-01  0.5895E-01  0.1569E+00
0.9830E+03  0.1101E+00  0.1865E-01  0.4181E-01  0.5894E-01  0.1569E+00
0.9840E+03  0.1101E+00  0.1865E-01  0.4180E-01  0.5894E-01  0.1569E+00
0.9850E+03  0.1101E+00  0.1865E-01  0.4180E-01  0.5894E-01  0.1569E+00
0.9860E+03  0.1101E+00  0.1866E-01  0.4180E-01  0.5894E-01  0.1569E+00
0.9870E+03  0.1101E+00  0.1866E-01  0.4180E-01  0.5894E-01  0.1569E+00
0.9880E+03  0.1101E+00  0.1866E-01  0.4180E-01  0.5894E-01  0.1569E+00
0.9890E+03  0.1101E+00  0.1866E-01  0.4180E-01  0.5894E-01  0.1569E+00
0.9900E+03  0.1101E+00  0.1866E-01  0.4179E-01  0.5894E-01  0.1569E+00
0.9910E+03  0.1101E+00  0.1866E-01  0.4179E-01  0.5894E-01  0.1569E+00
0.9920E+03  0.1101E+00  0.1866E-01  0.4179E-01  0.5894E-01  0.1569E+00
0.9930E+03  0.1101E+00  0.1866E-01  0.4179E-01  0.5894E-01  0.1569E+00
0.9940E+03  0.1101E+00  0.1867E-01  0.4179E-01  0.5894E-01  0.1569E+00
0.9950E+03  0.1101E+00  0.1867E-01  0.4178E-01  0.5894E-01  0.1569E+00
0.9960E+03  0.1101E+00  0.1867E-01  0.4178E-01  0.5894E-01  0.1569E+00
0.9970E+03  0.1101E+00  0.1867E-01  0.4178E-01  0.5894E-01  0.1569E+00
0.9980E+03  0.1101E+00  0.1867E-01  0.4178E-01  0.5894E-01  0.1569E+00
0.9990E+03  0.1101E+00  0.1867E-01  0.4178E-01  0.5894E-01  0.1569E+00
0.1000E+04  0.1101E+00  0.1867E-01  0.4178E-01  0.5893E-01  0.1569E+00
