0.4500E+03  0.8852E+00  0.7892E+00  0.7746E+00
0.4510E+03  0.8851E+00  0.7889E+00  0.7744E+00
0.4520E+03  0.8851E+00  0.7888E+00  0.7743E+00
0.4530E+03  0.8851E+00  0.7887E+00  0.7741E+00
0.4540E+03  0.8850E+00  0.7885E+00  0.7740E+00
0.4550E+03  0.8850E+00  0.7884E+00  0.7738E+00
0.4560E+03  0.8850E+00  0.7883E+00  0.7737E+00
0.4570E+03  0.8850E+00  0.7883E+00  0.7737E+00
0.4580E+03  0.8849E+00  0.7882E+00  0.7736E+00
0.4590E+03  0.8849E+00  0.7883E+00  0.7736E+00
0.4600E+03  0.8849E+00  0.7882E+00  0.7735E+00
0.4610E+03  0.8849E+00  0.7883E+00  0.7736E+00
0.4620E+03  0.8849E+00  0.7882E+00  0.7735E+00
0.4630E+03  0.8849E+00  0.7882E+00  0.7736E+00
0.4640E+03  0.8849E+00  0.7882E+00  0.7736E+00
0.4650E+03  0.8849E+00  0.7882E+00  0.7735E+00
0.4660E+03  0.8849E+00  0.7883E+00  0.7736E+00
0.4670E+03  0.8849E+00  0.7884E+00  0.7737E+00
0.4680E+03  0.8849E+00  0.7885E+00  0.7738E+00
0.4690E+03  0.8849E+00  0.7886E+00  0.7738E+00
0.4700E+03  0.8849E+00  0.7886E+00  0.7739E+00
0.4710E+03  0.8849E+00  0.7887E+00  0.7740E+00
0.4720E+03  0.8850E+00  0.7888E+00  0.7741E+00
0.4730E+03  0.8850E+00  0.7888E+00  0.7741E+00
0.4740E+03  0.8850E+00  0.7889E+00  0.7742E+00
0.4750E+03  0.8851E+00  0.7890E+00  0.7743E+00
0.4760E+03  0.8851E+00  0.7891E+00  0.7744E+00
0.4770E+03  0.8852E+00  0.7892E+00  0.7745E+00
0.4780E+03  0.8852E+00  0.7892E+00  0.7746E+00
0.4790E+03  0.8853E+00  0.7893E+00  0.7747E+00
0.4800E+03  0.8854E+00  0.7894E+00  0.7748E+00
0.4810E+03  0.8854E+00  0.7895E+00  0.7749E+00
0.4820E+03  0.8855E+00  0.7896E+00  0.7750E+00
0.4830E+03  0.8855E+00  0.7897E+00  0.7751E+00
0.4840E+03  0.8856E+00  0.7898E+00  0.7753E+00
0.4850E+03  0.8857E+00  0.7899E+00  0.7754E+00
0.4860E+03  0.8857E+00  0.7900E+00  0.7755E+00
0.4870E+03  0.8858E+00  0.7901E+00  0.7756E+00
0.4880E+03  0.8858E+00  0.7902E+00  0.7757E+00
0.4890E+03  0.8859E+00  0.7903E+00  0.7758E+00
0.4900E+03  0.8860E+00  0.7905E+00  0.7760E+00
0.4910E+03  0.8860E+00  0.7905E+00  0.7761E+00
0.4920E+03  0.8861E+00  0.7907E+00  0.7762E+00
0.4930E+03  0.8861E+00  0.7908E+00  0.7763E+00
0.4940E+03  0.8862E+00  0.7909E+00  0.7765E+00
0.4950E+03  0.8863E+00  0.7910E+00  0.7766E+00
0.4960E+03  0.8864E+00  0.7911E+00  0.7767E+00
0.4970E+03  0.8864E+00  0.7912E+00  0.7768E+00
0.4980E+03  0.8865E+00  0.7913E+00  0.7769E+00
0.4990E+03  0.8866E+00  0.7914E+00  0.7771E+00
0.5000E+03  0.8866E+00  0.7915E+00  0.7772E+00
0.5010E+03  0.8867E+00  0.7917E+00  0.7773E+00
0.5020E+03  0.8867E+00  0.7918E+00  0.7775E+00
0.5030E+03  0.8868E+00  0.7919E+00  0.7776E+00
0.5040E+03  0.8869E+00  0.7920E+00  0.7778E+00
0.5050E+03  0.8870E+00  0.7921E+00  0.7779E+00
0.5060E+03  0.8870E+00  0.7922E+00  0.7780E+00
0.5070E+03  0.8871E+00  0.7923E+00  0.7781E+00
0.5080E+03  0.8871E+00  0.7924E+00  0.7782E+00
0.5090E+03  0.8872E+00  0.7925E+00  0.7783E+00
0.5100E+03  0.8873E+00  0.7927E+00  0.7785E+00
0.5110E+03  0.8873E+00  0.7928E+00  0.7786E+00
0.5120E+03  0.8874E+00  0.7929E+00  0.7788E+00
0.5130E+03  0.8875E+00  0.7930E+00  0.7789E+00
0.5140E+03  0.8875E+00  0.7931E+00  0.7790E+00
0.5150E+03  0.8876E+00  0.7932E+00  0.7791E+00
0.5160E+03  0.8876E+00  0.7933E+00  0.7792E+00
0.5170E+03  0.8877E+00  0.7934E+00  0.7793E+00
0.5180E+03  0.8877E+00  0.7935E+00  0.7794E+00
0.5190E+03  0.8878E+00  0.7936E+00  0.7796E+00
0.5200E+03  0.8879E+00  0.7937E+00  0.7796E+00
0.5210E+03  0.8879E+00  0.7937E+00  0.7797E+00
0.5220E+03  0.8880E+00  0.7938E+00  0.7798E+00
0.5230E+03  0.8880E+00  0.7939E+00  0.7799E+00
0.5240E+03  0.8881E+00  0.7940E+00  0.7801E+00
0.5250E+03  0.8881E+00  0.7941E+00  0.7801E+00
0.5260E+03  0.8882E+00  0.7942E+00  0.7802E+00
0.5270E+03  0.8882E+00  0.7943E+00  0.7803E+00
0.5280E+03  0.8883E+00  0.7943E+00  0.7804E+00
0.5290E+03  0.8883E+00  0.7944E+00  0.7805E+00
0.5300E+03  0.8883E+00  0.7945E+00  0.7806E+00
0.5310E+03  0.8884E+00  0.7945E+00  0.7806E+00
0.5320E+03  0.8884E+00  0.7946E+00  0.7807E+00
0.5330E+03  0.8885E+00  0.7947E+00  0.7808E+00
0.5340E+03  0.8885E+00  0.7948E+00  0.7809E+00
0.5350E+03  0.8885E+00  0.7948E+00  0.7810E+00
0.5360E+03  0.8886E+00  0.7949E+00  0.7810E+00
0.5370E+03  0.8886E+00  0.7950E+00  0.7811E+00
0.5380E+03  0.8886E+00  0.7950E+00  0.7811E+00
0.5390E+03  0.8887E+00  0.7951E+00  0.7812E+00
0.5400E+03  0.8887E+00  0.7951E+00  0.7812E+00
0.5410E+03  0.8887E+00  0.7952E+00  0.7813E+00
0.5420E+03  0.8888E+00  0.7952E+00  0.7814E+00
0.5430E+03  0.8888E+00  0.7952E+00  0.7814E+00
0.5440E+03  0.8888E+00  0.7951E+00  0.7813E+00
0.5450E+03  0.8888E+00  0.7952E+00  0.7814E+00
0.5460E+03  0.8888E+00  0.7952E+00  0.7814E+00
0.5470E+03  0.8889E+00  0.7953E+00  0.7814E+00
0.5480E+03  0.8889E+00  0.7952E+00  0.7814E+00
0.5490E+03  0.8889E+00  0.7953E+00  0.7815E+00
0.5500E+03  0.8889E+00  0.7953E+00  0.7814E+00
0.5510E+03  0.8889E+00  0.7952E+00  0.7814E+00
0.5520E+03  0.8889E+00  0.7952E+00  0.7814E+00
0.5530E+03  0.8889E+00  0.7952E+00  0.7814E+00
0.5540E+03  0.8889E+00  0.7952E+00  0.7814E+00
0.5550E+03  0.8888E+00  0.7953E+00  0.7814E+00
0.5560E+03  0.8888E+00  0.7952E+00  0.7813E+00
0.5570E+03  0.8888E+00  0.7951E+00  0.7813E+00
0.5580E+03  0.8888E+00  0.7952E+00  0.7813E+00
0.5590E+03  0.8888E+00  0.7951E+00  0.7812E+00
0.5600E+03  0.8887E+00  0.7950E+00  0.7812E+00
0.5610E+03  0.8887E+00  0.7949E+00  0.7810E+00
0.5620E+03  0.8887E+00  0.7949E+00  0.7810E+00
0.5630E+03  0.8887E+00  0.7948E+00  0.7808E+00
0.5640E+03  0.8887E+00  0.7946E+00  0.7807E+00
0.5650E+03  0.8886E+00  0.7945E+00  0.7806E+00
0.5660E+03  0.8886E+00  0.7944E+00  0.7805E+00
0.5670E+03  0.8886E+00  0.7943E+00  0.7804E+00
0.5680E+03  0.8886E+00  0.7942E+00  0.7803E+00
0.5690E+03  0.8886E+00  0.7940E+00  0.7801E+00
0.5700E+03  0.8886E+00  0.7939E+00  0.7800E+00
0.5710E+03  0.8886E+00  0.7938E+00  0.7798E+00
0.5720E+03  0.8886E+00  0.7936E+00  0.7796E+00
0.5730E+03  0.8886E+00  0.7934E+00  0.7794E+00
0.5740E+03  0.8886E+00  0.7932E+00  0.7793E+00
0.5750E+03  0.8886E+00  0.7930E+00  0.7790E+00
0.5760E+03  0.8886E+00  0.7928E+00  0.7788E+00
0.5770E+03  0.8886E+00  0.7926E+00  0.7787E+00
0.5780E+03  0.8887E+00  0.7924E+00  0.7785E+00
0.5790E+03  0.8887E+00  0.7921E+00  0.7782E+00
0.5800E+03  0.8887E+00  0.7919E+00  0.7780E+00
0.5810E+03  0.8887E+00  0.7918E+00  0.7779E+00
0.5820E+03  0.8887E+00  0.7915E+00  0.7776E+00
0.5830E+03  0.8888E+00  0.7913E+00  0.7774E+00
0.5840E+03  0.8888E+00  0.7910E+00  0.7771E+00
0.5850E+03  0.8888E+00  0.7908E+00  0.7769E+00
0.5860E+03  0.8888E+00  0.7906E+00  0.7767E+00
0.5870E+03  0.8888E+00  0.7903E+00  0.7764E+00
0.5880E+03  0.8889E+00  0.7901E+00  0.7762E+00
0.5890E+03  0.8889E+00  0.7898E+00  0.7760E+00
0.5900E+03  0.8889E+00  0.7895E+00  0.7757E+00
0.5910E+03  0.8889E+00  0.7893E+00  0.7754E+00
0.5920E+03  0.8889E+00  0.7890E+00  0.7752E+00
0.5930E+03  0.8889E+00  0.7888E+00  0.7750E+00
0.5940E+03  0.8889E+00  0.7885E+00  0.7747E+00
0.5950E+03  0.8890E+00  0.7882E+00  0.7744E+00
0.5960E+03  0.8890E+00  0.7880E+00  0.7742E+00
0.5970E+03  0.8890E+00  0.7877E+00  0.7739E+00
0.5980E+03  0.8890E+00  0.7874E+00  0.7736E+00
0.5990E+03  0.8890E+00  0.7871E+00  0.7733E+00
0.6000E+03  0.8890E+00  0.7868E+00  0.7731E+00
0.6010E+03  0.8890E+00  0.7865E+00  0.7727E+00
0.6020E+03  0.8891E+00  0.7863E+00  0.7725E+00
0.6030E+03  0.8891E+00  0.7860E+00  0.7722E+00
0.6040E+03  0.8891E+00  0.7856E+00  0.7719E+00
0.6050E+03  0.8891E+00  0.7853E+00  0.7716E+00
0.6060E+03  0.8891E+00  0.7851E+00  0.7713E+00
0.6070E+03  0.8891E+00  0.7847E+00  0.7710E+00
0.6080E+03  0.8891E+00  0.7844E+00  0.7707E+00
0.6090E+03  0.8892E+00  0.7842E+00  0.7705E+00
0.6100E+03  0.8892E+00  0.7838E+00  0.7701E+00
0.6110E+03  0.8892E+00  0.7835E+00  0.7698E+00
0.6120E+03  0.8892E+00  0.7832E+00  0.7695E+00
0.6130E+03  0.8892E+00  0.7829E+00  0.7692E+00
0.6140E+03  0.8893E+00  0.7826E+00  0.7689E+00
0.6150E+03  0.8893E+00  0.7823E+00  0.7687E+00
0.6160E+03  0.8893E+00  0.7820E+00  0.7683E+00
0.6170E+03  0.8894E+00  0.7817E+00  0.7681E+00
0.6180E+03  0.8894E+00  0.7814E+00  0.7678E+00
0.6190E+03  0.8894E+00  0.7810E+00  0.7674E+00
0.6200E+03  0.8894E+00  0.7807E+00  0.7671E+00
0.6210E+03  0.8895E+00  0.7804E+00  0.7668E+00
0.6220E+03  0.8895E+00  0.7800E+00  0.7665E+00
0.6230E+03  0.8895E+00  0.7797E+00  0.7662E+00
0.6240E+03  0.8896E+00  0.7795E+00  0.7659E+00
0.6250E+03  0.8896E+00  0.7791E+00  0.7656E+00
0.6260E+03  0.8896E+00  0.7787E+00  0.7652E+00
0.6270E+03  0.8896E+00  0.7785E+00  0.7650E+00
0.6280E+03  0.8896E+00  0.7781E+00  0.7646E+00
0.6290E+03  0.8896E+00  0.7778E+00  0.7643E+00
0.6300E+03  0.8896E+00  0.7775E+00  0.7640E+00
0.6310E+03  0.8896E+00  0.7770E+00  0.7636E+00
0.6320E+03  0.8896E+00  0.7767E+00  0.7632E+00
0.6330E+03  0.8896E+00  0.7763E+00  0.7628E+00
0.6340E+03  0.8896E+00  0.7760E+00  0.7625E+00
0.6350E+03  0.8896E+00  0.7757E+00  0.7622E+00
0.6360E+03  0.8896E+00  0.7753E+00  0.7618E+00
0.6370E+03  0.8896E+00  0.7749E+00  0.7615E+00
0.6380E+03  0.8896E+00  0.7746E+00  0.7611E+00
0.6390E+03  0.8896E+00  0.7742E+00  0.7608E+00
0.6400E+03  0.8896E+00  0.7739E+00  0.7604E+00
0.6410E+03  0.8896E+00  0.7735E+00  0.7601E+00
0.6420E+03  0.8896E+00  0.7731E+00  0.7597E+00
0.6430E+03  0.8896E+00  0.7728E+00  0.7593E+00
0.6440E+03  0.8896E+00  0.7725E+00  0.7590E+00
0.6450E+03  0.8896E+00  0.7721E+00  0.7587E+00
0.6460E+03  0.8896E+00  0.7718E+00  0.7583E+00
0.6470E+03  0.8896E+00  0.7715E+00  0.7580E+00
0.6480E+03  0.8896E+00  0.7711E+00  0.7576E+00
0.6490E+03  0.8896E+00  0.7708E+00  0.7574E+00
0.6500E+03  0.8896E+00  0.7704E+00  0.7570E+00
0.6510E+03  0.8896E+00  0.7701E+00  0.7566E+00
0.6520E+03  0.8896E+00  0.7697E+00  0.7563E+00
0.6530E+03  0.8896E+00  0.7694E+00  0.7560E+00
0.6540E+03  0.8896E+00  0.7690E+00  0.7556E+00
0.6550E+03  0.8896E+00  0.7687E+00  0.7553E+00
0.6560E+03  0.8896E+00  0.7684E+00  0.7550E+00
0.6570E+03  0.8896E+00  0.7680E+00  0.7546E+00
0.6580E+03  0.8896E+00  0.7677E+00  0.7543E+00
0.6590E+03  0.8896E+00  0.7674E+00  0.7540E+00
0.6600E+03  0.8896E+00  0.7671E+00  0.7537E+00
0.6610E+03  0.8896E+00  0.7668E+00  0.7534E+00
0.6620E+03  0.8896E+00  0.7665E+00  0.7531E+00
0.6630E+03  0.8896E+00  0.7661E+00  0.7528E+00
0.6640E+03  0.8896E+00  0.7659E+00  0.7525E+00
0.6650E+03  0.8896E+00  0.7655E+00  0.7521E+00
0.6660E+03  0.8896E+00  0.7651E+00  0.7518E+00
0.6670E+03  0.8896E+00  0.7649E+00  0.7515E+00
0.6680E+03  0.8896E+00  0.7645E+00  0.7512E+00
0.6690E+03  0.8896E+00  0.7643E+00  0.7509E+00
0.6700E+03  0.8896E+00  0.7639E+00  0.7506E+00
0.6710E+03  0.8896E+00  0.7636E+00  0.7503E+00
0.6720E+03  0.8896E+00  0.7633E+00  0.7500E+00
0.6730E+03  0.8896E+00  0.7630E+00  0.7497E+00
0.6740E+03  0.8896E+00  0.7627E+00  0.7494E+00
0.6750E+03  0.8896E+00  0.7624E+00  0.7491E+00
0.6760E+03  0.8896E+00  0.7620E+00  0.7487E+00
0.6770E+03  0.8897E+00  0.7618E+00  0.7484E+00
0.6780E+03  0.8897E+00  0.7615E+00  0.7482E+00
0.6790E+03  0.8897E+00  0.7612E+00  0.7479E+00
0.6800E+03  0.8897E+00  0.7609E+00  0.7476E+00
0.6810E+03  0.8897E+00  0.7606E+00  0.7473E+00
0.6820E+03  0.8897E+00  0.7603E+00  0.7471E+00
0.6830E+03  0.8897E+00  0.7601E+00  0.7468E+00
0.6840E+03  0.8897E+00  0.7598E+00  0.7466E+00
0.6850E+03  0.8897E+00  0.7595E+00  0.7463E+00
0.6860E+03  0.8897E+00  0.7593E+00  0.7460E+00
0.6870E+03  0.8897E+00  0.7590E+00  0.7458E+00
0.6880E+03  0.8897E+00  0.7587E+00  0.7455E+00
0.6890E+03  0.8898E+00  0.7584E+00  0.7452E+00
0.6900E+03  0.8898E+00  0.7582E+00  0.7449E+00
0.6910E+03  0.8898E+00  0.7579E+00  0.7447E+00
0.6920E+03  0.8897E+00  0.7576E+00  0.7444E+00
0.6930E+03  0.8897E+00  0.7574E+00  0.7441E+00
0.6940E+03  0.8897E+00  0.7571E+00  0.7438E+00
0.6950E+03  0.8897E+00  0.7567E+00  0.7435E+00
0.6960E+03  0.8897E+00  0.7565E+00  0.7433E+00
0.6970E+03  0.8897E+00  0.7562E+00  0.7430E+00
0.6980E+03  0.8897E+00  0.7560E+00  0.7427E+00
0.6990E+03  0.8897E+00  0.7557E+00  0.7425E+00
0.7000E+03  0.8897E+00  0.7554E+00  0.7422E+00
0.7010E+03  0.8897E+00  0.7552E+00  0.7420E+00
0.7020E+03  0.8897E+00  0.7550E+00  0.7418E+00
0.7030E+03  0.8896E+00  0.7548E+00  0.7415E+00
0.7040E+03  0.8896E+00  0.7546E+00  0.7413E+00
0.7050E+03  0.8896E+00  0.7544E+00  0.7411E+00
0.7060E+03  0.8896E+00  0.7541E+00  0.7409E+00
0.7070E+03  0.8896E+00  0.7539E+00  0.7407E+00
0.7080E+03  0.8896E+00  0.7536E+00  0.7404E+00
0.7090E+03  0.8896E+00  0.7535E+00  0.7402E+00
0.7100E+03  0.8896E+00  0.7533E+00  0.7401E+00
0.7110E+03  0.8896E+00  0.7531E+00  0.7399E+00
0.7120E+03  0.8896E+00  0.7530E+00  0.7397E+00
0.7130E+03  0.8896E+00  0.7528E+00  0.7396E+00
0.7140E+03  0.8896E+00  0.7526E+00  0.7394E+00
0.7150E+03  0.8896E+00  0.7525E+00  0.7392E+00
0.7160E+03  0.8896E+00  0.7523E+00  0.7391E+00
0.7170E+03  0.8896E+00  0.7522E+00  0.7390E+00
0.7180E+03  0.8896E+00  0.7521E+00  0.7389E+00
0.7190E+03  0.8897E+00  0.7520E+00  0.7387E+00
0.7200E+03  0.8897E+00  0.7519E+00  0.7386E+00
0.7210E+03  0.8897E+00  0.7517E+00  0.7385E+00
0.7220E+03  0.8897E+00  0.7516E+00  0.7384E+00
0.7230E+03  0.8897E+00  0.7515E+00  0.7383E+00
0.7240E+03  0.8897E+00  0.7514E+00  0.7382E+00
0.7250E+03  0.8897E+00  0.7513E+00  0.7381E+00
0.7260E+03  0.8897E+00  0.7512E+00  0.7380E+00
0.7270E+03  0.8897E+00  0.7511E+00  0.7379E+00
0.7280E+03  0.8897E+00  0.7510E+00  0.7378E+00
0.7290E+03  0.8897E+00  0.7509E+00  0.7377E+00
0.7300E+03  0.8897E+00  0.7507E+00  0.7375E+00
0.7310E+03  0.8897E+00  0.7506E+00  0.7374E+00
0.7320E+03  0.8897E+00  0.7505E+00  0.7373E+00
0.7330E+03  0.8897E+00  0.7504E+00  0.7372E+00
0.7340E+03  0.8897E+00  0.7502E+00  0.7370E+00
0.7350E+03  0.8897E+00  0.7502E+00  0.7370E+00
0.7360E+03  0.8897E+00  0.7501E+00  0.7369E+00
0.7370E+03  0.8897E+00  0.7500E+00  0.7368E+00
0.7380E+03  0.8897E+00  0.7499E+00  0.7367E+00
0.7390E+03  0.8897E+00  0.7498E+00  0.7366E+00
0.7400E+03  0.8897E+00  0.7498E+00  0.7366E+00
0.7410E+03  0.8897E+00  0.7497E+00  0.7365E+00
0.7420E+03  0.8897E+00  0.7497E+00  0.7365E+00
0.7430E+03  0.8897E+00  0.7496E+00  0.7364E+00
0.7440E+03  0.8897E+00  0.7495E+00  0.7363E+00
0.7450E+03  0.8897E+00  0.7495E+00  0.7363E+00
0.7460E+03  0.8897E+00  0.7495E+00  0.7363E+00
0.7470E+03  0.8897E+00  0.7495E+00  0.7363E+00
0.7480E+03  0.8897E+00  0.7494E+00  0.7362E+00
0.7490E+03  0.8897E+00  0.7494E+00  0.7362E+00
0.7500E+03  0.8897E+00  0.7494E+00  0.7362E+00
0.7510E+03  0.8897E+00  0.7494E+00  0.7362E+00
0.7520E+03  0.8897E+00  0.7494E+00  0.7362E+00
0.7530E+03  0.8897E+00  0.7493E+00  0.7361E+00
0.7540E+03  0.8897E+00  0.7494E+00  0.7361E+00
0.7550E+03  0.8897E+00  0.7494E+00  0.7362E+00
0.7560E+03  0.8897E+00  0.7494E+00  0.7362E+00
0.7570E+03  0.8897E+00  0.7494E+00  0.7362E+00
0.7580E+03  0.8897E+00  0.7494E+00  0.7362E+00
0.7590E+03  0.8897E+00  0.7494E+00  0.7362E+00
0.7600E+03  0.8897E+00  0.7495E+00  0.7362E+00
0.7610E+03  0.8897E+00  0.7495E+00  0.7363E+00
0.7620E+03  0.8897E+00  0.7495E+00  0.7363E+00
0.7630E+03  0.8897E+00  0.7496E+00  0.7363E+00
0.7640E+03  0.8897E+00  0.7496E+00  0.7364E+00
0.7650E+03  0.8897E+00  0.7496E+00  0.7363E+00
0.7660E+03  0.8897E+00  0.7496E+00  0.7364E+00
0.7670E+03  0.8897E+00  0.7497E+00  0.7364E+00
0.7680E+03  0.8897E+00  0.7497E+00  0.7365E+00
0.7690E+03  0.8897E+00  0.7498E+00  0.7366E+00
0.7700E+03  0.8897E+00  0.7499E+00  0.7367E+00
0.7710E+03  0.8897E+00  0.7500E+00  0.7368E+00
0.7720E+03  0.8897E+00  0.7501E+00  0.7368E+00
0.7730E+03  0.8897E+00  0.7501E+00  0.7369E+00
0.7740E+03  0.8897E+00  0.7501E+00  0.7369E+00
0.7750E+03  0.8897E+00  0.7502E+00  0.7369E+00
0.7760E+03  0.8897E+00  0.7503E+00  0.7371E+00
0.7770E+03  0.8897E+00  0.7504E+00  0.7371E+00
0.7780E+03  0.8897E+00  0.7505E+00  0.7373E+00
0.7790E+03  0.8897E+00  0.7506E+00  0.7373E+00
0.7800E+03  0.8897E+00  0.7506E+00  0.7374E+00
0.7810E+03  0.8897E+00  0.7507E+00  0.7374E+00
0.7820E+03  0.8897E+00  0.7507E+00  0.7374E+00
0.7830E+03  0.8897E+00  0.7508E+00  0.7375E+00
0.7840E+03  0.8897E+00  0.7508E+00  0.7375E+00
0.7850E+03  0.8897E+00  0.7509E+00  0.7376E+00
0.7860E+03  0.8897E+00  0.7510E+00  0.7378E+00
0.7870E+03  0.8897E+00  0.7511E+00  0.7378E+00
0.7880E+03  0.8897E+00  0.7513E+00  0.7380E+00
0.7890E+03  0.8897E+00  0.7513E+00  0.7381E+00
0.7900E+03  0.8897E+00  0.7515E+00  0.7382E+00
0.7910E+03  0.8897E+00  0.7517E+00  0.7384E+00
0.7920E+03  0.8897E+00  0.7519E+00  0.7386E+00
0.7930E+03  0.8897E+00  0.7520E+00  0.7387E+00
0.7940E+03  0.8897E+00  0.7522E+00  0.7389E+00
0.7950E+03  0.8897E+00  0.7523E+00  0.7390E+00
0.7960E+03  0.8897E+00  0.7525E+00  0.7392E+00
0.7970E+03  0.8897E+00  0.7527E+00  0.7394E+00
0.7980E+03  0.8897E+00  0.7528E+00  0.7394E+00
0.7990E+03  0.8897E+00  0.7529E+00  0.7396E+00
0.8000E+03  0.8897E+00  0.7531E+00  0.7398E+00
0.8010E+03  0.8897E+00  0.7533E+00  0.7399E+00
0.8020E+03  0.8897E+00  0.7535E+00  0.7401E+00
0.8030E+03  0.8897E+00  0.7535E+00  0.7402E+00
0.8040E+03  0.8897E+00  0.7535E+00  0.7402E+00
0.8050E+03  0.8897E+00  0.7537E+00  0.7404E+00
0.8060E+03  0.8897E+00  0.7539E+00  0.7405E+00
0.8070E+03  0.8897E+00  0.7541E+00  0.7407E+00
0.8080E+03  0.8897E+00  0.7542E+00  0.7409E+00
0.8090E+03  0.8897E+00  0.7543E+00  0.7410E+00
0.8100E+03  0.8897E+00  0.7545E+00  0.7411E+00
0.8110E+03  0.8897E+00  0.7548E+00  0.7414E+00
0.8120E+03  0.8897E+00  0.7550E+00  0.7416E+00
0.8130E+03  0.8897E+00  0.7552E+00  0.7418E+00
0.8140E+03  0.8897E+00  0.7554E+00  0.7420E+00
0.8150E+03  0.8897E+00  0.7557E+00  0.7423E+00
0.8160E+03  0.8897E+00  0.7559E+00  0.7425E+00
0.8170E+03  0.8897E+00  0.7562E+00  0.7428E+00
0.8180E+03  0.8897E+00  0.7564E+00  0.7429E+00
0.8190E+03  0.8897E+00  0.7566E+00  0.7432E+00
0.8200E+03  0.8897E+00  0.7569E+00  0.7435E+00
0.8210E+03  0.8897E+00  0.7571E+00  0.7437E+00
0.8220E+03  0.8897E+00  0.7574E+00  0.7439E+00
0.8230E+03  0.8897E+00  0.7577E+00  0.7442E+00
0.8240E+03  0.8897E+00  0.7580E+00  0.7445E+00
0.8250E+03  0.8897E+00  0.7581E+00  0.7447E+00
0.8260E+03  0.8897E+00  0.7585E+00  0.7451E+00
0.8270E+03  0.8897E+00  0.7588E+00  0.7453E+00
0.8280E+03  0.8897E+00  0.7591E+00  0.7456E+00
0.8290E+03  0.8897E+00  0.7594E+00  0.7459E+00
0.8300E+03  0.8897E+00  0.7597E+00  0.7462E+00
0.8310E+03  0.8897E+00  0.7599E+00  0.7464E+00
0.8320E+03  0.8897E+00  0.7601E+00  0.7466E+00
0.8330E+03  0.8897E+00  0.7603E+00  0.7468E+00
0.8340E+03  0.8897E+00  0.7606E+00  0.7471E+00
0.8350E+03  0.8897E+00  0.7609E+00  0.7474E+00
0.8360E+03  0.8897E+00  0.7612E+00  0.7477E+00
0.8370E+03  0.8897E+00  0.7615E+00  0.7480E+00
0.8380E+03  0.8897E+00  0.7617E+00  0.7482E+00
0.8390E+03  0.8897E+00  0.7620E+00  0.7484E+00
0.8400E+03  0.8897E+00  0.7623E+00  0.7487E+00
0.8410E+03  0.8897E+00  0.7626E+00  0.7490E+00
0.8420E+03  0.8897E+00  0.7628E+00  0.7493E+00
0.8430E+03  0.8897E+00  0.7632E+00  0.7497E+00
0.8440E+03  0.8897E+00  0.7636E+00  0.7501E+00
0.8450E+03  0.8897E+00  0.7639E+00  0.7503E+00
0.8460E+03  0.8898E+00  0.7642E+00  0.7506E+00
0.8470E+03  0.8898E+00  0.7645E+00  0.7509E+00
0.8480E+03  0.8898E+00  0.7649E+00  0.7513E+00
0.8490E+03  0.8898E+00  0.7652E+00  0.7516E+00
0.8500E+03  0.8898E+00  0.7655E+00  0.7519E+00
0.8510E+03  0.8898E+00  0.7659E+00  0.7522E+00
0.8520E+03  0.8898E+00  0.7661E+00  0.7524E+00
0.8530E+03  0.8898E+00  0.7663E+00  0.7526E+00
0.8540E+03  0.8898E+00  0.7666E+00  0.7529E+00
0.8550E+03  0.8898E+00  0.7670E+00  0.7533E+00
0.8560E+03  0.8898E+00  0.7672E+00  0.7535E+00
0.8570E+03  0.8898E+00  0.7675E+00  0.7538E+00
0.8580E+03  0.8898E+00  0.7678E+00  0.7541E+00
0.8590E+03  0.8898E+00  0.7680E+00  0.7544E+00
0.8600E+03  0.8898E+00  0.7683E+00  0.7547E+00
0.8610E+03  0.8898E+00  0.7686E+00  0.7550E+00
0.8620E+03  0.8899E+00  0.7688E+00  0.7552E+00
0.8630E+03  0.8899E+00  0.7690E+00  0.7554E+00
0.8640E+03  0.8899E+00  0.7693E+00  0.7557E+00
0.8650E+03  0.8899E+00  0.7697E+00  0.7561E+00
0.8660E+03  0.8899E+00  0.7700E+00  0.7564E+00
0.8670E+03  0.8899E+00  0.7704E+00  0.7568E+00
0.8680E+03  0.8899E+00  0.7707E+00  0.7571E+00
0.8690E+03  0.8899E+00  0.7710E+00  0.7573E+00
0.8700E+03  0.8899E+00  0.7713E+00  0.7576E+00
0.8710E+03  0.8899E+00  0.7717E+00  0.7580E+00
0.8720E+03  0.8899E+00  0.7720E+00  0.7583E+00
0.8730E+03  0.8899E+00  0.7723E+00  0.7586E+00
0.8740E+03  0.8899E+00  0.7726E+00  0.7589E+00
0.8750E+03  0.8899E+00  0.7729E+00  0.7591E+00
0.8760E+03  0.8899E+00  0.7732E+00  0.7595E+00
0.8770E+03  0.8899E+00  0.7735E+00  0.7598E+00
0.8780E+03  0.8899E+00  0.7738E+00  0.7601E+00
0.8790E+03  0.8899E+00  0.7741E+00  0.7604E+00
0.8800E+03  0.8899E+00  0.7744E+00  0.7606E+00
0.8810E+03  0.8899E+00  0.7747E+00  0.7609E+00
0.8820E+03  0.8899E+00  0.7751E+00  0.7613E+00
0.8830E+03  0.8899E+00  0.7753E+00  0.7616E+00
0.8840E+03  0.8899E+00  0.7756E+00  0.7618E+00
0.8850E+03  0.8899E+00  0.7759E+00  0.7621E+00
0.8860E+03  0.8899E+00  0.7762E+00  0.7624E+00
0.8870E+03  0.8899E+00  0.7765E+00  0.7627E+00
0.8880E+03  0.8899E+00  0.7769E+00  0.7631E+00
0.8890E+03  0.8899E+00  0.7771E+00  0.7633E+00
0.8900E+03  0.8899E+00  0.7774E+00  0.7636E+00
0.8910E+03  0.8899E+00  0.7777E+00  0.7639E+00
0.8920E+03  0.8899E+00  0.7780E+00  0.7641E+00
0.8930E+03  0.8899E+00  0.7782E+00  0.7644E+00
0.8940E+03  0.8899E+00  0.7785E+00  0.7647E+00
0.8950E+03  0.8899E+00  0.7788E+00  0.7650E+00
0.8960E+03  0.8899E+00  0.7792E+00  0.7653E+00
0.8970E+03  0.8899E+00  0.7795E+00  0.7656E+00
0.8980E+03  0.8899E+00  0.7797E+00  0.7659E+00
0.8990E+03  0.8899E+00  0.7800E+00  0.7661E+00
0.9000E+03  0.8899E+00  0.7803E+00  0.7664E+00
0.9010E+03  0.8899E+00  0.7807E+00  0.7668E+00
0.9020E+03  0.8899E+00  0.7809E+00  0.7670E+00
0.9030E+03  0.8899E+00  0.7812E+00  0.7673E+00
0.9040E+03  0.8899E+00  0.7815E+00  0.7676E+00
0.9050E+03  0.8899E+00  0.7817E+00  0.7678E+00
0.9060E+03  0.8899E+00  0.7821E+00  0.7682E+00
0.9070E+03  0.8899E+00  0.7824E+00  0.7685E+00
0.9080E+03  0.8899E+00  0.7827E+00  0.7687E+00
0.9090E+03  0.8899E+00  0.7829E+00  0.7690E+00
0.9100E+03  0.8899E+00  0.7832E+00  0.7693E+00
0.9110E+03  0.8899E+00  0.7835E+00  0.7695E+00
0.9120E+03  0.8899E+00  0.7838E+00  0.7699E+00
0.9130E+03  0.8899E+00  0.7841E+00  0.7701E+00
0.9140E+03  0.8899E+00  0.7844E+00  0.7704E+00
0.9150E+03  0.8899E+00  0.7846E+00  0.7707E+00
0.9160E+03  0.8899E+00  0.7849E+00  0.7709E+00
0.9170E+03  0.8899E+00  0.7851E+00  0.7712E+00
0.9180E+03  0.8899E+00  0.7854E+00  0.7714E+00
0.9190E+03  0.8899E+00  0.7857E+00  0.7717E+00
0.9200E+03  0.8899E+00  0.7859E+00  0.7719E+00
0.9210E+03  0.8899E+00  0.7862E+00  0.7722E+00
0.9220E+03  0.8899E+00  0.7864E+00  0.7724E+00
0.9230E+03  0.8899E+00  0.7867E+00  0.7727E+00
0.9240E+03  0.8899E+00  0.7869E+00  0.7729E+00
0.9250E+03  0.8899E+00  0.7872E+00  0.7732E+00
0.9260E+03  0.8899E+00  0.7875E+00  0.7734E+00
0.9270E+03  0.8899E+00  0.7877E+00  0.7737E+00
0.9280E+03  0.8899E+00  0.7880E+00  0.7739E+00
0.9290E+03  0.8899E+00  0.7882E+00  0.7742E+00
0.9300E+03  0.8899E+00  0.7885E+00  0.7744E+00
0.9310E+03  0.8899E+00  0.7887E+00  0.7746E+00
0.9320E+03  0.8899E+00  0.7888E+00  0.7748E+00
0.9330E+03  0.8899E+00  0.7891E+00  0.7750E+00
0.9340E+03  0.8899E+00  0.7893E+00  0.7753E+00
0.9350E+03  0.8899E+00  0.7896E+00  0.7755E+00
0.9360E+03  0.8899E+00  0.7897E+00  0.7756E+00
0.9370E+03  0.8899E+00  0.7900E+00  0.7759E+00
0.9380E+03  0.8899E+00  0.7902E+00  0.7761E+00
0.9390E+03  0.8899E+00  0.7904E+00  0.7763E+00
0.9400E+03  0.8899E+00  0.7906E+00  0.7765E+00
0.9410E+03  0.8899E+00  0.7908E+00  0.7767E+00
0.9420E+03  0.8899E+00  0.7909E+00  0.7768E+00
0.9430E+03  0.8899E+00  0.7912E+00  0.7770E+00
0.9440E+03  0.8899E+00  0.7914E+00  0.7773E+00
0.9450E+03  0.8899E+00  0.7915E+00  0.7774E+00
0.9460E+03  0.8899E+00  0.7917E+00  0.7776E+00
0.9470E+03  0.8899E+00  0.7919E+00  0.7777E+00
0.9480E+03  0.8899E+00  0.7921E+00  0.7780E+00
0.9490E+03  0.8899E+00  0.7922E+00  0.7781E+00
0.9500E+03  0.8899E+00  0.7924E+00  0.7783E+00
0.9510E+03  0.8899E+00  0.7926E+00  0.7784E+00
0.9520E+03  0.8899E+00  0.7928E+00  0.7786E+00
0.9530E+03  0.8899E+00  0.7929E+00  0.7787E+00
0.9540E+03  0.8899E+00  0.7930E+00  0.7789E+00
0.9550E+03  0.8899E+00  0.7932E+00  0.7791E+00
0.9560E+03  0.8899E+00  0.7933E+00  0.7792E+00
0.9570E+03  0.8899E+00  0.7934E+00  0.7793E+00
0.9580E+03  0.8899E+00  0.7937E+00  0.7795E+00
0.9590E+03  0.8899E+00  0.7938E+00  0.7796E+00
0.9600E+03  0.8899E+00  0.7939E+00  0.7797E+00
0.9610E+03  0.8899E+00  0.7940E+00  0.7798E+00
0.9620E+03  0.8899E+00  0.7942E+00  0.7800E+00
0.9630E+03  0.8899E+00  0.7943E+00  0.7801E+00
0.9640E+03  0.8899E+00  0.7944E+00  0.7802E+00
0.9650E+03  0.8899E+00  0.7945E+00  0.7803E+00
0.9660E+03  0.8899E+00  0.7946E+00  0.7804E+00
0.9670E+03  0.8899E+00  0.7948E+00  0.7806E+00
0.9680E+03  0.8899E+00  0.7949E+00  0.7807E+00
0.9690E+03  0.8899E+00  0.7950E+00  0.7808E+00
0.9700E+03  0.8899E+00  0.7951E+00  0.7809E+00
0.9710E+03  0.8899E+00  0.7952E+00  0.7809E+00
0.9720E+03  0.8899E+00  0.7952E+00  0.7810E+00
0.9730E+03  0.8899E+00  0.7953E+00  0.7811E+00
0.9740E+03  0.8899E+00  0.7953E+00  0.7811E+00
0.9750E+03  0.8899E+00  0.7954E+00  0.7812E+00
0.9760E+03  0.8899E+00  0.7955E+00  0.7812E+00
0.9770E+03  0.8899E+00  0.7955E+00  0.7813E+00
0.9780E+03  0.8899E+00  0.7956E+00  0.7814E+00
0.9790E+03  0.8899E+00  0.7956E+00  0.7814E+00
0.9800E+03  0.8899E+00  0.7957E+00  0.7814E+00
0.9810E+03  0.8899E+00  0.7957E+00  0.7815E+00
0.9820E+03  0.8899E+00  0.7957E+00  0.7815E+00
0.9830E+03  0.8899E+00  0.7958E+00  0.7815E+00
0.9840E+03  0.8899E+00  0.7959E+00  0.7816E+00
0.9850E+03  0.8899E+00  0.7958E+00  0.7816E+00
0.9860E+03  0.8899E+00  0.7959E+00  0.7816E+00
0.9870E+03  0.8899E+00  0.7958E+00  0.7816E+00
0.9880E+03  0.8899E+00  0.7959E+00  0.7817E+00
0.9890E+03  0.8899E+00  0.7958E+00  0.7816E+00
0.9900E+03  0.8899E+00  0.7958E+00  0.7816E+00
0.9910E+03  0.8899E+00  0.7959E+00  0.7816E+00
0.9920E+03  0.8899E+00  0.7958E+00  0.7816E+00
0.9930E+03  0.8899E+00  0.7957E+00  0.7815E+00
0.9940E+03  0.8899E+00  0.7958E+00  0.7816E+00
0.9950E+03  0.8899E+00  0.7957E+00  0.7815E+00
0.9960E+03  0.8899E+00  0.7957E+00  0.7814E+00
0.9970E+03  0.8899E+00  0.7956E+00  0.7814E+00
0.9980E+03  0.8899E+00  0.7957E+00  0.7814E+00
0.9990E+03  0.8899E+00  0.7956E+00  0.7814E+00
0.1000E+04  0.8899E+00  0.7956E+00  0.7813E+00
