980.000000   1.948808   0.003094
981.000000   1.948719   0.002939
982.000000   1.948629   0.002784
983.000000   1.948540   0.002630
984.000000   1.948451   0.002475
985.000000   1.948362   0.002320
986.000000   1.948272   0.002166
987.000000   1.948183   0.002011
988.000000   1.948094   0.001856
989.000000   1.948004   0.001702
990.000000   1.947915   0.001547
991.000000   1.947826   0.001392
992.000000   1.947737   0.001237
993.000000   1.947647   0.001083
994.000000   1.947558   0.000928
995.000000   1.947469   0.000773
996.000000   1.947380   0.000619
997.000000   1.947290   0.000464
998.000000   1.947201   0.000309
999.000000   1.947112   0.000155
1000.000000   1.947023   0.000000
