0.9800E+03  0.1949E+01  0.3375E-02
0.9810E+03  0.1950E+01  0.3320E-02
0.9820E+03  0.1951E+01  0.3304E-02
0.9830E+03  0.1951E+01  0.3247E-02
0.9840E+03  0.1952E+01  0.3189E-02
0.9850E+03  0.1952E+01  0.3170E-02
0.9860E+03  0.1953E+01  0.3110E-02
0.9870E+03  0.1954E+01  0.3088E-02
0.9880E+03  0.1954E+01  0.3026E-02
0.9890E+03  0.1955E+01  0.3003E-02
0.9900E+03  0.1956E+01  0.2978E-02
0.9910E+03  0.1956E+01  0.2912E-02
0.9920E+03  0.1957E+01  0.2885E-02
0.9930E+03  0.1958E+01  0.2856E-02
0.9940E+03  0.1958E+01  0.2787E-02
0.9950E+03  0.1959E+01  0.2756E-02
0.9960E+03  0.1960E+01  0.2723E-02
0.9970E+03  0.1961E+01  0.2689E-02
0.9980E+03  0.1962E+01  0.2653E-02
0.9990E+03  0.1962E+01  0.2616E-02
0.1000E+04  0.1963E+01  0.2540E-02
