450.000000   2.025000   0.000000
470.000000   2.027000   0.000000
490.000000   2.020000   0.000000
510.000000   2.011000   0.000000
530.000000   2.004000   0.000000
550.000000   2.000000   0.000000
570.000000   2.002000   0.000301
590.000000   2.000000   0.002085
610.000000   1.998000   0.004415
630.000000   1.994000   0.007260
650.000000   1.995000   0.010240
670.000000   1.995000   0.013210
690.000000   1.996000   0.016180
710.000000   1.996000   0.018690
730.000000   1.996000   0.020540
750.000000   1.996000   0.021690
770.000000   1.996000   0.022040
790.000000   1.996000   0.021810
810.000000   1.995000   0.020830
830.000000   1.995000   0.018680
850.000000   1.995000   0.016080
870.000000   1.995000   0.013460
890.000000   1.995000   0.010450
910.000000   1.995000   0.007485
930.000000   1.995000   0.004688
950.000000   1.995000   0.002497
970.000000   1.995000   0.001023
990.000000   1.995000   0.000568
