400.000000   2.086000   0.000000
401.000000   2.084684   0.000000
402.000000   2.083377   0.000000
403.000000   2.082077   0.000000
404.000000   2.080786   0.000000
405.000000   2.079503   0.000000
406.000000   2.078228   0.000000
407.000000   2.076961   0.000000
408.000000   2.075703   0.000000
409.000000   2.074452   0.000000
410.000000   2.073210   0.000000
411.000000   2.071975   0.000000
412.000000   2.070748   0.000000
413.000000   2.069530   0.000000
414.000000   2.068319   0.000000
415.000000   2.067116   0.000000
416.000000   2.065921   0.000000
417.000000   2.064734   0.000000
418.000000   2.063555   0.000000
419.000000   2.062383   0.000000
420.000000   2.061219   0.000000
421.000000   2.060063   0.000000
422.000000   2.058915   0.000000
423.000000   2.057774   0.000000
424.000000   2.056641   0.000000
425.000000   2.055515   0.000000
426.000000   2.054397   0.000000
427.000000   2.053287   0.000000
428.000000   2.052184   0.000000
429.000000   2.051088   0.000000
430.000000   2.050000   0.000000
431.000000   2.048907   0.000000
432.000000   2.047799   0.000000
433.000000   2.046681   0.000000
434.000000   2.045556   0.000000
435.000000   2.044428   0.000000
436.000000   2.043302   0.000000
437.000000   2.042182   0.000000
438.000000   2.041071   0.000000
439.000000   2.039975   0.000000
440.000000   2.038896   0.000000
441.000000   2.037840   0.000000
442.000000   2.036810   0.000000
443.000000   2.035809   0.000000
444.000000   2.034844   0.000000
445.000000   2.033916   0.000000
446.000000   2.033032   0.000000
447.000000   2.032194   0.000000
448.000000   2.031406   0.000000
449.000000   2.030674   0.000000
450.000000   2.030000   0.000000
451.000000   2.029388   0.000000
452.000000   2.028832   0.000000
453.000000   2.028319   0.000000
454.000000   2.027838   0.000000
455.000000   2.027378   0.000000
456.000000   2.026928   0.000000
457.000000   2.026477   0.000000
458.000000   2.026012   0.000000
459.000000   2.025524   0.000000
460.000000   2.025000   0.000000
461.000000   2.024444   0.000000
462.000000   2.023870   0.000000
463.000000   2.023280   0.000000
464.000000   2.022679   0.000000
465.000000   2.022068   0.000000
466.000000   2.021452   0.000000
467.000000   2.020834   0.000000
468.000000   2.020217   0.000000
469.000000   2.019605   0.000000
470.000000   2.019000   0.000000
471.000000   2.018404   0.000000
472.000000   2.017815   0.000000
473.000000   2.017229   0.000000
474.000000   2.016644   0.000000
475.000000   2.016058   0.000000
476.000000   2.015466   0.000000
477.000000   2.014868   0.000000
478.000000   2.014259   0.000000
479.000000   2.013637   0.000000
480.000000   2.013000   0.000000
481.000000   2.012339   0.000000
482.000000   2.011652   0.000000
483.000000   2.010945   0.000000
484.000000   2.010226   0.000000
485.000000   2.009500   0.000000
486.000000   2.008774   0.000000
487.000000   2.008055   0.000000
488.000000   2.007348   0.000000
489.000000   2.006661   0.000000
490.000000   2.006000   0.000000
491.000000   2.005367   0.000000
492.000000   2.004756   0.000000
493.000000   2.004162   0.000000
494.000000   2.003579   0.000000
495.000000   2.003002   0.000000
496.000000   2.002424   0.000000
497.000000   2.001841   0.000000
498.000000   2.001246   0.000000
499.000000   2.000634   0.000000
500.000000   2.000000   0.000000
501.000000   1.999336   0.000001
502.000000   1.998639   0.000006
503.000000   1.997912   0.000012
504.000000   1.997157   0.000022
505.000000   1.996375   0.000033
506.000000   1.995568   0.000048
507.000000   1.994738   0.000064
508.000000   1.993887   0.000083
509.000000   1.993017   0.000104
510.000000   1.992128   0.000127
511.000000   1.991224   0.000152
512.000000   1.990307   0.000179
513.000000   1.989376   0.000208
514.000000   1.988436   0.000238
515.000000   1.987487   0.000270
516.000000   1.986531   0.000304
517.000000   1.985570   0.000339
518.000000   1.984607   0.000376
519.000000   1.983642   0.000414
520.000000   1.982677   0.000453
521.000000   1.981715   0.000493
522.000000   1.980757   0.000535
523.000000   1.979805   0.000577
524.000000   1.978861   0.000621
525.000000   1.977927   0.000665
526.000000   1.977003   0.000710
527.000000   1.976094   0.000755
528.000000   1.975199   0.000802
529.000000   1.974321   0.000849
530.000000   1.973462   0.000896
531.000000   1.972623   0.000943
532.000000   1.971807   0.000991
533.000000   1.971014   0.001039
534.000000   1.970248   0.001087
535.000000   1.969510   0.001135
536.000000   1.968801   0.001183
537.000000   1.968123   0.001231
538.000000   1.967479   0.001279
539.000000   1.966870   0.001327
540.000000   1.966298   0.001374
541.000000   1.965764   0.001420
542.000000   1.965271   0.001466
543.000000   1.964820   0.001511
544.000000   1.964413   0.001556
545.000000   1.964052   0.001600
546.000000   1.963739   0.001643
547.000000   1.963475   0.001685
548.000000   1.963263   0.001726
549.000000   1.963104   0.001765
550.000000   1.963000   0.001804
551.000000   1.962925   0.001842
552.000000   1.962851   0.001879
553.000000   1.962778   0.001915
554.000000   1.962707   0.001951
555.000000   1.962637   0.001987
556.000000   1.962568   0.002022
557.000000   1.962500   0.002056
558.000000   1.962434   0.002091
559.000000   1.962370   0.002125
560.000000   1.962306   0.002158
561.000000   1.962244   0.002192
562.000000   1.962184   0.002225
563.000000   1.962124   0.002259
564.000000   1.962067   0.002292
565.000000   1.962010   0.002325
566.000000   1.961955   0.002358
567.000000   1.961902   0.002391
568.000000   1.961849   0.002425
569.000000   1.961799   0.002458
570.000000   1.961750   0.002492
571.000000   1.961702   0.002526
572.000000   1.961656   0.002560
573.000000   1.961611   0.002594
574.000000   1.961567   0.002629
575.000000   1.961526   0.002664
576.000000   1.961485   0.002700
577.000000   1.961447   0.002736
578.000000   1.961409   0.002773
579.000000   1.961374   0.002810
580.000000   1.961340   0.002848
581.000000   1.961307   0.002886
582.000000   1.961276   0.002926
583.000000   1.961247   0.002966
584.000000   1.961219   0.003007
585.000000   1.961193   0.003048
586.000000   1.961168   0.003091
587.000000   1.961145   0.003134
588.000000   1.961124   0.003179
589.000000   1.961105   0.003224
590.000000   1.961087   0.003271
591.000000   1.961070   0.003319
592.000000   1.961056   0.003368
593.000000   1.961043   0.003418
594.000000   1.961031   0.003469
595.000000   1.961022   0.003521
596.000000   1.961014   0.003575
597.000000   1.961008   0.003631
598.000000   1.961004   0.003687
599.000000   1.961001   0.003745
600.000000   1.961000   0.003805
601.000000   1.961012   0.003868
602.000000   1.961047   0.003935
603.000000   1.961104   0.004006
604.000000   1.961182   0.004081
605.000000   1.961280   0.004161
606.000000   1.961397   0.004244
607.000000   1.961533   0.004331
608.000000   1.961686   0.004422
609.000000   1.961855   0.004517
610.000000   1.962040   0.004615
611.000000   1.962239   0.004716
612.000000   1.962452   0.004820
613.000000   1.962676   0.004927
614.000000   1.962913   0.005038
615.000000   1.963160   0.005151
616.000000   1.963417   0.005267
617.000000   1.963682   0.005385
618.000000   1.963955   0.005506
619.000000   1.964235   0.005630
620.000000   1.964520   0.005755
621.000000   1.964810   0.005883
622.000000   1.965104   0.006012
623.000000   1.965401   0.006144
624.000000   1.965700   0.006277
625.000000   1.966000   0.006412
626.000000   1.966300   0.006548
627.000000   1.966599   0.006686
628.000000   1.966896   0.006825
629.000000   1.967190   0.006965
630.000000   1.967480   0.007106
631.000000   1.967765   0.007248
632.000000   1.968045   0.007391
633.000000   1.968318   0.007535
634.000000   1.968583   0.007679
635.000000   1.968840   0.007823
636.000000   1.969087   0.007968
637.000000   1.969324   0.008113
638.000000   1.969548   0.008258
639.000000   1.969761   0.008403
640.000000   1.969960   0.008548
641.000000   1.970145   0.008692
642.000000   1.970314   0.008837
643.000000   1.970467   0.008980
644.000000   1.970603   0.009123
645.000000   1.970720   0.009265
646.000000   1.970818   0.009406
647.000000   1.970896   0.009547
648.000000   1.970953   0.009686
649.000000   1.970988   0.009824
650.000000   1.971000   0.009960
651.000000   1.970994   0.010097
652.000000   1.970976   0.010237
653.000000   1.970947   0.010379
654.000000   1.970907   0.010523
655.000000   1.970857   0.010670
656.000000   1.970796   0.010819
657.000000   1.970725   0.010970
658.000000   1.970645   0.011123
659.000000   1.970556   0.011277
660.000000   1.970459   0.011433
661.000000   1.970353   0.011591
662.000000   1.970239   0.011750
663.000000   1.970118   0.011910
664.000000   1.969990   0.012071
665.000000   1.969855   0.012233
666.000000   1.969715   0.012396
667.000000   1.969568   0.012560
668.000000   1.969415   0.012724
669.000000   1.969258   0.012889
670.000000   1.969096   0.013054
671.000000   1.968930   0.013219
672.000000   1.968759   0.013384
673.000000   1.968586   0.013549
674.000000   1.968409   0.013714
675.000000   1.968229   0.013879
676.000000   1.968047   0.014043
677.000000   1.967863   0.014207
678.000000   1.967678   0.014370
679.000000   1.967491   0.014532
680.000000   1.967304   0.014693
681.000000   1.967116   0.014853
682.000000   1.966929   0.015012
683.000000   1.966741   0.015170
684.000000   1.966555   0.015326
685.000000   1.966369   0.015481
686.000000   1.966186   0.015633
687.000000   1.966004   0.015784
688.000000   1.965825   0.015933
689.000000   1.965648   0.016080
690.000000   1.965475   0.016225
691.000000   1.965305   0.016367
692.000000   1.965139   0.016507
693.000000   1.964977   0.016644
694.000000   1.964820   0.016778
695.000000   1.964668   0.016910
696.000000   1.964522   0.017038
697.000000   1.964382   0.017164
698.000000   1.964248   0.017286
699.000000   1.964120   0.017405
700.000000   1.964000   0.017520
701.000000   1.963885   0.017634
702.000000   1.963771   0.017749
703.000000   1.963661   0.017866
704.000000   1.963552   0.017983
705.000000   1.963445   0.018101
706.000000   1.963341   0.018220
707.000000   1.963238   0.018339
708.000000   1.963137   0.018459
709.000000   1.963037   0.018579
710.000000   1.962939   0.018699
711.000000   1.962842   0.018819
712.000000   1.962747   0.018938
713.000000   1.962653   0.019058
714.000000   1.962560   0.019177
715.000000   1.962468   0.019296
716.000000   1.962376   0.019414
717.000000   1.962286   0.019531
718.000000   1.962196   0.019647
719.000000   1.962106   0.019762
720.000000   1.962017   0.019876
721.000000   1.961928   0.019988
722.000000   1.961840   0.020099
723.000000   1.961751   0.020209
724.000000   1.961663   0.020316
725.000000   1.961574   0.020422
726.000000   1.961486   0.020526
727.000000   1.961396   0.020628
728.000000   1.961307   0.020727
729.000000   1.961217   0.020824
730.000000   1.961126   0.020918
731.000000   1.961034   0.021010
732.000000   1.960942   0.021098
733.000000   1.960848   0.021184
734.000000   1.960753   0.021267
735.000000   1.960658   0.021346
736.000000   1.960560   0.021422
737.000000   1.960462   0.021495
738.000000   1.960362   0.021564
739.000000   1.960260   0.021629
740.000000   1.960156   0.021691
741.000000   1.960051   0.021748
742.000000   1.959943   0.021801
743.000000   1.959834   0.021850
744.000000   1.959722   0.021894
745.000000   1.959608   0.021934
746.000000   1.959492   0.021969
747.000000   1.959373   0.022000
748.000000   1.959251   0.022025
749.000000   1.959127   0.022045
750.000000   1.959000   0.022060
751.000000   1.958870   0.022072
752.000000   1.958737   0.022084
753.000000   1.958602   0.022096
754.000000   1.958464   0.022108
755.000000   1.958323   0.022119
756.000000   1.958180   0.022130
757.000000   1.958034   0.022141
758.000000   1.957885   0.022152
759.000000   1.957735   0.022163
760.000000   1.957582   0.022173
761.000000   1.957426   0.022183
762.000000   1.957268   0.022193
763.000000   1.957108   0.022203
764.000000   1.956946   0.022212
765.000000   1.956781   0.022222
766.000000   1.956614   0.022231
767.000000   1.956446   0.022240
768.000000   1.956275   0.022248
769.000000   1.956102   0.022257
770.000000   1.955927   0.022265
771.000000   1.955751   0.022273
772.000000   1.955572   0.022280
773.000000   1.955392   0.022288
774.000000   1.955210   0.022295
775.000000   1.955026   0.022302
776.000000   1.954840   0.022309
777.000000   1.954653   0.022315
778.000000   1.954465   0.022321
779.000000   1.954274   0.022327
780.000000   1.954082   0.022333
781.000000   1.953889   0.022338
782.000000   1.953695   0.022344
783.000000   1.953499   0.022348
784.000000   1.953301   0.022353
785.000000   1.953103   0.022357
786.000000   1.952903   0.022362
787.000000   1.952702   0.022365
788.000000   1.952499   0.022369
789.000000   1.952296   0.022372
790.000000   1.952092   0.022375
791.000000   1.951886   0.022378
792.000000   1.951680   0.022381
793.000000   1.951473   0.022383
794.000000   1.951265   0.022385
795.000000   1.951056   0.022386
796.000000   1.950846   0.022388
797.000000   1.950635   0.022389
798.000000   1.950424   0.022389
799.000000   1.950212   0.022390
800.000000   1.950000   0.022390
801.000000   1.949785   0.022387
802.000000   1.949565   0.022379
803.000000   1.949340   0.022365
804.000000   1.949110   0.022346
805.000000   1.948876   0.022322
806.000000   1.948638   0.022293
807.000000   1.948396   0.022260
808.000000   1.948150   0.022221
809.000000   1.947901   0.022179
810.000000   1.947648   0.022132
811.000000   1.947392   0.022081
812.000000   1.947133   0.022026
813.000000   1.946872   0.021967
814.000000   1.946607   0.021905
815.000000   1.946341   0.021839
816.000000   1.946072   0.021770
817.000000   1.945801   0.021698
818.000000   1.945528   0.021623
819.000000   1.945253   0.021545
820.000000   1.944978   0.021465
821.000000   1.944700   0.021382
822.000000   1.944422   0.021296
823.000000   1.944143   0.021209
824.000000   1.943864   0.021119
825.000000   1.943583   0.021028
826.000000   1.943303   0.020935
827.000000   1.943023   0.020840
828.000000   1.942742   0.020745
829.000000   1.942462   0.020648
830.000000   1.942183   0.020550
831.000000   1.941904   0.020451
832.000000   1.941626   0.020351
833.000000   1.941349   0.020251
834.000000   1.941074   0.020150
835.000000   1.940800   0.020049
836.000000   1.940527   0.019948
837.000000   1.940257   0.019848
838.000000   1.939988   0.019747
839.000000   1.939722   0.019647
840.000000   1.939459   0.019548
841.000000   1.939198   0.019449
842.000000   1.938939   0.019351
843.000000   1.938684   0.019254
844.000000   1.938432   0.019159
845.000000   1.938184   0.019064
846.000000   1.937939   0.018972
847.000000   1.937698   0.018881
848.000000   1.937461   0.018792
849.000000   1.937228   0.018705
850.000000   1.937000   0.018620
851.000000   1.936772   0.018536
852.000000   1.936541   0.018451
853.000000   1.936308   0.018365
854.000000   1.936071   0.018279
855.000000   1.935832   0.018191
856.000000   1.935591   0.018104
857.000000   1.935349   0.018015
858.000000   1.935104   0.017926
859.000000   1.934859   0.017836
860.000000   1.934612   0.017745
861.000000   1.934365   0.017654
862.000000   1.934117   0.017562
863.000000   1.933869   0.017470
864.000000   1.933621   0.017377
865.000000   1.933374   0.017284
866.000000   1.933127   0.017190
867.000000   1.932881   0.017096
868.000000   1.932636   0.017001
869.000000   1.932392   0.016906
870.000000   1.932150   0.016811
871.000000   1.931910   0.016715
872.000000   1.931672   0.016620
873.000000   1.931437   0.016523
874.000000   1.931204   0.016427
875.000000   1.930975   0.016330
876.000000   1.930749   0.016233
877.000000   1.930526   0.016136
878.000000   1.930307   0.016039
879.000000   1.930092   0.015942
880.000000   1.929882   0.015845
881.000000   1.929676   0.015747
882.000000   1.929475   0.015650
883.000000   1.929279   0.015552
884.000000   1.929089   0.015455
885.000000   1.928904   0.015358
886.000000   1.928725   0.015260
887.000000   1.928553   0.015163
888.000000   1.928387   0.015066
889.000000   1.928228   0.014969
890.000000   1.928076   0.014872
891.000000   1.927931   0.014776
892.000000   1.927793   0.014679
893.000000   1.927664   0.014583
894.000000   1.927543   0.014487
895.000000   1.927430   0.014392
896.000000   1.927325   0.014297
897.000000   1.927230   0.014202
898.000000   1.927144   0.014108
899.000000   1.927067   0.014014
900.000000   1.927000   0.013920
901.000000   1.926938   0.013826
902.000000   1.926877   0.013732
903.000000   1.926816   0.013637
904.000000   1.926756   0.013541
905.000000   1.926697   0.013445
906.000000   1.926640   0.013349
907.000000   1.926583   0.013253
908.000000   1.926529   0.013156
909.000000   1.926476   0.013060
910.000000   1.926425   0.012963
911.000000   1.926375   0.012867
912.000000   1.926329   0.012771
913.000000   1.926284   0.012676
914.000000   1.926242   0.012581
915.000000   1.926203   0.012486
916.000000   1.926167   0.012393
917.000000   1.926134   0.012300
918.000000   1.926104   0.012208
919.000000   1.926077   0.012117
920.000000   1.926054   0.012028
921.000000   1.926035   0.011939
922.000000   1.926020   0.011852
923.000000   1.926009   0.011767
924.000000   1.926002   0.011682
925.000000   1.926000   0.011600
926.000000   1.926014   0.011517
927.000000   1.926055   0.011433
928.000000   1.926119   0.011348
929.000000   1.926206   0.011261
930.000000   1.926312   0.011174
931.000000   1.926435   0.011087
932.000000   1.926574   0.010999
933.000000   1.926725   0.010912
934.000000   1.926886   0.010825
935.000000   1.927056   0.010739
936.000000   1.927231   0.010655
937.000000   1.927410   0.010572
938.000000   1.927590   0.010491
939.000000   1.927769   0.010412
940.000000   1.927944   0.010335
941.000000   1.928114   0.010262
942.000000   1.928275   0.010191
943.000000   1.928426   0.010125
944.000000   1.928565   0.010061
945.000000   1.928688   0.010002
946.000000   1.928794   0.009948
947.000000   1.928881   0.009898
948.000000   1.928945   0.009853
949.000000   1.928986   0.009814
950.000000   1.929000   0.009780
951.000000   1.929000   0.009750
952.000000   1.929000   0.009723
953.000000   1.929000   0.009697
954.000000   1.929000   0.009673
955.000000   1.929000   0.009651
956.000000   1.929000   0.009630
957.000000   1.929000   0.009610
958.000000   1.929000   0.009592
959.000000   1.929000   0.009574
960.000000   1.929000   0.009558
961.000000   1.929000   0.009542
962.000000   1.929000   0.009526
963.000000   1.929000   0.009511
964.000000   1.929000   0.009495
965.000000   1.929000   0.009480
966.000000   1.929000   0.009465
967.000000   1.929000   0.009449
968.000000   1.929000   0.009433
969.000000   1.929000   0.009416
970.000000   1.929000   0.009399
971.000000   1.929000   0.009380
972.000000   1.929000   0.009360
973.000000   1.929000   0.009339
974.000000   1.929000   0.009317
975.000000   1.929000   0.009293
976.000000   1.929040   0.009268
977.000000   1.929159   0.009241
978.000000   1.929353   0.009214
979.000000   1.929618   0.009186
980.000000   1.929952   0.009157
981.000000   1.930351   0.009128
982.000000   1.930813   0.009097
983.000000   1.931333   0.009066
984.000000   1.931908   0.009034
985.000000   1.932536   0.009001
986.000000   1.933213   0.008967
987.000000   1.933935   0.008933
988.000000   1.934700   0.008898
989.000000   1.935504   0.008862
990.000000   1.936344   0.008826
991.000000   1.937217   0.008789
992.000000   1.938119   0.008751
993.000000   1.939047   0.008713
994.000000   1.939998   0.008674
995.000000   1.940968   0.008635
996.000000   1.941955   0.008595
997.000000   1.942955   0.008555
998.000000   1.943964   0.008514
999.000000   1.944981   0.008473
1000.000000   1.946000   0.008431
