450.000000   2.027000   0.000000
451.000000   2.027795   0.000000
452.000000   2.028576   0.000000
453.000000   2.029341   0.000000
454.000000   2.030088   0.000000
455.000000   2.030813   0.000000
456.000000   2.031512   0.000000
457.000000   2.032183   0.000000
458.000000   2.032824   0.000000
459.000000   2.033431   0.000000
460.000000   2.034000   0.000000
461.000000   2.034530   0.000000
462.000000   2.035016   0.000000
463.000000   2.035457   0.000000
464.000000   2.035848   0.000000
465.000000   2.036187   0.000000
466.000000   2.036472   0.000000
467.000000   2.036698   0.000000
468.000000   2.036864   0.000000
469.000000   2.036965   0.000000
470.000000   2.037000   0.000000
471.000000   2.036992   0.000000
472.000000   2.036970   0.000000
473.000000   2.036933   0.000000
474.000000   2.036883   0.000000
475.000000   2.036821   0.000000
476.000000   2.036748   0.000000
477.000000   2.036664   0.000000
478.000000   2.036570   0.000000
479.000000   2.036468   0.000000
480.000000   2.036357   0.000000
481.000000   2.036239   0.000000
482.000000   2.036115   0.000000
483.000000   2.035986   0.000000
484.000000   2.035852   0.000000
485.000000   2.035714   0.000000
486.000000   2.035574   0.000000
487.000000   2.035431   0.000000
488.000000   2.035287   0.000000
489.000000   2.035143   0.000000
490.000000   2.035000   0.000000
491.000000   2.034848   0.000000
492.000000   2.034678   0.000000
493.000000   2.034491   0.000000
494.000000   2.034289   0.000000
495.000000   2.034073   0.000000
496.000000   2.033844   0.000000
497.000000   2.033603   0.000000
498.000000   2.033352   0.000000
499.000000   2.033092   0.000000
500.000000   2.032825   0.000000
501.000000   2.032551   0.000000
502.000000   2.032271   0.000000
503.000000   2.031988   0.000000
504.000000   2.031702   0.000000
505.000000   2.031414   0.000000
506.000000   2.031127   0.000000
507.000000   2.030840   0.000000
508.000000   2.030556   0.000000
509.000000   2.030276   0.000000
510.000000   2.030000   0.000000
511.000000   2.029723   0.000001
512.000000   2.029439   0.000003
513.000000   2.029149   0.000006
514.000000   2.028852   0.000011
515.000000   2.028551   0.000017
516.000000   2.028246   0.000024
517.000000   2.027937   0.000032
518.000000   2.027626   0.000041
519.000000   2.027313   0.000050
520.000000   2.027000   0.000061
521.000000   2.026686   0.000072
522.000000   2.026374   0.000084
523.000000   2.026063   0.000096
524.000000   2.025754   0.000109
525.000000   2.025449   0.000122
526.000000   2.025148   0.000135
527.000000   2.024851   0.000149
528.000000   2.024561   0.000162
529.000000   2.024277   0.000176
530.000000   2.024000   0.000190
531.000000   2.023735   0.000204
532.000000   2.023486   0.000219
533.000000   2.023249   0.000234
534.000000   2.023022   0.000251
535.000000   2.022803   0.000268
536.000000   2.022591   0.000287
537.000000   2.022382   0.000306
538.000000   2.022175   0.000327
539.000000   2.021967   0.000348
540.000000   2.021756   0.000371
541.000000   2.021540   0.000395
542.000000   2.021316   0.000421
543.000000   2.021083   0.000448
544.000000   2.020839   0.000476
545.000000   2.020580   0.000506
546.000000   2.020305   0.000538
547.000000   2.020012   0.000571
548.000000   2.019698   0.000606
549.000000   2.019362   0.000642
550.000000   2.019000   0.000681
551.000000   2.018591   0.000726
552.000000   2.018116   0.000781
553.000000   2.017581   0.000847
554.000000   2.016990   0.000921
555.000000   2.016349   0.001003
556.000000   2.015662   0.001093
557.000000   2.014934   0.001189
558.000000   2.014170   0.001291
559.000000   2.013375   0.001399
560.000000   2.012555   0.001510
561.000000   2.011713   0.001625
562.000000   2.010855   0.001743
563.000000   2.009986   0.001862
564.000000   2.009110   0.001983
565.000000   2.008233   0.002104
566.000000   2.007360   0.002225
567.000000   2.006495   0.002344
568.000000   2.005643   0.002461
569.000000   2.004810   0.002576
570.000000   2.004000   0.002687
571.000000   2.003183   0.002798
572.000000   2.002331   0.002912
573.000000   2.001448   0.003029
574.000000   2.000540   0.003149
575.000000   1.999613   0.003271
576.000000   1.998671   0.003395
577.000000   1.997720   0.003520
578.000000   1.996765   0.003646
579.000000   1.995813   0.003773
580.000000   1.994868   0.003899
581.000000   1.993935   0.004025
582.000000   1.993021   0.004151
583.000000   1.992130   0.004275
584.000000   1.991267   0.004397
585.000000   1.990439   0.004518
586.000000   1.989651   0.004635
587.000000   1.988907   0.004750
588.000000   1.988214   0.004862
589.000000   1.987576   0.004969
590.000000   1.987000   0.005073
591.000000   1.986464   0.005173
592.000000   1.985943   0.005270
593.000000   1.985437   0.005364
594.000000   1.984946   0.005456
595.000000   1.984470   0.005547
596.000000   1.984009   0.005635
597.000000   1.983562   0.005722
598.000000   1.983129   0.005808
599.000000   1.982711   0.005892
600.000000   1.982307   0.005976
601.000000   1.981916   0.006060
602.000000   1.981540   0.006143
603.000000   1.981176   0.006226
604.000000   1.980827   0.006310
605.000000   1.980490   0.006394
606.000000   1.980167   0.006479
607.000000   1.979856   0.006565
608.000000   1.979558   0.006652
609.000000   1.979273   0.006741
610.000000   1.979000   0.006832
611.000000   1.978738   0.006924
612.000000   1.978487   0.007016
613.000000   1.978245   0.007108
614.000000   1.978011   0.007201
615.000000   1.977786   0.007293
616.000000   1.977568   0.007387
617.000000   1.977357   0.007480
618.000000   1.977153   0.007574
619.000000   1.976955   0.007669
620.000000   1.976762   0.007764
621.000000   1.976574   0.007859
622.000000   1.976390   0.007955
623.000000   1.976209   0.008052
624.000000   1.976032   0.008149
625.000000   1.975857   0.008247
626.000000   1.975684   0.008345
627.000000   1.975513   0.008445
628.000000   1.975342   0.008545
629.000000   1.975171   0.008645
630.000000   1.975000   0.008747
631.000000   1.974831   0.008850
632.000000   1.974665   0.008954
633.000000   1.974504   0.009059
634.000000   1.974345   0.009166
635.000000   1.974190   0.009274
636.000000   1.974037   0.009382
637.000000   1.973887   0.009492
638.000000   1.973738   0.009602
639.000000   1.973592   0.009712
640.000000   1.973446   0.009823
641.000000   1.973302   0.009935
642.000000   1.973159   0.010046
643.000000   1.973016   0.010158
644.000000   1.972873   0.010269
645.000000   1.972730   0.010381
646.000000   1.972586   0.010492
647.000000   1.972442   0.010602
648.000000   1.972296   0.010712
649.000000   1.972149   0.010821
650.000000   1.972000   0.010930
651.000000   1.971851   0.011038
652.000000   1.971704   0.011145
653.000000   1.971558   0.011253
654.000000   1.971414   0.011360
655.000000   1.971270   0.011467
656.000000   1.971127   0.011573
657.000000   1.970984   0.011680
658.000000   1.970841   0.011786
659.000000   1.970698   0.011893
660.000000   1.970554   0.011999
661.000000   1.970408   0.012105
662.000000   1.970262   0.012212
663.000000   1.970113   0.012318
664.000000   1.969963   0.012425
665.000000   1.969810   0.012532
666.000000   1.969655   0.012639
667.000000   1.969496   0.012746
668.000000   1.969335   0.012854
669.000000   1.969169   0.012962
670.000000   1.969000   0.013070
671.000000   1.968823   0.013179
672.000000   1.968634   0.013289
673.000000   1.968436   0.013401
674.000000   1.968230   0.013513
675.000000   1.968018   0.013625
676.000000   1.967800   0.013738
677.000000   1.967578   0.013852
678.000000   1.967354   0.013965
679.000000   1.967129   0.014078
680.000000   1.966905   0.014191
681.000000   1.966682   0.014304
682.000000   1.966463   0.014416
683.000000   1.966248   0.014527
684.000000   1.966040   0.014638
685.000000   1.965839   0.014747
686.000000   1.965648   0.014855
687.000000   1.965466   0.014961
688.000000   1.965297   0.015066
689.000000   1.965141   0.015169
690.000000   1.965000   0.015270
691.000000   1.964868   0.015370
692.000000   1.964740   0.015469
693.000000   1.964615   0.015568
694.000000   1.964493   0.015667
695.000000   1.964375   0.015765
696.000000   1.964260   0.015862
697.000000   1.964148   0.015959
698.000000   1.964040   0.016055
699.000000   1.963935   0.016149
700.000000   1.963833   0.016243
701.000000   1.963735   0.016336
702.000000   1.963640   0.016427
703.000000   1.963548   0.016517
704.000000   1.963460   0.016605
705.000000   1.963375   0.016692
706.000000   1.963293   0.016777
707.000000   1.963215   0.016861
708.000000   1.963140   0.016943
709.000000   1.963068   0.017022
710.000000   1.963000   0.017100
711.000000   1.962936   0.017177
712.000000   1.962876   0.017253
713.000000   1.962820   0.017329
714.000000   1.962768   0.017404
715.000000   1.962719   0.017478
716.000000   1.962672   0.017552
717.000000   1.962627   0.017625
718.000000   1.962584   0.017696
719.000000   1.962542   0.017766
720.000000   1.962500   0.017835
721.000000   1.962458   0.017903
722.000000   1.962416   0.017968
723.000000   1.962373   0.018032
724.000000   1.962328   0.018095
725.000000   1.962281   0.018155
726.000000   1.962232   0.018213
727.000000   1.962180   0.018268
728.000000   1.962124   0.018321
729.000000   1.962064   0.018372
730.000000   1.962000   0.018420
731.000000   1.961932   0.018467
732.000000   1.961860   0.018515
733.000000   1.961785   0.018564
734.000000   1.961707   0.018612
735.000000   1.961625   0.018661
736.000000   1.961540   0.018709
737.000000   1.961452   0.018756
738.000000   1.961360   0.018802
739.000000   1.961265   0.018847
740.000000   1.961167   0.018889
741.000000   1.961065   0.018930
742.000000   1.960960   0.018968
743.000000   1.960852   0.019003
744.000000   1.960740   0.019035
745.000000   1.960625   0.019063
746.000000   1.960507   0.019088
747.000000   1.960385   0.019108
748.000000   1.960260   0.019124
749.000000   1.960132   0.019134
750.000000   1.960000   0.019140
751.000000   1.959860   0.019143
752.000000   1.959708   0.019146
753.000000   1.959545   0.019148
754.000000   1.959371   0.019150
755.000000   1.959188   0.019153
756.000000   1.958996   0.019155
757.000000   1.958797   0.019157
758.000000   1.958592   0.019159
759.000000   1.958381   0.019161
760.000000   1.958167   0.019162
761.000000   1.957948   0.019164
762.000000   1.957728   0.019165
763.000000   1.957506   0.019166
764.000000   1.957284   0.019167
765.000000   1.957062   0.019168
766.000000   1.956843   0.019169
767.000000   1.956626   0.019169
768.000000   1.956412   0.019170
769.000000   1.956203   0.019170
770.000000   1.956000   0.019170
771.000000   1.955800   0.019169
772.000000   1.955600   0.019164
773.000000   1.955400   0.019157
774.000000   1.955200   0.019148
775.000000   1.955000   0.019136
776.000000   1.954800   0.019122
777.000000   1.954600   0.019106
778.000000   1.954400   0.019088
779.000000   1.954200   0.019069
780.000000   1.954000   0.019048
781.000000   1.953800   0.019025
782.000000   1.953600   0.019002
783.000000   1.953400   0.018977
784.000000   1.953200   0.018952
785.000000   1.953000   0.018925
786.000000   1.952800   0.018899
787.000000   1.952600   0.018872
788.000000   1.952400   0.018844
789.000000   1.952200   0.018817
790.000000   1.952000   0.018790
791.000000   1.951802   0.018762
792.000000   1.951607   0.018731
793.000000   1.951415   0.018698
794.000000   1.951226   0.018663
795.000000   1.951038   0.018626
796.000000   1.950850   0.018587
797.000000   1.950664   0.018545
798.000000   1.950477   0.018502
799.000000   1.950289   0.018457
800.000000   1.950100   0.018410
801.000000   1.949909   0.018361
802.000000   1.949715   0.018310
803.000000   1.949518   0.018258
804.000000   1.949318   0.018204
805.000000   1.949113   0.018148
806.000000   1.948902   0.018091
807.000000   1.948687   0.018033
808.000000   1.948465   0.017973
809.000000   1.948236   0.017912
810.000000   1.948000   0.017850
811.000000   1.947754   0.017784
812.000000   1.947497   0.017713
813.000000   1.947230   0.017636
814.000000   1.946954   0.017555
815.000000   1.946669   0.017469
816.000000   1.946376   0.017379
817.000000   1.946077   0.017286
818.000000   1.945773   0.017189
819.000000   1.945463   0.017090
820.000000   1.945150   0.016989
821.000000   1.944834   0.016886
822.000000   1.944515   0.016782
823.000000   1.944196   0.016677
824.000000   1.943876   0.016571
825.000000   1.943556   0.016465
826.000000   1.943238   0.016360
827.000000   1.942923   0.016255
828.000000   1.942611   0.016152
829.000000   1.942303   0.016050
830.000000   1.942000   0.015950
831.000000   1.941701   0.015851
832.000000   1.941404   0.015750
833.000000   1.941109   0.015648
834.000000   1.940815   0.015545
835.000000   1.940522   0.015441
836.000000   1.940229   0.015337
837.000000   1.939937   0.015232
838.000000   1.939644   0.015126
839.000000   1.939351   0.015021
840.000000   1.939058   0.014915
841.000000   1.938763   0.014810
842.000000   1.938466   0.014705
843.000000   1.938168   0.014601
844.000000   1.937868   0.014497
845.000000   1.937565   0.014394
846.000000   1.937259   0.014293
847.000000   1.936950   0.014192
848.000000   1.936637   0.014093
849.000000   1.936321   0.013996
850.000000   1.936000   0.013900
851.000000   1.935675   0.013806
852.000000   1.935348   0.013713
853.000000   1.935017   0.013621
854.000000   1.934684   0.013530
855.000000   1.934348   0.013440
856.000000   1.934009   0.013350
857.000000   1.933667   0.013262
858.000000   1.933322   0.013174
859.000000   1.932975   0.013086
860.000000   1.932626   0.012999
861.000000   1.932273   0.012913
862.000000   1.931919   0.012827
863.000000   1.931562   0.012741
864.000000   1.931203   0.012655
865.000000   1.930841   0.012569
866.000000   1.930477   0.012484
867.000000   1.930111   0.012398
868.000000   1.929743   0.012312
869.000000   1.929372   0.012226
870.000000   1.929000   0.012140
871.000000   1.928609   0.012054
872.000000   1.928187   0.011968
873.000000   1.927739   0.011883
874.000000   1.927269   0.011798
875.000000   1.926783   0.011714
876.000000   1.926286   0.011630
877.000000   1.925783   0.011546
878.000000   1.925279   0.011462
879.000000   1.924780   0.011378
880.000000   1.924289   0.011294
881.000000   1.923812   0.011211
882.000000   1.923355   0.011127
883.000000   1.922922   0.011042
884.000000   1.922519   0.010958
885.000000   1.922150   0.010873
886.000000   1.921821   0.010787
887.000000   1.921536   0.010702
888.000000   1.921301   0.010615
889.000000   1.921120   0.010528
890.000000   1.921000   0.010440
891.000000   1.920915   0.010351
892.000000   1.920837   0.010260
893.000000   1.920766   0.010169
894.000000   1.920700   0.010076
895.000000   1.920641   0.009982
896.000000   1.920586   0.009888
897.000000   1.920535   0.009793
898.000000   1.920488   0.009698
899.000000   1.920444   0.009603
900.000000   1.920403   0.009508
901.000000   1.920363   0.009413
902.000000   1.920325   0.009319
903.000000   1.920288   0.009225
904.000000   1.920251   0.009133
905.000000   1.920214   0.009041
906.000000   1.920175   0.008950
907.000000   1.920135   0.008861
908.000000   1.920093   0.008774
909.000000   1.920048   0.008688
910.000000   1.920000   0.008604
911.000000   1.919948   0.008521
912.000000   1.919891   0.008439
913.000000   1.919831   0.008357
914.000000   1.919768   0.008275
915.000000   1.919703   0.008194
916.000000   1.919637   0.008114
917.000000   1.919570   0.008034
918.000000   1.919504   0.007955
919.000000   1.919439   0.007877
920.000000   1.919375   0.007800
921.000000   1.919314   0.007724
922.000000   1.919256   0.007649
923.000000   1.919202   0.007575
924.000000   1.919153   0.007502
925.000000   1.919109   0.007431
926.000000   1.919072   0.007362
927.000000   1.919042   0.007293
928.000000   1.919019   0.007227
929.000000   1.919005   0.007162
930.000000   1.919000   0.007099
931.000000   1.919007   0.007035
932.000000   1.919028   0.006969
933.000000   1.919061   0.006900
934.000000   1.919104   0.006830
935.000000   1.919156   0.006759
936.000000   1.919216   0.006688
937.000000   1.919282   0.006618
938.000000   1.919352   0.006548
939.000000   1.919425   0.006480
940.000000   1.919500   0.006415
941.000000   1.919575   0.006353
942.000000   1.919648   0.006295
943.000000   1.919718   0.006241
944.000000   1.919784   0.006192
945.000000   1.919844   0.006149
946.000000   1.919896   0.006112
947.000000   1.919939   0.006082
948.000000   1.919972   0.006060
949.000000   1.919993   0.006047
950.000000   1.920000   0.006042
951.000000   1.919978   0.006043
952.000000   1.919916   0.006045
953.000000   1.919818   0.006049
954.000000   1.919688   0.006054
955.000000   1.919531   0.006061
956.000000   1.919352   0.006068
957.000000   1.919155   0.006076
958.000000   1.918944   0.006084
959.000000   1.918724   0.006093
960.000000   1.918500   0.006101
961.000000   1.918276   0.006110
962.000000   1.918056   0.006119
963.000000   1.917845   0.006127
964.000000   1.917648   0.006135
965.000000   1.917469   0.006142
966.000000   1.917312   0.006149
967.000000   1.917182   0.006154
968.000000   1.917084   0.006158
969.000000   1.917022   0.006160
970.000000   1.917000   0.006161
971.000000   1.917030   0.006160
972.000000   1.917117   0.006157
973.000000   1.917260   0.006153
974.000000   1.917456   0.006147
975.000000   1.917703   0.006139
976.000000   1.917999   0.006130
977.000000   1.918341   0.006119
978.000000   1.918728   0.006107
979.000000   1.919157   0.006094
980.000000   1.919625   0.006079
981.000000   1.920131   0.006063
982.000000   1.920672   0.006046
983.000000   1.921246   0.006028
984.000000   1.921851   0.006009
985.000000   1.922484   0.005989
986.000000   1.923144   0.005968
987.000000   1.923828   0.005946
988.000000   1.924533   0.005923
989.000000   1.925258   0.005900
990.000000   1.926000   0.005876
991.000000   1.926757   0.005851
992.000000   1.927527   0.005826
993.000000   1.928307   0.005801
994.000000   1.929096   0.005775
995.000000   1.929891   0.005748
996.000000   1.930689   0.005721
997.000000   1.931489   0.005695
998.000000   1.932288   0.005667
999.000000   1.933084   0.005640
1000.000000   1.933875   0.005613
