450.000000   2.026000   0.000000
451.000000   2.025991   0.000000
452.000000   2.025963   0.000000
453.000000   2.025917   0.000000
454.000000   2.025855   0.000000
455.000000   2.025776   0.000000
456.000000   2.025682   0.000000
457.000000   2.025574   0.000000
458.000000   2.025451   0.000000
459.000000   2.025316   0.000000
460.000000   2.025168   0.000000
461.000000   2.025009   0.000000
462.000000   2.024839   0.000000
463.000000   2.024659   0.000000
464.000000   2.024470   0.000000
465.000000   2.024272   0.000000
466.000000   2.024067   0.000000
467.000000   2.023854   0.000000
468.000000   2.023636   0.000000
469.000000   2.023412   0.000000
470.000000   2.023184   0.000000
471.000000   2.022952   0.000000
472.000000   2.022717   0.000000
473.000000   2.022479   0.000000
474.000000   2.022240   0.000000
475.000000   2.022000   0.000000
476.000000   2.021747   0.000000
477.000000   2.021470   0.000000
478.000000   2.021168   0.000000
479.000000   2.020843   0.000000
480.000000   2.020496   0.000000
481.000000   2.020127   0.000000
482.000000   2.019737   0.000000
483.000000   2.019326   0.000000
484.000000   2.018897   0.000000
485.000000   2.018448   0.000000
486.000000   2.017982   0.000000
487.000000   2.017498   0.000000
488.000000   2.016998   0.000000
489.000000   2.016482   0.000000
490.000000   2.015952   0.000000
491.000000   2.015407   0.000000
492.000000   2.014850   0.000000
493.000000   2.014279   0.000000
494.000000   2.013697   0.000000
495.000000   2.013104   0.000000
496.000000   2.012501   0.000000
497.000000   2.011888   0.000000
498.000000   2.011266   0.000000
499.000000   2.010637   0.000000
500.000000   2.010000   0.000000
501.000000   2.009301   0.000008
502.000000   2.008492   0.000032
503.000000   2.007584   0.000070
504.000000   2.006588   0.000121
505.000000   2.005517   0.000184
506.000000   2.004382   0.000256
507.000000   2.003195   0.000338
508.000000   2.001966   0.000427
509.000000   2.000708   0.000522
510.000000   1.999432   0.000622
511.000000   1.998150   0.000725
512.000000   1.996873   0.000831
513.000000   1.995613   0.000936
514.000000   1.994381   0.001042
515.000000   1.993188   0.001145
516.000000   1.992048   0.001245
517.000000   1.990970   0.001340
518.000000   1.989967   0.001429
519.000000   1.989049   0.001511
520.000000   1.988230   0.001583
521.000000   1.987519   0.001646
522.000000   1.986930   0.001697
523.000000   1.986472   0.001735
524.000000   1.986158   0.001759
525.000000   1.986000   0.001767
526.000000   1.985927   0.001763
527.000000   1.985861   0.001753
528.000000   1.985802   0.001736
529.000000   1.985749   0.001713
530.000000   1.985701   0.001686
531.000000   1.985659   0.001653
532.000000   1.985620   0.001617
533.000000   1.985586   0.001578
534.000000   1.985554   0.001536
535.000000   1.985525   0.001492
536.000000   1.985498   0.001446
537.000000   1.985472   0.001399
538.000000   1.985448   0.001353
539.000000   1.985423   0.001306
540.000000   1.985398   0.001260
541.000000   1.985372   0.001216
542.000000   1.985345   0.001174
543.000000   1.985315   0.001135
544.000000   1.985283   0.001099
545.000000   1.985247   0.001066
546.000000   1.985208   0.001039
547.000000   1.985164   0.001016
548.000000   1.985115   0.000999
549.000000   1.985061   0.000989
550.000000   1.985000   0.000985
551.000000   1.984931   0.000987
552.000000   1.984852   0.000993
553.000000   1.984763   0.001003
554.000000   1.984664   0.001016
555.000000   1.984556   0.001032
556.000000   1.984440   0.001052
557.000000   1.984315   0.001075
558.000000   1.984182   0.001101
559.000000   1.984042   0.001129
560.000000   1.983893   0.001160
561.000000   1.983738   0.001194
562.000000   1.983576   0.001230
563.000000   1.983407   0.001268
564.000000   1.983232   0.001307
565.000000   1.983052   0.001349
566.000000   1.982866   0.001392
567.000000   1.982675   0.001437
568.000000   1.982479   0.001482
569.000000   1.982278   0.001529
570.000000   1.982074   0.001577
571.000000   1.981865   0.001626
572.000000   1.981653   0.001675
573.000000   1.981438   0.001725
574.000000   1.981220   0.001775
575.000000   1.981000   0.001825
576.000000   1.980754   0.001879
577.000000   1.980461   0.001939
578.000000   1.980128   0.002007
579.000000   1.979757   0.002080
580.000000   1.979355   0.002159
581.000000   1.978926   0.002244
582.000000   1.978474   0.002333
583.000000   1.978006   0.002427
584.000000   1.977524   0.002525
585.000000   1.977034   0.002626
586.000000   1.976542   0.002731
587.000000   1.976051   0.002838
588.000000   1.975567   0.002948
589.000000   1.975093   0.003059
590.000000   1.974636   0.003172
591.000000   1.974200   0.003286
592.000000   1.973789   0.003400
593.000000   1.973409   0.003515
594.000000   1.973064   0.003630
595.000000   1.972759   0.003744
596.000000   1.972498   0.003856
597.000000   1.972288   0.003968
598.000000   1.972131   0.004077
599.000000   1.972034   0.004184
600.000000   1.972000   0.004288
601.000000   1.972005   0.004390
602.000000   1.972018   0.004493
603.000000   1.972040   0.004595
604.000000   1.972069   0.004696
605.000000   1.972104   0.004798
606.000000   1.972145   0.004900
607.000000   1.972191   0.005002
608.000000   1.972242   0.005105
609.000000   1.972295   0.005207
610.000000   1.972352   0.005310
611.000000   1.972410   0.005414
612.000000   1.972470   0.005518
613.000000   1.972530   0.005623
614.000000   1.972590   0.005729
615.000000   1.972648   0.005835
616.000000   1.972705   0.005942
617.000000   1.972758   0.006051
618.000000   1.972809   0.006160
619.000000   1.972855   0.006271
620.000000   1.972896   0.006383
621.000000   1.972931   0.006496
622.000000   1.972960   0.006611
623.000000   1.972982   0.006727
624.000000   1.972995   0.006845
625.000000   1.973000   0.006964
626.000000   1.972998   0.007086
627.000000   1.972991   0.007210
628.000000   1.972981   0.007336
629.000000   1.972966   0.007465
630.000000   1.972947   0.007596
631.000000   1.972925   0.007728
632.000000   1.972899   0.007863
633.000000   1.972870   0.007998
634.000000   1.972837   0.008136
635.000000   1.972802   0.008274
636.000000   1.972763   0.008414
637.000000   1.972722   0.008555
638.000000   1.972678   0.008696
639.000000   1.972631   0.008838
640.000000   1.972582   0.008981
641.000000   1.972531   0.009124
642.000000   1.972478   0.009267
643.000000   1.972424   0.009410
644.000000   1.972367   0.009553
645.000000   1.972309   0.009696
646.000000   1.972249   0.009838
647.000000   1.972188   0.009980
648.000000   1.972127   0.010121
649.000000   1.972064   0.010261
650.000000   1.972000   0.010400
651.000000   1.971928   0.010539
652.000000   1.971843   0.010678
653.000000   1.971743   0.010817
654.000000   1.971631   0.010957
655.000000   1.971507   0.011097
656.000000   1.971373   0.011237
657.000000   1.971228   0.011377
658.000000   1.971075   0.011518
659.000000   1.970914   0.011658
660.000000   1.970746   0.011799
661.000000   1.970571   0.011940
662.000000   1.970392   0.012080
663.000000   1.970208   0.012221
664.000000   1.970020   0.012361
665.000000   1.969830   0.012502
666.000000   1.969639   0.012642
667.000000   1.969447   0.012782
668.000000   1.969255   0.012922
669.000000   1.969065   0.013061
670.000000   1.968877   0.013200
671.000000   1.968692   0.013339
672.000000   1.968510   0.013477
673.000000   1.968334   0.013615
674.000000   1.968164   0.013753
675.000000   1.968000   0.013890
676.000000   1.967839   0.014027
677.000000   1.967677   0.014166
678.000000   1.967513   0.014305
679.000000   1.967348   0.014445
680.000000   1.967182   0.014586
681.000000   1.967015   0.014727
682.000000   1.966848   0.014869
683.000000   1.966680   0.015010
684.000000   1.966513   0.015151
685.000000   1.966345   0.015292
686.000000   1.966178   0.015433
687.000000   1.966012   0.015572
688.000000   1.965846   0.015711
689.000000   1.965681   0.015849
690.000000   1.965518   0.015985
691.000000   1.965356   0.016120
692.000000   1.965195   0.016254
693.000000   1.965037   0.016385
694.000000   1.964881   0.016515
695.000000   1.964727   0.016642
696.000000   1.964575   0.016767
697.000000   1.964427   0.016890
698.000000   1.964281   0.017009
699.000000   1.964139   0.017126
700.000000   1.964000   0.017240
701.000000   1.963863   0.017352
702.000000   1.963727   0.017462
703.000000   1.963593   0.017572
704.000000   1.963459   0.017681
705.000000   1.963326   0.017789
706.000000   1.963194   0.017896
707.000000   1.963064   0.018001
708.000000   1.962935   0.018105
709.000000   1.962807   0.018208
710.000000   1.962681   0.018310
711.000000   1.962556   0.018411
712.000000   1.962432   0.018510
713.000000   1.962311   0.018607
714.000000   1.962191   0.018703
715.000000   1.962072   0.018798
716.000000   1.961956   0.018891
717.000000   1.961841   0.018983
718.000000   1.961729   0.019072
719.000000   1.961618   0.019160
720.000000   1.961509   0.019247
721.000000   1.961403   0.019331
722.000000   1.961299   0.019414
723.000000   1.961197   0.019494
724.000000   1.961097   0.019573
725.000000   1.961000   0.019650
726.000000   1.960906   0.019726
727.000000   1.960817   0.019803
728.000000   1.960731   0.019879
729.000000   1.960649   0.019956
730.000000   1.960570   0.020033
731.000000   1.960494   0.020109
732.000000   1.960420   0.020185
733.000000   1.960347   0.020259
734.000000   1.960276   0.020333
735.000000   1.960206   0.020406
736.000000   1.960137   0.020477
737.000000   1.960068   0.020547
738.000000   1.959999   0.020615
739.000000   1.959929   0.020680
740.000000   1.959858   0.020744
741.000000   1.959785   0.020805
742.000000   1.959711   0.020863
743.000000   1.959634   0.020919
744.000000   1.959555   0.020971
745.000000   1.959473   0.021021
746.000000   1.959387   0.021066
747.000000   1.959297   0.021108
748.000000   1.959203   0.021146
749.000000   1.959104   0.021180
750.000000   1.959000   0.021210
751.000000   1.958890   0.021237
752.000000   1.958773   0.021264
753.000000   1.958650   0.021291
754.000000   1.958520   0.021318
755.000000   1.958385   0.021344
756.000000   1.958244   0.021369
757.000000   1.958099   0.021394
758.000000   1.957948   0.021418
759.000000   1.957793   0.021441
760.000000   1.957635   0.021464
761.000000   1.957472   0.021485
762.000000   1.957306   0.021506
763.000000   1.957137   0.021525
764.000000   1.956966   0.021544
765.000000   1.956792   0.021561
766.000000   1.956616   0.021577
767.000000   1.956439   0.021591
768.000000   1.956260   0.021605
769.000000   1.956080   0.021616
770.000000   1.955900   0.021626
771.000000   1.955719   0.021635
772.000000   1.955538   0.021641
773.000000   1.955358   0.021646
774.000000   1.955178   0.021649
775.000000   1.955000   0.021650
776.000000   1.954821   0.021649
777.000000   1.954640   0.021645
778.000000   1.954457   0.021639
779.000000   1.954272   0.021630
780.000000   1.954086   0.021619
781.000000   1.953897   0.021606
782.000000   1.953706   0.021591
783.000000   1.953514   0.021575
784.000000   1.953320   0.021556
785.000000   1.953124   0.021536
786.000000   1.952926   0.021514
787.000000   1.952727   0.021491
788.000000   1.952526   0.021467
789.000000   1.952323   0.021441
790.000000   1.952119   0.021414
791.000000   1.951913   0.021386
792.000000   1.951706   0.021358
793.000000   1.951497   0.021328
794.000000   1.951287   0.021298
795.000000   1.951076   0.021267
796.000000   1.950863   0.021236
797.000000   1.950649   0.021205
798.000000   1.950434   0.021173
799.000000   1.950218   0.021142
800.000000   1.950000   0.021110
801.000000   1.949781   0.021077
802.000000   1.949560   0.021041
803.000000   1.949337   0.021001
804.000000   1.949112   0.020959
805.000000   1.948885   0.020915
806.000000   1.948656   0.020867
807.000000   1.948425   0.020817
808.000000   1.948193   0.020765
809.000000   1.947959   0.020711
810.000000   1.947723   0.020654
811.000000   1.947485   0.020596
812.000000   1.947246   0.020535
813.000000   1.947005   0.020473
814.000000   1.946763   0.020409
815.000000   1.946519   0.020344
816.000000   1.946273   0.020277
817.000000   1.946026   0.020209
818.000000   1.945778   0.020140
819.000000   1.945528   0.020069
820.000000   1.945277   0.019998
821.000000   1.945024   0.019925
822.000000   1.944770   0.019852
823.000000   1.944514   0.019779
824.000000   1.944258   0.019705
825.000000   1.944000   0.019630
826.000000   1.943739   0.019553
827.000000   1.943473   0.019472
828.000000   1.943203   0.019386
829.000000   1.942929   0.019297
830.000000   1.942652   0.019205
831.000000   1.942371   0.019109
832.000000   1.942088   0.019011
833.000000   1.941802   0.018910
834.000000   1.941515   0.018806
835.000000   1.941226   0.018701
836.000000   1.940936   0.018595
837.000000   1.940645   0.018486
838.000000   1.940355   0.018377
839.000000   1.940064   0.018268
840.000000   1.939774   0.018157
841.000000   1.939485   0.018047
842.000000   1.939198   0.017937
843.000000   1.938912   0.017828
844.000000   1.938629   0.017719
845.000000   1.938348   0.017611
846.000000   1.938071   0.017505
847.000000   1.937797   0.017400
848.000000   1.937527   0.017298
849.000000   1.937261   0.017198
850.000000   1.937000   0.017100
851.000000   1.936742   0.017004
852.000000   1.936486   0.016909
853.000000   1.936230   0.016815
854.000000   1.935976   0.016722
855.000000   1.935723   0.016629
856.000000   1.935472   0.016537
857.000000   1.935222   0.016446
858.000000   1.934974   0.016354
859.000000   1.934727   0.016264
860.000000   1.934481   0.016173
861.000000   1.934237   0.016083
862.000000   1.933995   0.015993
863.000000   1.933754   0.015903
864.000000   1.933515   0.015813
865.000000   1.933277   0.015723
866.000000   1.933041   0.015634
867.000000   1.932807   0.015544
868.000000   1.932575   0.015453
869.000000   1.932344   0.015363
870.000000   1.932115   0.015272
871.000000   1.931888   0.015181
872.000000   1.931663   0.015089
873.000000   1.931440   0.014996
874.000000   1.931219   0.014904
875.000000   1.931000   0.014810
876.000000   1.930778   0.014716
877.000000   1.930550   0.014621
878.000000   1.930316   0.014526
879.000000   1.930077   0.014430
880.000000   1.929835   0.014334
881.000000   1.929591   0.014237
882.000000   1.929346   0.014140
883.000000   1.929101   0.014043
884.000000   1.928856   0.013945
885.000000   1.928615   0.013848
886.000000   1.928376   0.013750
887.000000   1.928142   0.013653
888.000000   1.927913   0.013555
889.000000   1.927691   0.013457
890.000000   1.927476   0.013360
891.000000   1.927271   0.013262
892.000000   1.927075   0.013165
893.000000   1.926891   0.013068
894.000000   1.926718   0.012971
895.000000   1.926559   0.012875
896.000000   1.926414   0.012779
897.000000   1.926284   0.012683
898.000000   1.926172   0.012588
899.000000   1.926076   0.012494
900.000000   1.926000   0.012400
901.000000   1.925934   0.012306
902.000000   1.925869   0.012212
903.000000   1.925805   0.012117
904.000000   1.925743   0.012023
905.000000   1.925683   0.011927
906.000000   1.925624   0.011832
907.000000   1.925567   0.011737
908.000000   1.925512   0.011642
909.000000   1.925459   0.011547
910.000000   1.925408   0.011453
911.000000   1.925360   0.011358
912.000000   1.925314   0.011265
913.000000   1.925270   0.011171
914.000000   1.925230   0.011079
915.000000   1.925192   0.010987
916.000000   1.925157   0.010896
917.000000   1.925126   0.010806
918.000000   1.925097   0.010717
919.000000   1.925072   0.010629
920.000000   1.925051   0.010542
921.000000   1.925033   0.010457
922.000000   1.925019   0.010373
923.000000   1.925008   0.010290
924.000000   1.925002   0.010209
925.000000   1.925000   0.010130
926.000000   1.925009   0.010050
927.000000   1.925036   0.009969
928.000000   1.925079   0.009886
929.000000   1.925137   0.009802
930.000000   1.925208   0.009717
931.000000   1.925290   0.009631
932.000000   1.925383   0.009545
933.000000   1.925483   0.009460
934.000000   1.925591   0.009375
935.000000   1.925704   0.009291
936.000000   1.925821   0.009209
937.000000   1.925940   0.009128
938.000000   1.926060   0.009050
939.000000   1.926179   0.008974
940.000000   1.926296   0.008900
941.000000   1.926409   0.008830
942.000000   1.926517   0.008764
943.000000   1.926617   0.008701
944.000000   1.926710   0.008643
945.000000   1.926792   0.008589
946.000000   1.926863   0.008540
947.000000   1.926921   0.008497
948.000000   1.926964   0.008459
949.000000   1.926991   0.008428
950.000000   1.927000   0.008403
951.000000   1.927000   0.008382
952.000000   1.927000   0.008364
953.000000   1.927000   0.008346
954.000000   1.927000   0.008331
955.000000   1.927000   0.008317
956.000000   1.927000   0.008303
957.000000   1.927000   0.008292
958.000000   1.927000   0.008280
959.000000   1.927000   0.008270
960.000000   1.927000   0.008260
961.000000   1.927000   0.008251
962.000000   1.927000   0.008242
963.000000   1.927000   0.008233
964.000000   1.927000   0.008224
965.000000   1.927000   0.008215
966.000000   1.927000   0.008206
967.000000   1.927000   0.008196
968.000000   1.927000   0.008186
969.000000   1.927000   0.008175
970.000000   1.927000   0.008163
971.000000   1.927000   0.008150
972.000000   1.927000   0.008135
973.000000   1.927000   0.008119
974.000000   1.927000   0.008102
975.000000   1.927000   0.008083
976.000000   1.927045   0.008062
977.000000   1.927178   0.008038
978.000000   1.927394   0.008012
979.000000   1.927691   0.007983
980.000000   1.928064   0.007952
981.000000   1.928510   0.007918
982.000000   1.929026   0.007882
983.000000   1.929607   0.007845
984.000000   1.930250   0.007805
985.000000   1.930952   0.007763
986.000000   1.931708   0.007720
987.000000   1.932516   0.007674
988.000000   1.933371   0.007627
989.000000   1.934269   0.007579
990.000000   1.935208   0.007529
991.000000   1.936183   0.007477
992.000000   1.937191   0.007424
993.000000   1.938229   0.007370
994.000000   1.939291   0.007315
995.000000   1.940376   0.007259
996.000000   1.941479   0.007202
997.000000   1.942596   0.007143
998.000000   1.943725   0.007084
999.000000   1.944861   0.007024
1000.000000   1.946000   0.006964
