450.000000   2.025000   0.000000
451.000000   2.025285   0.000000
452.000000   2.025542   0.000000
453.000000   2.025772   0.000000
454.000000   2.025976   0.000000
455.000000   2.026156   0.000000
456.000000   2.026314   0.000000
457.000000   2.026451   0.000000
458.000000   2.026568   0.000000
459.000000   2.026667   0.000000
460.000000   2.026750   0.000000
461.000000   2.026818   0.000000
462.000000   2.026872   0.000000
463.000000   2.026914   0.000000
464.000000   2.026946   0.000000
465.000000   2.026969   0.000000
466.000000   2.026984   0.000000
467.000000   2.026993   0.000000
468.000000   2.026998   0.000000
469.000000   2.027000   0.000000
470.000000   2.027000   0.000000
471.000000   2.026968   0.000000
472.000000   2.026875   0.000000
473.000000   2.026725   0.000000
474.000000   2.026524   0.000000
475.000000   2.026275   0.000000
476.000000   2.025984   0.000000
477.000000   2.025655   0.000000
478.000000   2.025292   0.000000
479.000000   2.024900   0.000000
480.000000   2.024484   0.000000
481.000000   2.024049   0.000000
482.000000   2.023598   0.000000
483.000000   2.023137   0.000000
484.000000   2.022670   0.000000
485.000000   2.022201   0.000000
486.000000   2.021736   0.000000
487.000000   2.021279   0.000000
488.000000   2.020834   0.000000
489.000000   2.020406   0.000000
490.000000   2.020000   0.000000
491.000000   2.019598   0.000000
492.000000   2.019181   0.000000
493.000000   2.018750   0.000000
494.000000   2.018308   0.000000
495.000000   2.017855   0.000000
496.000000   2.017394   0.000000
497.000000   2.016927   0.000000
498.000000   2.016454   0.000000
499.000000   2.015978   0.000000
500.000000   2.015500   0.000000
501.000000   2.015022   0.000000
502.000000   2.014546   0.000000
503.000000   2.014073   0.000000
504.000000   2.013605   0.000000
505.000000   2.013145   0.000000
506.000000   2.012692   0.000000
507.000000   2.012250   0.000000
508.000000   2.011819   0.000000
509.000000   2.011402   0.000000
510.000000   2.011000   0.000000
511.000000   2.010606   0.000000
512.000000   2.010212   0.000000
513.000000   2.009819   0.000000
514.000000   2.009427   0.000000
515.000000   2.009037   0.000000
516.000000   2.008651   0.000000
517.000000   2.008269   0.000000
518.000000   2.007891   0.000000
519.000000   2.007518   0.000000
520.000000   2.007152   0.000000
521.000000   2.006793   0.000000
522.000000   2.006441   0.000000
523.000000   2.006098   0.000000
524.000000   2.005764   0.000000
525.000000   2.005441   0.000000
526.000000   2.005128   0.000000
527.000000   2.004826   0.000000
528.000000   2.004537   0.000000
529.000000   2.004262   0.000000
530.000000   2.004000   0.000000
531.000000   2.003741   0.000000
532.000000   2.003476   0.000000
533.000000   2.003205   0.000000
534.000000   2.002932   0.000000
535.000000   2.002659   0.000000
536.000000   2.002388   0.000000
537.000000   2.002120   0.000000
538.000000   2.001859   0.000000
539.000000   2.001606   0.000000
540.000000   2.001364   0.000000
541.000000   2.001134   0.000000
542.000000   2.000919   0.000000
543.000000   2.000722   0.000000
544.000000   2.000543   0.000000
545.000000   2.000386   0.000000
546.000000   2.000253   0.000000
547.000000   2.000146   0.000000
548.000000   2.000066   0.000000
549.000000   2.000017   0.000000
550.000000   2.000000   0.000000
551.000000   2.000014   0.000001
552.000000   2.000056   0.000004
553.000000   2.000121   0.000008
554.000000   2.000208   0.000014
555.000000   2.000313   0.000022
556.000000   2.000432   0.000031
557.000000   2.000563   0.000042
558.000000   2.000704   0.000054
559.000000   2.000850   0.000067
560.000000   2.001000   0.000082
561.000000   2.001149   0.000098
562.000000   2.001296   0.000115
563.000000   2.001436   0.000133
564.000000   2.001568   0.000152
565.000000   2.001688   0.000173
566.000000   2.001792   0.000194
567.000000   2.001878   0.000216
568.000000   2.001944   0.000239
569.000000   2.001985   0.000263
570.000000   2.002000   0.000287
571.000000   2.001990   0.000317
572.000000   2.001962   0.000358
573.000000   2.001917   0.000409
574.000000   2.001856   0.000470
575.000000   2.001781   0.000538
576.000000   2.001694   0.000615
577.000000   2.001596   0.000698
578.000000   2.001488   0.000787
579.000000   2.001372   0.000882
580.000000   2.001250   0.000981
581.000000   2.001123   0.001084
582.000000   2.000992   0.001190
583.000000   2.000859   0.001298
584.000000   2.000726   0.001408
585.000000   2.000594   0.001518
586.000000   2.000464   0.001629
587.000000   2.000338   0.001738
588.000000   2.000218   0.001846
589.000000   2.000105   0.001952
590.000000   2.000000   0.002054
591.000000   1.999901   0.002156
592.000000   1.999804   0.002259
593.000000   1.999708   0.002364
594.000000   1.999613   0.002472
595.000000   1.999519   0.002581
596.000000   1.999425   0.002691
597.000000   1.999332   0.002803
598.000000   1.999238   0.002917
599.000000   1.999145   0.003033
600.000000   1.999050   0.003150
601.000000   1.998954   0.003268
602.000000   1.998858   0.003388
603.000000   1.998759   0.003508
604.000000   1.998659   0.003631
605.000000   1.998556   0.003754
606.000000   1.998451   0.003878
607.000000   1.998343   0.004003
608.000000   1.998232   0.004130
609.000000   1.998118   0.004257
610.000000   1.998000   0.004385
611.000000   1.997870   0.004515
612.000000   1.997722   0.004647
613.000000   1.997558   0.004781
614.000000   1.997381   0.004918
615.000000   1.997194   0.005056
616.000000   1.996999   0.005196
617.000000   1.996800   0.005338
618.000000   1.996598   0.005481
619.000000   1.996398   0.005625
620.000000   1.996200   0.005770
621.000000   1.996008   0.005917
622.000000   1.995826   0.006064
623.000000   1.995654   0.006211
624.000000   1.995497   0.006359
625.000000   1.995356   0.006507
626.000000   1.995235   0.006655
627.000000   1.995136   0.006803
628.000000   1.995062   0.006951
629.000000   1.995016   0.007098
630.000000   1.995000   0.007245
631.000000   1.995000   0.007392
632.000000   1.995000   0.007539
633.000000   1.995000   0.007687
634.000000   1.995000   0.007836
635.000000   1.995000   0.007985
636.000000   1.995000   0.008134
637.000000   1.995000   0.008284
638.000000   1.995000   0.008434
639.000000   1.995000   0.008585
640.000000   1.995000   0.008735
641.000000   1.995000   0.008886
642.000000   1.995000   0.009037
643.000000   1.995000   0.009188
644.000000   1.995000   0.009339
645.000000   1.995000   0.009490
646.000000   1.995000   0.009640
647.000000   1.995000   0.009791
648.000000   1.995000   0.009941
649.000000   1.995000   0.010091
650.000000   1.995000   0.010240
651.000000   1.995000   0.010389
652.000000   1.995000   0.010538
653.000000   1.995000   0.010687
654.000000   1.995000   0.010836
655.000000   1.995000   0.010984
656.000000   1.995000   0.011133
657.000000   1.995000   0.011282
658.000000   1.995000   0.011430
659.000000   1.995000   0.011579
660.000000   1.995000   0.011727
661.000000   1.995000   0.011876
662.000000   1.995000   0.012024
663.000000   1.995000   0.012172
664.000000   1.995000   0.012321
665.000000   1.995000   0.012469
666.000000   1.995000   0.012617
667.000000   1.995000   0.012765
668.000000   1.995000   0.012914
669.000000   1.995000   0.013062
670.000000   1.995000   0.013210
671.000000   1.994993   0.013359
672.000000   1.994972   0.013509
673.000000   1.994939   0.013659
674.000000   1.994896   0.013811
675.000000   1.994844   0.013963
676.000000   1.994784   0.014115
677.000000   1.994718   0.014267
678.000000   1.994648   0.014419
679.000000   1.994575   0.014571
680.000000   1.994500   0.014723
681.000000   1.994425   0.014873
682.000000   1.994352   0.015023
683.000000   1.994282   0.015172
684.000000   1.994216   0.015320
685.000000   1.994156   0.015466
686.000000   1.994104   0.015611
687.000000   1.994061   0.015754
688.000000   1.994028   0.015895
689.000000   1.994007   0.016034
690.000000   1.994000   0.016170
691.000000   1.994007   0.016305
692.000000   1.994028   0.016440
693.000000   1.994061   0.016574
694.000000   1.994104   0.016707
695.000000   1.994156   0.016840
696.000000   1.994216   0.016972
697.000000   1.994282   0.017102
698.000000   1.994352   0.017232
699.000000   1.994425   0.017361
700.000000   1.994500   0.017488
701.000000   1.994575   0.017613
702.000000   1.994648   0.017737
703.000000   1.994718   0.017860
704.000000   1.994784   0.017981
705.000000   1.994844   0.018099
706.000000   1.994896   0.018216
707.000000   1.994939   0.018330
708.000000   1.994972   0.018443
709.000000   1.994993   0.018553
710.000000   1.995000   0.018660
711.000000   1.994993   0.018766
712.000000   1.994972   0.018871
713.000000   1.994939   0.018975
714.000000   1.994896   0.019079
715.000000   1.994844   0.019181
716.000000   1.994784   0.019283
717.000000   1.994718   0.019383
718.000000   1.994648   0.019481
719.000000   1.994575   0.019579
720.000000   1.994500   0.019674
721.000000   1.994425   0.019768
722.000000   1.994352   0.019859
723.000000   1.994282   0.019949
724.000000   1.994216   0.020037
725.000000   1.994156   0.020122
726.000000   1.994104   0.020205
727.000000   1.994061   0.020285
728.000000   1.994028   0.020363
729.000000   1.994007   0.020438
730.000000   1.994000   0.020510
731.000000   1.994000   0.020581
732.000000   1.994000   0.020651
733.000000   1.994000   0.020722
734.000000   1.994000   0.020792
735.000000   1.994000   0.020861
736.000000   1.994000   0.020930
737.000000   1.994000   0.020997
738.000000   1.994000   0.021063
739.000000   1.994000   0.021127
740.000000   1.994000   0.021189
741.000000   1.994000   0.021249
742.000000   1.994000   0.021307
743.000000   1.994000   0.021362
744.000000   1.994000   0.021414
745.000000   1.994000   0.021463
746.000000   1.994000   0.021508
747.000000   1.994000   0.021550
748.000000   1.994000   0.021587
749.000000   1.994000   0.021621
750.000000   1.994000   0.021650
751.000000   1.994000   0.021677
752.000000   1.994000   0.021703
753.000000   1.994000   0.021729
754.000000   1.994000   0.021755
755.000000   1.994000   0.021780
756.000000   1.994000   0.021804
757.000000   1.994000   0.021828
758.000000   1.994000   0.021850
759.000000   1.994000   0.021872
760.000000   1.994000   0.021892
761.000000   1.994000   0.021911
762.000000   1.994000   0.021928
763.000000   1.994000   0.021944
764.000000   1.994000   0.021958
765.000000   1.994000   0.021970
766.000000   1.994000   0.021981
767.000000   1.994000   0.021989
768.000000   1.994000   0.021995
769.000000   1.994000   0.021999
770.000000   1.994000   0.022000
771.000000   1.994000   0.021999
772.000000   1.994000   0.021997
773.000000   1.994000   0.021993
774.000000   1.994000   0.021988
775.000000   1.994000   0.021981
776.000000   1.994000   0.021974
777.000000   1.994000   0.021965
778.000000   1.994000   0.021955
779.000000   1.994000   0.021944
780.000000   1.994000   0.021931
781.000000   1.994000   0.021918
782.000000   1.994000   0.021905
783.000000   1.994000   0.021890
784.000000   1.994000   0.021874
785.000000   1.994000   0.021858
786.000000   1.994000   0.021842
787.000000   1.994000   0.021824
788.000000   1.994000   0.021807
789.000000   1.994000   0.021788
790.000000   1.994000   0.021770
791.000000   1.994000   0.021749
792.000000   1.994000   0.021725
793.000000   1.994000   0.021696
794.000000   1.994000   0.021664
795.000000   1.994000   0.021629
796.000000   1.994000   0.021590
797.000000   1.994000   0.021548
798.000000   1.994000   0.021503
799.000000   1.994000   0.021456
800.000000   1.994000   0.021406
801.000000   1.994000   0.021353
802.000000   1.994000   0.021298
803.000000   1.994000   0.021241
804.000000   1.994000   0.021183
805.000000   1.994000   0.021122
806.000000   1.994000   0.021060
807.000000   1.994000   0.020997
808.000000   1.994000   0.020932
809.000000   1.994000   0.020866
810.000000   1.994000   0.020800
811.000000   1.994000   0.020730
812.000000   1.994000   0.020653
813.000000   1.994000   0.020569
814.000000   1.994000   0.020480
815.000000   1.994000   0.020386
816.000000   1.994000   0.020287
817.000000   1.994000   0.020183
818.000000   1.994000   0.020076
819.000000   1.994000   0.019965
820.000000   1.994000   0.019851
821.000000   1.994000   0.019735
822.000000   1.994000   0.019616
823.000000   1.994000   0.019496
824.000000   1.994000   0.019375
825.000000   1.994000   0.019253
826.000000   1.994000   0.019131
827.000000   1.994000   0.019009
828.000000   1.994000   0.018888
829.000000   1.994000   0.018768
830.000000   1.994000   0.018650
831.000000   1.994000   0.018532
832.000000   1.994000   0.018411
833.000000   1.994000   0.018289
834.000000   1.994000   0.018164
835.000000   1.994000   0.018038
836.000000   1.994000   0.017911
837.000000   1.994000   0.017782
838.000000   1.994000   0.017653
839.000000   1.994000   0.017522
840.000000   1.994000   0.017391
841.000000   1.994000   0.017258
842.000000   1.994000   0.017126
843.000000   1.994000   0.016993
844.000000   1.994000   0.016860
845.000000   1.994000   0.016727
846.000000   1.994000   0.016595
847.000000   1.994000   0.016463
848.000000   1.994000   0.016331
849.000000   1.994000   0.016200
850.000000   1.994000   0.016070
851.000000   1.993993   0.015941
852.000000   1.993972   0.015812
853.000000   1.993939   0.015685
854.000000   1.993896   0.015557
855.000000   1.993844   0.015430
856.000000   1.993784   0.015303
857.000000   1.993718   0.015176
858.000000   1.993648   0.015049
859.000000   1.993575   0.014922
860.000000   1.993500   0.014794
861.000000   1.993425   0.014666
862.000000   1.993352   0.014537
863.000000   1.993282   0.014408
864.000000   1.993216   0.014277
865.000000   1.993156   0.014146
866.000000   1.993104   0.014014
867.000000   1.993061   0.013880
868.000000   1.993028   0.013745
869.000000   1.993007   0.013608
870.000000   1.993000   0.013470
871.000000   1.993000   0.013330
872.000000   1.993000   0.013188
873.000000   1.993000   0.013044
874.000000   1.993000   0.012898
875.000000   1.993000   0.012751
876.000000   1.993000   0.012602
877.000000   1.993000   0.012452
878.000000   1.993000   0.012301
879.000000   1.993000   0.012150
880.000000   1.993000   0.011998
881.000000   1.993000   0.011845
882.000000   1.993000   0.011692
883.000000   1.993000   0.011539
884.000000   1.993000   0.011386
885.000000   1.993000   0.011233
886.000000   1.993000   0.011081
887.000000   1.993000   0.010930
888.000000   1.993000   0.010779
889.000000   1.993000   0.010629
890.000000   1.993000   0.010480
891.000000   1.993000   0.010332
892.000000   1.993000   0.010183
893.000000   1.993000   0.010035
894.000000   1.993000   0.009887
895.000000   1.993000   0.009738
896.000000   1.993000   0.009590
897.000000   1.993000   0.009441
898.000000   1.993000   0.009293
899.000000   1.993000   0.009145
900.000000   1.993000   0.008997
901.000000   1.993000   0.008850
902.000000   1.993000   0.008703
903.000000   1.993000   0.008556
904.000000   1.993000   0.008410
905.000000   1.993000   0.008264
906.000000   1.993000   0.008119
907.000000   1.993000   0.007974
908.000000   1.993000   0.007830
909.000000   1.993000   0.007687
910.000000   1.993000   0.007544
911.000000   1.993000   0.007401
912.000000   1.993000   0.007258
913.000000   1.993000   0.007114
914.000000   1.993000   0.006970
915.000000   1.993000   0.006826
916.000000   1.993000   0.006681
917.000000   1.993000   0.006538
918.000000   1.993000   0.006394
919.000000   1.993000   0.006252
920.000000   1.993000   0.006110
921.000000   1.993000   0.005969
922.000000   1.993000   0.005829
923.000000   1.993000   0.005691
924.000000   1.993000   0.005555
925.000000   1.993000   0.005420
926.000000   1.993000   0.005288
927.000000   1.993000   0.005158
928.000000   1.993000   0.005030
929.000000   1.993000   0.004904
930.000000   1.993000   0.004782
931.000000   1.993000   0.004661
932.000000   1.993000   0.004541
933.000000   1.993000   0.004422
934.000000   1.993000   0.004304
935.000000   1.993000   0.004186
936.000000   1.993000   0.004070
937.000000   1.993000   0.003955
938.000000   1.993000   0.003841
939.000000   1.993000   0.003729
940.000000   1.993000   0.003619
941.000000   1.993000   0.003510
942.000000   1.993000   0.003403
943.000000   1.993000   0.003298
944.000000   1.993000   0.003195
945.000000   1.993000   0.003095
946.000000   1.993000   0.002996
947.000000   1.993000   0.002901
948.000000   1.993000   0.002807
949.000000   1.993000   0.002717
950.000000   1.993000   0.002629
951.000000   1.993000   0.002542
952.000000   1.993000   0.002455
953.000000   1.993000   0.002367
954.000000   1.993000   0.002279
955.000000   1.993000   0.002192
956.000000   1.993000   0.002106
957.000000   1.993000   0.002020
958.000000   1.993000   0.001937
959.000000   1.993000   0.001855
960.000000   1.993000   0.001775
961.000000   1.993000   0.001699
962.000000   1.993000   0.001625
963.000000   1.993000   0.001554
964.000000   1.993000   0.001488
965.000000   1.993000   0.001425
966.000000   1.993000   0.001367
967.000000   1.993000   0.001314
968.000000   1.993000   0.001266
969.000000   1.993000   0.001224
970.000000   1.993000   0.001188
971.000000   1.993000   0.001155
972.000000   1.993000   0.001122
973.000000   1.993000   0.001090
974.000000   1.993000   0.001059
975.000000   1.993000   0.001028
976.000000   1.993000   0.000998
977.000000   1.993000   0.000969
978.000000   1.993000   0.000942
979.000000   1.993000   0.000916
980.000000   1.993000   0.000891
981.000000   1.993000   0.000868
982.000000   1.993000   0.000847
983.000000   1.993000   0.000827
984.000000   1.993000   0.000810
985.000000   1.993000   0.000795
986.000000   1.993000   0.000782
987.000000   1.993000   0.000772
988.000000   1.993000   0.000765
989.000000   1.993000   0.000761
990.000000   1.993000   0.000759
991.000000   1.993000   0.000761
992.000000   1.993000   0.000765
993.000000   1.993000   0.000774
994.000000   1.993000   0.000786
995.000000   1.993000   0.000801
996.000000   1.993000   0.000821
997.000000   1.993000   0.000844
998.000000   1.993000   0.000872
999.000000   1.993000   0.000904
1000.000000   1.993000   0.000940
