450.000000 2.026000 0.000000
470.000000 2.033000 0.000000
490.000000 2.030000 0.000000
510.000000 2.023000 0.000000
530.000000 2.018000 0.000018
550.000000 2.016000 0.000000
570.000000 2.003000 0.001912
590.000000 1.986000 0.004464
610.000000 1.978000 0.006397
630.000000 1.975000 0.008491
650.000000 1.972000 0.010850
670.000000 1.969000 0.013150
690.000000 1.965000 0.015500
710.000000 1.963000 0.017450
730.000000 1.961000 0.018870
750.000000 1.959000 0.019690
770.000000 1.956000 0.019820
790.000000 1.952000 0.019510
810.000000 1.948000 0.018630
830.000000 1.942000 0.016760
850.000000 1.937000 0.014690
870.000000 1.932000 0.012890
890.000000 1.927000 0.010940
910.000000 1.924000 0.009129
930.000000 1.923000 0.007488
950.000000 1.925000 0.006295
970.000000 1.924000 0.006105
990.000000 1.931000 0.005969
