450.000000 2.029000 0.000000
470.000000 2.019000 0.000000
490.000000 2.006000 0.000000
510.000000 1.994000 0.000000
530.000000 1.970000 0.001886
550.000000 1.966000 0.001398
570.000000 1.967000 0.001417
590.000000 1.963000 0.002880
610.000000 1.967000 0.004504
630.000000 1.971000 0.006914
650.000000 1.972000 0.009943
670.000000 1.969000 0.013040
690.000000 1.965000 0.016110
710.000000 1.963000 0.018710
730.000000 1.961000 0.020720
750.000000 1.959000 0.022060
770.000000 1.955000 0.022650
790.000000 1.952000 0.022720
810.000000 1.947000 0.022150
830.000000 1.942000 0.020530
850.000000 1.937000 0.018620
870.000000 1.932000 0.016870
890.000000 1.927000 0.014880
910.000000 1.926000 0.012950
930.000000 1.926000 0.011170
950.000000 1.929000 0.009801
970.000000 1.929000 0.009306
990.000000 1.936000 0.008972
