0.9300E+03  0.1932E+01  0.6789E-02
0.9310E+03  0.1932E+01  0.6708E-02
0.9320E+03  0.1932E+01  0.6668E-02
0.9330E+03  0.1932E+01  0.6586E-02
0.9340E+03  0.1932E+01  0.6504E-02
0.9350E+03  0.1932E+01  0.6423E-02
0.9360E+03  0.1932E+01  0.6380E-02
0.9370E+03  0.1932E+01  0.6298E-02
0.9380E+03  0.1932E+01  0.6215E-02
0.9390E+03  0.1932E+01  0.6133E-02
0.9400E+03  0.1933E+01  0.6089E-02
0.9410E+03  0.1933E+01  0.6006E-02
0.9420E+03  0.1933E+01  0.5962E-02
0.9430E+03  0.1933E+01  0.5879E-02
0.9440E+03  0.1933E+01  0.5795E-02
0.9450E+03  0.1933E+01  0.5749E-02
0.9460E+03  0.1933E+01  0.5664E-02
0.9470E+03  0.1934E+01  0.5616E-02
0.9480E+03  0.1934E+01  0.5531E-02
0.9490E+03  0.1934E+01  0.5482E-02
0.9500E+03  0.1934E+01  0.5394E-02
0.9510E+03  0.1935E+01  0.5344E-02
0.9520E+03  0.1935E+01  0.5256E-02
0.9530E+03  0.1935E+01  0.5203E-02
0.9540E+03  0.1936E+01  0.5149E-02
0.9550E+03  0.1936E+01  0.5059E-02
0.9560E+03  0.1936E+01  0.5003E-02
0.9570E+03  0.1937E+01  0.4946E-02
0.9580E+03  0.1937E+01  0.4853E-02
0.9590E+03  0.1938E+01  0.4794E-02
0.9600E+03  0.1938E+01  0.4733E-02
0.9610E+03  0.1939E+01  0.4672E-02
0.9620E+03  0.1939E+01  0.4576E-02
0.9630E+03  0.1939E+01  0.4512E-02
0.9640E+03  0.1940E+01  0.4447E-02
0.9650E+03  0.1940E+01  0.4380E-02
0.9660E+03  0.1941E+01  0.4312E-02
0.9670E+03  0.1941E+01  0.4211E-02
0.9680E+03  0.1942E+01  0.4140E-02
0.9690E+03  0.1942E+01  0.4068E-02
0.9700E+03  0.1943E+01  0.3995E-02
