930.000000   1.953271   0.010828
931.000000   1.953181   0.010673
932.000000   1.953092   0.010519
933.000000   1.953003   0.010364
934.000000   1.952914   0.010209
935.000000   1.952824   0.010055
936.000000   1.952735   0.009900
937.000000   1.952646   0.009745
938.000000   1.952556   0.009591
939.000000   1.952467   0.009436
940.000000   1.952378   0.009281
941.000000   1.952289   0.009127
942.000000   1.952199   0.008972
943.000000   1.952110   0.008817
944.000000   1.952021   0.008662
945.000000   1.951932   0.008508
946.000000   1.951842   0.008353
947.000000   1.951753   0.008198
948.000000   1.951664   0.008044
949.000000   1.951575   0.007889
950.000000   1.951485   0.007734
951.000000   1.951396   0.007580
952.000000   1.951307   0.007425
953.000000   1.951218   0.007270
954.000000   1.951128   0.007116
955.000000   1.951039   0.006961
956.000000   1.950950   0.006806
957.000000   1.950861   0.006652
958.000000   1.950771   0.006497
959.000000   1.950682   0.006342
960.000000   1.950593   0.006187
961.000000   1.950504   0.006033
962.000000   1.950414   0.005878
963.000000   1.950325   0.005723
964.000000   1.950236   0.005569
965.000000   1.950147   0.005414
966.000000   1.950057   0.005259
967.000000   1.949968   0.005105
968.000000   1.949879   0.004950
969.000000   1.949790   0.004795
970.000000   1.949700   0.004641
