930.000000   0.816400
931.000000   0.816300
932.000000   0.816100
933.000000   0.816000
934.000000   0.815900
935.000000   0.815800
936.000000   0.815600
937.000000   0.815500
938.000000   0.815400
939.000000   0.815300
940.000000   0.815100
941.000000   0.815000
942.000000   0.814800
943.000000   0.814700
944.000000   0.814600
945.000000   0.814400
946.000000   0.814300
947.000000   0.814100
948.000000   0.814000
949.000000   0.813800
950.000000   0.813700
951.000000   0.813500
952.000000   0.813400
953.000000   0.813200
954.000000   0.813000
955.000000   0.812900
956.000000   0.812700
957.000000   0.812500
958.000000   0.812400
959.000000   0.812200
960.000000   0.812000
961.000000   0.811800
962.000000   0.811700
963.000000   0.811500
964.000000   0.811300
965.000000   0.811100
966.000000   0.810900
967.000000   0.810800
968.000000   0.810600
969.000000   0.810400
970.000000   0.810200
