530.000000   1.988973   0.000000
531.000000   1.988883   0.000000
532.000000   1.988794   0.000000
533.000000   1.988705   0.000000
534.000000   1.988616   0.000000
535.000000   1.988526   0.000000
536.000000   1.988437   0.000000
537.000000   1.988348   0.000000
538.000000   1.988259   0.000000
539.000000   1.988169   0.000000
540.000000   1.988080   0.000000
541.000000   1.987991   0.000000
542.000000   1.987902   0.000000
543.000000   1.987812   0.000000
544.000000   1.987723   0.000000
545.000000   1.987634   0.000000
546.000000   1.987544   0.000000
547.000000   1.987455   0.000000
548.000000   1.987366   0.000000
549.000000   1.987277   0.000000
550.000000   1.987187   0.000000
551.000000   1.987098   0.000000
552.000000   1.987009   0.000000
553.000000   1.986920   0.000000
554.000000   1.986830   0.000000
555.000000   1.986741   0.000000
556.000000   1.986652   0.000000
557.000000   1.986563   0.000000
558.000000   1.986473   0.000000
559.000000   1.986384   0.000000
560.000000   1.986295   0.000000
561.000000   1.986206   0.000000
562.000000   1.986116   0.000000
563.000000   1.986027   0.000000
564.000000   1.985938   0.000000
565.000000   1.985849   0.000000
566.000000   1.985759   0.000000
567.000000   1.985670   0.000000
568.000000   1.985581   0.000000
569.000000   1.985492   0.000000
570.000000   1.985402   0.000000
