0.5300E+03  0.2018E+01  0.0000E+00
0.5310E+03  0.2018E+01  0.0000E+00
0.5320E+03  0.2017E+01  0.0000E+00
0.5330E+03  0.2017E+01  0.0000E+00
0.5340E+03  0.2017E+01  0.0000E+00
0.5350E+03  0.2017E+01  0.0000E+00
0.5360E+03  0.2017E+01  0.0000E+00
0.5370E+03  0.2016E+01  0.0000E+00
0.5380E+03  0.2016E+01  0.0000E+00
0.5390E+03  0.2016E+01  0.0000E+00
0.5400E+03  0.2016E+01  0.0000E+00
0.5410E+03  0.2016E+01  0.0000E+00
0.5420E+03  0.2016E+01  0.0000E+00
0.5430E+03  0.2016E+01  0.0000E+00
0.5440E+03  0.2016E+01  0.0000E+00
0.5450E+03  0.2016E+01  0.0000E+00
0.5460E+03  0.2016E+01  0.0000E+00
0.5470E+03  0.2016E+01  0.0000E+00
0.5480E+03  0.2016E+01  0.0000E+00
0.5490E+03  0.2016E+01  0.0000E+00
0.5500E+03  0.2016E+01  0.0000E+00
0.5510E+03  0.2016E+01  0.0000E+00
0.5520E+03  0.2016E+01  0.0000E+00
0.5530E+03  0.2016E+01  0.0000E+00
0.5540E+03  0.2016E+01  0.0000E+00
0.5550E+03  0.2016E+01  0.0000E+00
0.5560E+03  0.2017E+01  0.0000E+00
0.5570E+03  0.2017E+01  0.0000E+00
0.5580E+03  0.2017E+01  0.0000E+00
0.5590E+03  0.2017E+01  0.0000E+00
0.5600E+03  0.2018E+01  0.0000E+00
0.5610E+03  0.2018E+01  0.0000E+00
0.5620E+03  0.2018E+01  0.0000E+00
0.5630E+03  0.2019E+01  0.0000E+00
0.5640E+03  0.2019E+01  0.0000E+00
0.5650E+03  0.2020E+01  0.0000E+00
0.5660E+03  0.2020E+01  0.0000E+00
0.5670E+03  0.2021E+01  0.0000E+00
0.5680E+03  0.2021E+01  0.0000E+00
0.5690E+03  0.2022E+01  0.0000E+00
0.5700E+03  0.2022E+01  0.0000E+00
