41
630.000000   0.888100
631.000000   0.887900
632.000000   0.887800
633.000000   0.887600
634.000000   0.887500
635.000000   0.887400
636.000000   0.887200
637.000000   0.887000
638.000000   0.886800
639.000000   0.886600
640.000000   0.886400
641.000000   0.886200
642.000000   0.885900
643.000000   0.885700
644.000000   0.885500
645.000000   0.885300
646.000000   0.885000
647.000000   0.884800
648.000000   0.884500
649.000000   0.884300
650.000000   0.884000
651.000000   0.883700
652.000000   0.883400
653.000000   0.883100
654.000000   0.882800
655.000000   0.882500
656.000000   0.882200
657.000000   0.881900
658.000000   0.881600
659.000000   0.881300
660.000000   0.881000
661.000000   0.880700
662.000000   0.880400
663.000000   0.880000
664.000000   0.879700
665.000000   0.879300
666.000000   0.878900
667.000000   0.878600
668.000000   0.878200
669.000000   0.877900
670.000000   0.877500
