ESTIMATED THICKNESSES

Thickness of film 1 = 145.00 nm

ESTIMATED INFLEXION POINTS

Inflexion point of the absorption coefficient of film 1 = 300.00 nm

ESTIMATED REFRACTIVE INDICES AND ABSORPTION COEFFICIENTS

Film 1

lambda                     n                          kappa
2.85000000000000000000e+02 7.83944437237399949225e+00 5.58295512833555940269e-01
2.96146788990825712062e+02 6.80865416733048700593e+00 3.76386742740870583468e-01
3.07293577981651367281e+02 5.77786396228697451960e+00 1.94477972648185198912e-01
3.18440366972477079344e+02 4.74707375724346292145e+00 1.25692025554998022124e-02
3.29587155963302734563e+02 3.71628355219995132330e+00 1.09980522360623271527e-02
3.40733944954128446625e+02 2.68549334715643972515e+00 9.42690191662485209301e-03
3.51880733944954158687e+02 2.66286104881385377041e+00 7.85575159718737703329e-03
3.63027522935779813906e+02 2.64022875047126781567e+00 6.28460127774990197358e-03
3.74174311926605469125e+02 2.61759645212868186093e+00 4.71345095831242691387e-03
3.85321100917431181188e+02 2.59496415378609590618e+00 3.14230063887495142047e-03
3.96467889908256893250e+02 2.57233185544350995144e+00 1.57115031943747571024e-03
4.07614678899082548469e+02 2.54969955710092399670e+00 1.07458186750109231296e-19
4.18761467889908260531e+02 2.52706725875833804196e+00 1.05653343638331581749e-19
4.29908256880733915750e+02 2.50443496041575208721e+00 1.03848500526553932201e-19
4.41055045871559627813e+02 2.48180266207316613247e+00 1.02043657414776282654e-19
4.52201834862385339875e+02 2.45917036373058017773e+00 1.00238814302998633107e-19
4.63348623853210995094e+02 2.43653806538799422299e+00 9.84339711912209835598e-20
4.74495412844036650313e+02 2.41390576704540826825e+00 9.66291280794433340125e-20
4.85642201834862362375e+02 2.41390576704540826825e+00 9.48242849676656844653e-20
4.96788990825688074437e+02 2.41390576704540826825e+00 9.30194418558880349181e-20
5.07935779816513729656e+02 2.41390576704540826825e+00 9.12145987441103853709e-20
5.19082568807339384875e+02 2.41390576704540826825e+00 8.94097556323327358236e-20
5.30229357798165096938e+02 2.41390576704540826825e+00 8.76049125205550862764e-20
5.41376146788990809000e+02 2.41390576704540826825e+00 8.58000694087774367292e-20
5.52522935779816521062e+02 2.41390576704540826825e+00 8.39952262969997871820e-20
5.63669724770642233125e+02 2.41390576704540826825e+00 8.21903831852221376348e-20
5.74816513761467831500e+02 2.41390576704540826825e+00 8.03855400734444880875e-20
5.85963302752293543563e+02 2.41390576704540826825e+00 7.85806969616668385403e-20
5.97110091743119255625e+02 2.41390576704540826825e+00 7.67758538498891889931e-20
6.08256880733944854001e+02 2.41390576704540826825e+00 7.49710107381115394459e-20
6.19403669724770679750e+02 2.41390576704540826825e+00 7.31661676263338898987e-20
6.30550458715596278125e+02 2.41390576704540826825e+00 7.13613245145562403514e-20
6.41697247706421990188e+02 2.41390576704540826825e+00 6.95564814027785908042e-20
6.52844036697247702250e+02 2.41390576704540826825e+00 6.77516382910009412570e-20
6.63990825688073300626e+02 2.41390576704540826825e+00 6.59467951792232917098e-20
6.75137614678899126375e+02 2.41390576704540826825e+00 6.41419520674456421626e-20
6.86284403669724724750e+02 2.41390576704540826825e+00 6.23371089556679926153e-20
6.97431192660550436813e+02 2.41390576704540826825e+00 6.05322658438903430681e-20
7.08577981651376148875e+02 2.41390576704540826825e+00 5.87274227321126935209e-20
7.19724770642201747251e+02 2.41390576704540826825e+00 5.69225796203350439737e-20
7.30871559633027459313e+02 2.41390576704540826825e+00 5.51177365085573944265e-20
7.42018348623853171375e+02 2.41390576704540826825e+00 5.33128933967797508978e-20
7.53165137614678883438e+02 2.41390576704540826825e+00 5.15080502850021073691e-20
7.64311926605504595500e+02 2.41390576704540826825e+00 4.97032071732244638404e-20
7.75458715596330193875e+02 2.41390576704540826825e+00 4.78983640614468203117e-20
7.86605504587155905938e+02 2.41390576704540826825e+00 4.60935209496691767830e-20
7.97752293577981618000e+02 2.41390576704540826825e+00 4.42886778378915332543e-20
8.08899082568807330063e+02 2.41390576704540826825e+00 4.24838347261138897256e-20
8.20045871559633042125e+02 2.41390576704540826825e+00 4.06790028707085521118e-20
8.31192660550458640500e+02 2.41390576704540826825e+00 3.88741710153032144979e-20
8.42339449541284352563e+02 2.41390576704540826825e+00 3.70719973258603004812e-20
8.53486238532110064625e+02 2.41390576704540826825e+00 3.52698236364173864644e-20
8.64633027522935776688e+02 2.41390576704540826825e+00 3.34676499469744905033e-20
8.75779816513761375063e+02 2.41390576704540826825e+00 3.16654762575315945421e-20
8.86926605504587087125e+02 2.41390576704540826825e+00 3.07881416444237821865e-20
8.98073394495412799188e+02 2.41390576704540826825e+00 2.99108070313159698309e-20
9.09220183486238511250e+02 2.41390576704540826825e+00 2.90337210247026459281e-20
9.20366972477064223312e+02 2.41390576704540826825e+00 2.81566350180893220254e-20
9.31513761467889821688e+02 2.41390576704540826825e+00 2.72795490114759981227e-20
9.42660550458715533750e+02 2.41390576704540826825e+00 2.64024636744352763787e-20
9.53807339449541245813e+02 2.41390576704540826825e+00 2.55253783373945546348e-20
9.64954128440366957875e+02 2.41390576704540826825e+00 2.46482930003538328908e-20
9.76100917431192556251e+02 2.41390576704540826825e+00 2.41023709282651532507e-20
9.87247706422018268313e+02 2.41390576704540826825e+00 2.35564488561764736106e-20
9.98394495412843980375e+02 2.41390576704540826825e+00 2.30105267840877939704e-20
1.00954128440366969244e+03 2.41390576704540826825e+00 2.24646047119991143303e-20
1.02068807339449540450e+03 2.41390576704540826825e+00 2.19186826399104346902e-20
1.03183486238532100288e+03 2.41390576704540826825e+00 2.13727605678217550500e-20
1.04298165137614660125e+03 2.41390576704540826825e+00 2.08268384957330754099e-20
1.05412844036697242700e+03 2.41390576704540826825e+00 2.02809164236443957698e-20
1.06527522935779825275e+03 2.41390576704540826825e+00 1.97349943515565948352e-20
1.07642201834862362375e+03 2.41390576704540826825e+00 1.91890722794687939006e-20
1.08756880733944944950e+03 2.41390576704540826825e+00 1.86431502562576734196e-20
1.09871559633027527525e+03 2.41390576704540826825e+00 1.80972282330465529387e-20
1.10986238532110087363e+03 2.41390576704540826825e+00 1.75513062098354324577e-20
1.12100917431192647200e+03 2.41390576704540826825e+00 1.70054842984497640284e-20
1.13215596330275229775e+03 2.41390576704540826825e+00 1.64596623870640955992e-20
1.14330275229357789613e+03 2.41390576704540826825e+00 1.59138404756784271699e-20
1.15444954128440349450e+03 2.41390576704540826825e+00 1.53680185642927617499e-20
1.16559633027522932025e+03 2.41390576704540826825e+00 1.48221966529070963299e-20
1.17674311926605491863e+03 2.41390576704540826825e+00 1.42763747415214309099e-20
1.18788990825688051700e+03 2.41390576704540826825e+00 1.37474195279090553619e-20
1.19903669724770634275e+03 2.41390576704540826825e+00 1.32184643142966813186e-20
1.21018348623853216850e+03 2.41390576704540826825e+00 1.26895091006843072753e-20
1.22133027522935776688e+03 2.41390576704540826825e+00 1.21605538870719332320e-20
1.23247706422018336525e+03 2.41390576704540826825e+00 1.16315986734595591887e-20
1.24362385321100919100e+03 2.41390576704540826825e+00 1.11026434604643824980e-20
1.25477064220183478938e+03 2.41390576704540826825e+00 1.05736882474692058073e-20
1.26591743119266038775e+03 2.41390576704540826825e+00 1.00447330344740291165e-20
1.27706422018348621350e+03 2.41390576704540826825e+00 9.51577782147885242584e-21
1.28821100917431181188e+03 2.41390576704540826825e+00 8.98682260848367573513e-21
1.29935779816513741025e+03 2.41390576704540826825e+00 8.45818118646989174407e-21
1.31050458715596323600e+03 2.41390576704540826825e+00 7.92953976445610775302e-21
1.32165137614678883438e+03 2.41390576704540826825e+00 7.40089834244232376197e-21
1.33279816513761466013e+03 2.41390576704540826825e+00 6.87225692042853977092e-21
1.34394495412844025850e+03 2.41390576704540826825e+00 6.34361549841475502756e-21
1.35509174311926608425e+03 2.41390576704540826825e+00 5.81497662152222015848e-21
1.36623853211009168263e+03 2.41390576704540826825e+00 5.28633774462968528940e-21
1.37738532110091728100e+03 2.41390576704540826825e+00 4.75770397099643664561e-21
1.38853211009174310675e+03 2.41390576704540826825e+00 4.22907019736318800182e-21
1.39967889908256870513e+03 2.41390576704540826825e+00 3.70043642372993935803e-21
1.41082568807339430350e+03 2.41390576704540826825e+00 3.17180265009669071424e-21
1.42197247706422012925e+03 2.41390576704540826825e+00 2.64316887646344207045e-21
1.43311926605504572763e+03 2.41390576704540826825e+00 2.11453510283019342666e-21
1.44426605504587155338e+03 2.41390576704540826825e+00 1.58590132919694459479e-21
1.45541284403669715175e+03 2.41390576704540826825e+00 1.05726755556369595100e-21
1.46655963302752275013e+03 2.41390576704540826825e+00 5.28633781930447307205e-22
1.47770642201834857588e+03 2.41390576704540826825e+00 8.29719863496676836002e-30
1.48885321100917417425e+03 2.41390576704540826825e+00 8.29719863496676836002e-30
1.50000000000000000000e+03 2.41390576704540826825e+00 8.29719863496676836002e-30


TRANSMITTANCE WITH THE ESTIMATED THICKNESSES AND OPTICAL PARAMETERS

lambda                     t
2.85000000000000000000e+02 6.25529415572611234564e-03
2.96146788990825712062e+02 2.48367316402588710067e-02
3.07293577981651367281e+02 8.18736908808721519648e-02
3.18440366972477079344e+02 2.85331323385256130365e-01
3.29587155963302734563e+02 4.59727508765179260219e-01
3.40733944954128446625e+02 6.31708588137075643942e-01
3.51880733944954158687e+02 7.28601736688601175906e-01
3.63027522935779813906e+02 8.23932265397463781120e-01
3.74174311926605469125e+02 8.82923630428670835890e-01
3.85321100917431181188e+02 8.86578384322592838451e-01
3.96467889908256893250e+02 8.46586272063978739766e-01
4.07614678899082548469e+02 7.89191902571285575085e-01
4.18761467889908260531e+02 7.29961901244296829105e-01
4.29908256880733915750e+02 6.84381019124124634345e-01
4.41055045871559627813e+02 6.54089447772363441480e-01
4.52201834862385339875e+02 6.37952656653658967123e-01
4.63348623853210995094e+02 6.34101533515809889785e-01
4.74495412844036650313e+02 6.40665960364096953583e-01
4.85642201834862362375e+02 6.45883742590553366902e-01
4.96788990825688074437e+02 6.54930777157552324041e-01
5.07935779816513729656e+02 6.67247659222726996475e-01
5.19082568807339384875e+02 6.82307695203260622385e-01
5.30229357798165096938e+02 6.99601240493376352880e-01
5.41376146788990809000e+02 7.18624090637506318657e-01
5.52522935779816521062e+02 7.38870923558751058202e-01
5.63669724770642233125e+02 7.59834126663460285300e-01
5.74816513761467831500e+02 7.81007849319014124667e-01
5.85963302752293543563e+02 8.01896655436918681659e-01
5.97110091743119255625e+02 8.22027691911221713994e-01
6.08256880733944854001e+02 8.40964887208551004072e-01
6.19403669724770679750e+02 8.58323432712655653987e-01
6.30550458715596278125e+02 8.73782753674778533970e-01
6.41697247706421990188e+02 8.87096384578470398274e-01
6.52844036697247702250e+02 8.98097605464103554418e-01
6.63990825688073300626e+02 9.06700294101711157246e-01
6.75137614678899126375e+02 9.12895089751733390671e-01
6.86284403669724724750e+02 9.16741528961297014177e-01
6.97431192660550436813e+02 9.18357211135596651630e-01
7.08577981651376148875e+02 9.17905237752298597265e-01
7.19724770642201747251e+02 9.15581150941177979163e-01
7.30871559633027459313e+02 9.11600420467148842008e-01
7.42018348623853171375e+02 9.06187257931778122888e-01
7.53165137614678883438e+02 8.99565238136788014600e-01
7.64311926605504595500e+02 8.91949931220121672304e-01
7.75458715596330193875e+02 8.83543526932752842917e-01
7.86605504587155905938e+02 8.74531276783327760072e-01
7.97752293577981618000e+02 8.65079488716266387094e-01
8.08899082568807330063e+02 8.55334771730869913853e-01
8.20045871559633042125e+02 8.45424230051878389247e-01
8.31192660550458640500e+02 8.35456333927401817441e-01
8.42339449541284352563e+02 8.25522234910136210040e-01
8.53486238532110064625e+02 8.15697338680627770380e-01
8.64633027522935776688e+02 8.06042992211604913955e-01
8.75779816513761375063e+02 7.96608180974276214315e-01
8.86926605504587087125e+02 7.87431164437798480904e-01
8.98073394495412799188e+02 7.78541004043548978686e-01
9.09220183486238511250e+02 7.69958957617618122704e-01
9.20366972477064223312e+02 7.61699728658488117716e-01
9.31513761467889821688e+02 7.53772569064895203717e-01
9.42660550458715533750e+02 7.46182240587812350974e-01
9.53807339449541245813e+02 7.38929844432113958064e-01
9.64954128440366957875e+02 7.32013530693939262761e-01
9.76100917431192556251e+02 7.25429100255938541508e-01
9.87247706422018268313e+02 7.19170511804492207375e-01
9.98394495412843980375e+02 7.13230306102254463241e-01
1.00954128440366969244e+03 7.07599958779582927093e-01
1.02068807339449540450e+03 7.02270171864281200769e-01
1.03183486238532100288e+03 6.97231113162720683718e-01
1.04298165137614660125e+03 6.92472611510246638389e-01
1.05412844036697242700e+03 6.87984314870094815220e-01
1.06527522935779825275e+03 6.83755817303436153054e-01
1.07642201834862362375e+03 6.79776759970663335686e-01
1.08756880733944944950e+03 6.76036910558704295937e-01
1.09871559633027527525e+03 6.72526224858450150101e-01
1.10986238532110087363e+03 6.69234893634282790309e-01
1.12100917431192647200e+03 6.66153377426522252946e-01
1.13215596330275229775e+03 6.63272431498814096784e-01
1.14330275229357789613e+03 6.60583122777632314460e-01
1.15444954128440349450e+03 6.58076840321916822774e-01
1.16559633027522932025e+03 6.55745300599971270294e-01
1.17674311926605491863e+03 6.53580548631228164247e-01
1.18788990825688051700e+03 6.51574955866300875584e-01
1.19903669724770634275e+03 6.49721215524622919268e-01
1.21018348623853216850e+03 6.48012335980224452037e-01
1.22133027522935776688e+03 6.46441632678927624589e-01
1.23247706422018336525e+03 6.45002718980973610563e-01
1.24362385321100919100e+03 6.43689496249017611973e-01
1.25477064220183478938e+03 6.42496143439959865873e-01
1.26591743119266038775e+03 6.41417106408285309094e-01
1.27706422018348621350e+03 6.40447087086607247386e-01
1.28821100917431181188e+03 6.39581032674507832247e-01
1.29935779816513741025e+03 6.38814124938336447279e-01
1.31050458715596323600e+03 6.38141769701282668414e-01
1.32165137614678883438e+03 6.37559586583962611961e-01
1.33279816513761466013e+03 6.37063399040178168775e-01
1.34394495412844025850e+03 6.36649224719875506118e-01
1.35509174311926608425e+03 6.36313266181094627782e-01
1.36623853211009168263e+03 6.36051901964464483363e-01
1.37738532110091728100e+03 6.35861678037229260951e-01
1.38853211009174310675e+03 6.35739299608549690568e-01
1.39967889908256870513e+03 6.35681623313725796542e-01
1.41082568807339430350e+03 6.35685649761801419011e-01
1.42197247706422012925e+03 6.35748516438551680707e-01
1.43311926605504572763e+03 6.35867490955058234370e-01
1.44426605504587155338e+03 6.36039964630710330518e-01
1.45541284403669715175e+03 6.36263446398585563735e-01
1.46655963302752275013e+03 6.36535557020526332472e-01
1.47770642201834857588e+03 6.36854023598922180938e-01
1.48885321100917417425e+03 6.37216674372055424946e-01
1.50000000000000000000e+03 6.37621433779911872541e-01


QUADRATIC ERROR = 1.015932e+00
