ESTIMATED THICKNESSES

Thickness of film 1 = 146.00 nm

ESTIMATED INFLEXION POINTS

Inflexion point of the absorption coefficient of film 1 = 497.00 nm

ESTIMATED REFRACTIVE INDICES AND ABSORPTION COEFFICIENTS

Film 1

lambda                     n                          kappa
4.00000000000000000000e+02 2.12248316739360554095e+00 -3.24781694579071855689e-02
4.06060606060606062329e+02 2.10778499193720136873e+00 -2.73177581990687243230e-02
4.12121212121212124657e+02 2.09308681648079719650e+00 -2.21573469402302630771e-02
4.18181818181818186986e+02 2.09000632327484980877e+00 -1.69969356813918018312e-02
4.24242424242424249314e+02 2.08692583006890242103e+00 -1.24193081510641841619e-02
4.30303030303030311643e+02 2.08384533686295503330e+00 -7.84168062073656649269e-03
4.36363636363636373972e+02 2.08076484365700764556e+00 -3.26405309040894882344e-03
4.42424242424242436300e+02 2.07768435045106025783e+00 2.90759703072625969034e-04
4.48484848484848498629e+02 2.07460385724511287009e+00 3.84557249655420076151e-03
4.54545454545454560957e+02 2.07152336403916548235e+00 7.40038529003577555399e-03
4.60606060606060623286e+02 2.06844287083321809462e+00 9.45155658481205973587e-03
4.66666666666666685614e+02 2.06536237762727070688e+00 1.15027278795883439177e-02
4.72727272727272747943e+02 2.06228188442132331915e+00 1.35538991743646280996e-02
4.78787878787878753428e+02 2.05920139121537593141e+00 1.56050704691409122815e-02
4.84848484848484872600e+02 2.05612089800942854367e+00 1.66211185520321255704e-02
4.90909090909090878085e+02 2.05304040480348115594e+00 1.76371666349233388593e-02
4.96969696969696997257e+02 2.04995991159753376820e+00 1.86532147178145521482e-02
5.03030303030303002743e+02 2.04754536965853750630e+00 1.96692628007057654371e-02
5.09090909090909121915e+02 2.04513082771954124439e+00 1.91024607868294331314e-02
5.15151515151515127400e+02 2.04271628578054498249e+00 1.85356587729531008257e-02
5.21212121212121246572e+02 2.04030174384154872058e+00 1.79688567590767685200e-02
5.27272727272727252057e+02 2.03788720190255245868e+00 1.74020547452004362143e-02
5.33333333333333371229e+02 2.03547265996355619677e+00 1.68352527313241039086e-02
5.39393939393939376714e+02 2.03305811802455993487e+00 1.62684507174477716029e-02
5.45454545454545495886e+02 2.03064357608556367296e+00 1.57016487035714392972e-02
5.51515151515151501371e+02 2.02822903414656741106e+00 1.51348466896951069915e-02
5.57575757575757506856e+02 2.02581449220757114915e+00 1.45680446758187746858e-02
5.63636363636363626028e+02 2.02339995026857488725e+00 1.40012426619424423802e-02
5.69696969696969745200e+02 2.02098540832957862534e+00 1.34344406480661100745e-02
5.75757575757575750686e+02 2.01857086639058236344e+00 1.28676386341897777688e-02
5.81818181818181756171e+02 2.01615632445158610153e+00 1.23008366203134454631e-02
5.87878787878787875343e+02 2.01374178251258983963e+00 1.17340346064371131574e-02
5.93939393939393994515e+02 2.01132724057359357772e+00 1.11672325925607808517e-02
6.00000000000000000000e+02 2.00891269863459731582e+00 1.06004305786844485460e-02
6.06060606060606005485e+02 2.00649815669560105391e+00 1.00336285648081162403e-02
6.12121212121212124657e+02 2.00408361475660479201e+00 9.46682655093178393457e-03
6.18181818181818243829e+02 2.00166907281760853010e+00 8.90002453705545162888e-03
6.24242424242424249314e+02 1.99925453087861226820e+00 8.33322252317911932318e-03
6.30303030303030254800e+02 1.99683998893961578425e+00 7.76642050930278701748e-03
6.36363636363636373972e+02 1.99442544700061930030e+00 7.19961849542645471178e-03
6.42424242424242493144e+02 1.99201090506162281635e+00 6.63281648155012240609e-03
6.48484848484848498629e+02 1.98959636312262633240e+00 6.06601446767379010039e-03
6.54545454545454504114e+02 1.98718182118362984845e+00 5.90160404269541617739e-03
6.60606060606060623286e+02 1.98476727924463336450e+00 5.73719361771704225439e-03
6.66666666666666742458e+02 1.98235273730563688055e+00 5.57278319273866833139e-03
6.72727272727272747943e+02 1.97993819536664039660e+00 5.40837276776029440839e-03
6.78787878787878753428e+02 1.97752365342764391265e+00 5.24396234278192048539e-03
6.84848484848484872600e+02 1.97510911148864742870e+00 5.07955191780354656239e-03
6.90909090909090878085e+02 1.97269456954965094475e+00 4.91514149282517263939e-03
6.96969696969696997257e+02 1.97028002761065446080e+00 4.75073106784679871639e-03
7.03030303030303002743e+02 1.96786548567165797685e+00 4.58632064286842479339e-03
7.09090909090909008228e+02 1.96545094373266149290e+00 4.42191021789005087039e-03
7.15151515151515127400e+02 1.96303640179366500895e+00 4.25749979291167694739e-03
7.21212121212121246572e+02 1.96062185985466852500e+00 4.09308936793330302439e-03
7.27272727272727252057e+02 1.95820731791567204105e+00 3.92867894295492910139e-03
7.33333333333333257542e+02 1.95579277597667555710e+00 3.76426851797655517839e-03
7.39393939393939376714e+02 1.95337823403767907315e+00 3.59985809299818082171e-03
7.45454545454545495886e+02 1.95096369209868258920e+00 3.43544766801980646503e-03
7.51515151515151501371e+02 1.94854915015968610525e+00 3.27103724304143210835e-03
7.57575757575757506856e+02 1.94613460822068962131e+00 3.10662681806305775167e-03
7.63636363636363626028e+02 1.94372006628169313736e+00 2.94221639308468339499e-03
7.69696969696969745200e+02 1.94130552434269665341e+00 2.77780596810630903831e-03
7.75757575757575750686e+02 1.93889098240370016946e+00 2.61339554312793468163e-03
7.81818181818181756171e+02 1.93647644046470368551e+00 2.44898511814956032495e-03
7.87878787878787875343e+02 1.93406189852570720156e+00 2.28457469317118596827e-03
7.93939393939393994515e+02 1.93164735658671071761e+00 2.12016426819281161159e-03
8.00000000000000000000e+02 1.92923281464771423366e+00 1.95575384321443725491e-03
8.06060606060606005485e+02 1.92681827270871774971e+00 1.79134341823606311507e-03
8.12121212121212124657e+02 1.92440373076972126576e+00 1.62693299325768897523e-03
8.18181818181818243829e+02 1.92198918883072478181e+00 1.46252256827931483539e-03
8.24242424242424249314e+02 1.91957464689172829786e+00 1.29811214330094069555e-03
8.30303030303030254800e+02 1.91716010495273181391e+00 1.13370171832256655571e-03
8.36363636363636373972e+02 1.91474556301373532996e+00 9.69291293344192524291e-04
8.42424242424242493144e+02 1.91233102107473884601e+00 8.04880868365818492871e-04
8.48484848484848498629e+02 1.90991647913574236206e+00 6.40470443387444461451e-04
8.54545454545454504114e+02 1.90750193719674587811e+00 4.76060018409070430032e-04
8.60606060606060623286e+02 1.90508739525774939416e+00 4.44382724496171282666e-04
8.66666666666666742458e+02 1.90267285331875291021e+00 4.12705430583272135300e-04
8.72727272727272747943e+02 1.90025831137975642626e+00 3.81028136670372987935e-04
8.78787878787878753428e+02 1.89784376944075994231e+00 3.49350842757473840569e-04
8.84848484848484872600e+02 1.89635576764721935916e+00 3.17673548844574693203e-04
8.90909090909090878085e+02 1.89486776585367877601e+00 2.85996254931675545838e-04
8.96969696969696997257e+02 1.89337976406013819286e+00 2.54318961018776398472e-04
9.03030303030303002743e+02 1.89337976406013819286e+00 2.22641667105877224002e-04
9.09090909090909008228e+02 1.89337976406013819286e+00 1.90964373192978049531e-04
9.15151515151515127400e+02 1.89337976406013819286e+00 1.59287079280078875060e-04
9.21212121212121246572e+02 1.89337976406013819286e+00 1.27609785367179700590e-04
9.27272727272727252057e+02 1.89337976406013819286e+00 9.59324914542805261188e-05
9.33333333333333371229e+02 1.89337976406013819286e+00 6.42551975413813380956e-05
9.39393939393939376714e+02 1.89337976406013819286e+00 3.25779036284821500724e-05
9.45454545454545495886e+02 1.89337976406013819286e+00 9.00609715582964060906e-07
9.51515151515151501371e+02 1.89337976406013819286e+00 9.00609715582964060906e-07
9.57575757575757620543e+02 1.89337976406013819286e+00 9.00609715582964060906e-07
9.63636363636363626028e+02 1.89337976406013819286e+00 9.00609715582964060906e-07
9.69696969696969745200e+02 1.89337976406013819286e+00 9.00609715582964060906e-07
9.75757575757575750686e+02 1.89337976406013819286e+00 9.00609715582964060906e-07
9.81818181818181756171e+02 1.89337976406013819286e+00 9.00609715582964060906e-07
9.87878787878787875343e+02 1.89337976406013819286e+00 9.00609715582964060906e-07
9.93939393939393880828e+02 1.89337976406013819286e+00 9.00609715582964060906e-07
1.00000000000000000000e+03 1.89337976406013819286e+00 9.00609715582964060906e-07


TRANSMITTANCE WITH THE ESTIMATED THICKNESSES AND OPTICAL PARAMETERS

lambda                     t
4.00000000000000000000e+02 8.40253803688946199202e-01
4.06060606060606062329e+02 8.24255157114867853529e-01
4.12121212121212124657e+02 8.12482464699026296628e-01
4.18181818181818186986e+02 7.98467816487596460107e-01
4.24242424242424249314e+02 7.88120022722762048062e-01
4.30303030303030311643e+02 7.79198885500198001886e-01
4.36363636363636373972e+02 7.71425239257544470561e-01
4.42424242424242436300e+02 7.67735345444127692538e-01
4.48484848484848498629e+02 7.64710099386109343200e-01
4.54545454545454560957e+02 7.62175591783657457867e-01
4.60606060606060623286e+02 7.64627811994682105023e-01
4.66666666666666685614e+02 7.67284529252924119014e-01
4.72727272727272747943e+02 7.70025925348184925312e-01
4.78787878787878753428e+02 7.72745949781632246456e-01
4.84848484848484872600e+02 7.78592916860577077820e-01
4.90909090909090878085e+02 7.84257917645171165333e-01
4.96969696969696997257e+02 7.89662154198683574613e-01
5.03030303030303002743e+02 7.94484566427584137926e-01
5.09090909090909121915e+02 8.03978964459248879315e-01
5.15151515151515127400e+02 8.13097419272623356257e-01
5.21212121212121246572e+02 8.21783823673231106355e-01
5.27272727272727252057e+02 8.29990654643992131767e-01
5.33333333333333371229e+02 8.37679143291981453956e-01
5.39393939393939376714e+02 8.44819269433077058018e-01
5.45454545454545495886e+02 8.51389585489956135511e-01
5.51515151515151501371e+02 8.57376881852563776931e-01
5.57575757575757506856e+02 8.62775712076765399772e-01
5.63636363636363626028e+02 8.67587800959218502506e-01
5.69696969696969745200e+02 8.71821361474037770378e-01
5.75757575757575750686e+02 8.75490347797185930467e-01
5.81818181818181756171e+02 8.78613671319274591731e-01
5.87878787878787875343e+02 8.81214404897699754571e-01
5.93939393939393994515e+02 8.83318997927100779677e-01
6.00000000000000000000e+02 8.84956521438714505123e-01
6.06060606060606005485e+02 8.86157958690934166590e-01
6.12121212121212124657e+02 8.86955552868355590057e-01
6.18181818181818243829e+02 8.87382219797901883318e-01
6.24242424242424249314e+02 8.87471030194138310598e-01
6.30303030303030254800e+02 8.87254762979454936200e-01
6.36363636363636373972e+02 8.86765528752897824738e-01
6.42424242424242493144e+02 8.86034460523801303822e-01
6.48484848484848498629e+02 8.85091467366972417530e-01
6.54545454545454504114e+02 8.82951035689327312639e-01
6.60606060606060623286e+02 8.80692499280832818975e-01
6.66666666666666742458e+02 8.78340015860274769821e-01
6.72727272727272747943e+02 8.75915862719290339022e-01
6.78787878787878753428e+02 8.73440459983446437775e-01
6.84848484848484872600e+02 8.70932416777783879880e-01
6.90909090909090878085e+02 8.68408595149583018014e-01
6.96969696969696997257e+02 8.65884187246361514134e-01
7.03030303030303002743e+02 8.63372801878415918608e-01
7.09090909090909008228e+02 8.60886557193301538149e-01
7.15151515151515127400e+02 8.58436176741794843004e-01
7.21212121212121246572e+02 8.56031086713955446932e-01
7.27272727272727252057e+02 8.53679512566625886549e-01
7.33333333333333257542e+02 8.51388573650070257237e-01
7.39393939393939376714e+02 8.49164374773544117225e-01
7.45454545454545495886e+02 8.47012093930956222465e-01
7.51515151515151501371e+02 8.44936065642856171110e-01
7.57575757575757506856e+02 8.42939859564568405581e-01
7.63636363636363626028e+02 8.41026354167406231532e-01
7.69696969696969745200e+02 8.39197805425324072637e-01
7.75757575757575750686e+02 8.37455910537629244494e-01
7.81818181818181756171e+02 8.35801866793747239015e-01
7.87878787878787875343e+02 8.34236425742179488196e-01
7.93939393939393994515e+02 8.32759942866130531414e-01
8.00000000000000000000e+02 8.31372422995660165235e-01
8.06060606060606005485e+02 8.30073561703213225194e-01
8.12121212121212124657e+02 8.28862782938052933268e-01
8.18181818181818243829e+02 8.27739273157352073440e-01
8.24242424242424249314e+02 8.26702012208925141046e-01
8.30303030303030254800e+02 8.25749801214102241431e-01
8.36363636363636373972e+02 8.24881287690008346836e-01
8.42424242424242493144e+02 8.24094988139436046559e-01
8.48484848484848498629e+02 8.23389308324145141604e-01
8.54545454545454504114e+02 8.22762561424345340022e-01
8.60606060606060623286e+02 8.22006672821996575706e-01
8.66666666666666742458e+02 8.21329156105894520046e-01
8.72727272727272747943e+02 8.20727905521147382828e-01
8.78787878787878753428e+02 8.20200792423322222469e-01
8.84848484848484872600e+02 8.19543669209591651992e-01
8.90909090909090878085e+02 8.18944861826387815462e-01
8.96969696969696997257e+02 8.18402777474248499523e-01
9.03030303030303002743e+02 8.17566234086606891118e-01
9.09090909090909008228e+02 8.16767905983624808997e-01
9.15151515151515127400e+02 8.16006918743992337717e-01
9.21212121212121246572e+02 8.15282398757681381340e-01
9.27272727272727252057e+02 8.14593475278278966734e-01
9.33333333333333371229e+02 8.13939282240631167831e-01
9.39393939393939376714e+02 8.13318959865128143782e-01
9.45454545454545495886e+02 8.12731656068152341632e-01
9.51515151515151501371e+02 8.12131961908932331617e-01
9.57575757575757620543e+02 8.11564113123356634105e-01
9.63636363636363626028e+02 8.11027264575632012011e-01
9.69696969696969745200e+02 8.10520584076520167471e-01
9.75757575757575750686e+02 8.10043253003266960910e-01
9.81818181818181756171e+02 8.09594466815827917827e-01
9.87878787878787875343e+02 8.09173435479749847410e-01
9.93939393939393880828e+02 8.08779383805149909570e-01
1.00000000000000000000e+03 8.08411551710389364445e-01


QUADRATIC ERROR = 2.000174e-04
