ESTIMATED THICKNESSES

Thickness of film 1 = 166.00 nm

ESTIMATED INFLEXION POINTS

Inflexion point of the absorption coefficient of film 1 = 300.00 nm

ESTIMATED REFRACTIVE INDICES AND ABSORPTION COEFFICIENTS

Film 1

lambda                     n                          kappa
3.00000000000000000000e+02 3.25288202763576173027e+00 4.46769105757861662021e-01
3.08080808080808083105e+02 3.07762612790920186967e+00 2.48000838073370644121e-01
3.16161616161616166210e+02 2.90237022818264378543e+00 1.73845122229650012047e-01
3.24242424242424249314e+02 2.72711432845608570119e+00 9.96894063859293799723e-02
3.32323232323232332419e+02 2.55185842873570223333e+00 2.55336905422087548367e-02
3.40404040404040415524e+02 2.37660252901531876546e+00 2.13404841929695290870e-02
3.48484848484848498629e+02 2.34769343231392069171e+00 1.71472778437303033372e-02
3.56565656565656581733e+02 2.31878433561252261796e+00 1.29540714944910775874e-02
3.64646464646464664838e+02 2.28987523891112454422e+00 8.76086514525185183766e-03
3.72727272727272747943e+02 2.26096614220972647047e+00 8.76086514525185183766e-03
3.80808080808080831048e+02 2.23205704550832839672e+00 8.76086514525185183766e-03
3.88888888888888914153e+02 2.20314794880693032297e+00 8.76086514525185183766e-03
3.96969696969696997257e+02 2.17423885210553224923e+00 8.76086514525185183766e-03
4.05050505050505080362e+02 2.14532975540413417548e+00 8.76086514525185183766e-03
4.13131313131313163467e+02 2.11642065870273610173e+00 8.76086514525185183766e-03
4.21212121212121246572e+02 2.08751156200133802798e+00 8.76086514525185183766e-03
4.29292929292929329677e+02 2.05860246529993995424e+00 8.76086514525185183766e-03
4.37373737373737412781e+02 2.02969336859854188049e+00 8.76086514525185183766e-03
4.45454545454545495886e+02 2.00078427189714380674e+00 8.76086514525185183766e-03
4.53535353535353578991e+02 1.97187517519574551095e+00 8.76086514525185183766e-03
4.61616161616161662096e+02 1.96905056664586619597e+00 8.76086514525185183766e-03
4.69696969696969745200e+02 1.96622595809598688099e+00 8.76086514525185183766e-03
4.77777777777777828305e+02 1.96340134954610756601e+00 8.76086514525185183766e-03
4.85858585858585911410e+02 1.96057674099622825103e+00 8.76086514525185183766e-03
4.93939393939393937671e+02 1.95775213244634893606e+00 8.76086514525185183766e-03
5.02020202020202020776e+02 1.95492752389646962108e+00 8.76086514525185183766e-03
5.10101010101010103881e+02 1.95210291534659030610e+00 8.76086514525185183766e-03
5.18181818181818243829e+02 1.94927830679671099112e+00 8.76086514525185183766e-03
5.26262626262626326934e+02 1.94645369824683167614e+00 8.76086514525185183766e-03
5.34343434343434410039e+02 1.94362908969817893556e+00 8.76086514525185183766e-03
5.42424242424242493144e+02 1.94080448114952619498e+00 8.76086514525185183766e-03
5.50505050505050576248e+02 1.93797987260087345440e+00 8.76086514525185183766e-03
5.58585858585858659353e+02 1.93797987260087345440e+00 8.76086514525185183766e-03
5.66666666666666742458e+02 1.93797987260087345440e+00 8.76086514525185183766e-03
5.74747474747474825563e+02 1.93797987260087345440e+00 8.76086514525185183766e-03
5.82828282828282908667e+02 1.93797987260087345440e+00 8.76086514525185183766e-03
5.90909090909090991772e+02 1.93797987260087345440e+00 8.76086514525185183766e-03
5.98989898989899074877e+02 1.93797987260087345440e+00 8.76086514525185183766e-03
6.07070707070707157982e+02 1.93797987260087345440e+00 8.76086514525185183766e-03
6.15151515151515241087e+02 1.93797987260087345440e+00 8.76086514525185183766e-03
6.23232323232323324191e+02 1.93797987260087345440e+00 8.76086514525185183766e-03
6.31313131313131407296e+02 1.93797987260087345440e+00 8.76086514525185183766e-03
6.39393939393939490401e+02 1.93797987260087345440e+00 8.76086514525185183766e-03
6.47474747474747573506e+02 1.93797987260087345440e+00 8.76086514525185183766e-03
6.55555555555555656611e+02 1.93797987260087345440e+00 8.76086514525185183766e-03
6.63636363636363739715e+02 1.93797987260087345440e+00 8.76086514525185183766e-03
6.71717171717171822820e+02 1.93797987260087345440e+00 8.76086514525185183766e-03
6.79797979797979905925e+02 1.93797987260087345440e+00 8.76086514525185183766e-03
6.87878787878787875343e+02 1.93797987260087345440e+00 8.76086514525185183766e-03
6.95959595959595958448e+02 1.93797987260087345440e+00 8.76086514525185183766e-03
7.04040404040404041552e+02 1.93797987260087345440e+00 8.76086514525185183766e-03
7.12121212121212124657e+02 1.93797987260087345440e+00 8.76086514525185183766e-03
7.20202020202020207762e+02 1.93797987260087345440e+00 8.76086514525185183766e-03
7.28282828282828290867e+02 1.93797987260087345440e+00 8.76086514525185183766e-03
7.36363636363636373972e+02 1.93797987260087345440e+00 8.76086514525185183766e-03
7.44444444444444457076e+02 1.93797987260087345440e+00 8.76086514525185183766e-03
7.52525252525252540181e+02 1.93797987260087345440e+00 8.76086514525185183766e-03
7.60606060606060623286e+02 1.93797987260087345440e+00 8.76086514525185183766e-03
7.68686868686868706391e+02 1.93797987260087345440e+00 8.76086514525185183766e-03
7.76767676767676789495e+02 1.93797987260087345440e+00 8.76086514525185183766e-03
7.84848484848484872600e+02 1.93797987260087345440e+00 8.76086514525185183766e-03
7.92929292929292955705e+02 1.93797987260087345440e+00 8.76086514525185183766e-03
8.01010101010101038810e+02 1.93797987260087345440e+00 8.76086514525185183766e-03
8.09090909090909121915e+02 1.93797987260087345440e+00 8.76086514525185183766e-03
8.17171717171717205019e+02 1.93797987260087345440e+00 8.76086514525185183766e-03
8.25252525252525288124e+02 1.93797987260087345440e+00 8.76086514525185183766e-03
8.33333333333333371229e+02 1.93797987260087345440e+00 8.76086514525185183766e-03
8.41414141414141454334e+02 1.93797987260087345440e+00 8.76086514525185183766e-03
8.49494949494949537439e+02 1.93797987260087345440e+00 8.76086514525185183766e-03
8.57575757575757620543e+02 1.93797987260087345440e+00 8.76086514525185183766e-03
8.65656565656565703648e+02 1.93797987260087345440e+00 8.76086514525185183766e-03
8.73737373737373786753e+02 1.93797987260087345440e+00 8.76086514525185183766e-03
8.81818181818181869858e+02 1.93797987260087345440e+00 8.76086514525185183766e-03
8.89898989898989952962e+02 1.93797987260087345440e+00 8.76086514525185183766e-03
8.97979797979798036067e+02 1.93797987260087345440e+00 8.76086514525185183766e-03
9.06060606060606119172e+02 1.93797987260087345440e+00 8.76086514525185183766e-03
9.14141414141414202277e+02 1.93797987260087345440e+00 8.76086514525185183766e-03
9.22222222222222285382e+02 1.93797987260087345440e+00 8.76086514525185183766e-03
9.30303030303030368486e+02 1.93797987260087345440e+00 8.76086514525185183766e-03
9.38383838383838451591e+02 1.93797987260087345440e+00 8.76086514525185183766e-03
9.46464646464646534696e+02 1.93797987260087345440e+00 8.76086514525185183766e-03
9.54545454545454617801e+02 1.93797987260087345440e+00 8.76086514525185183766e-03
9.62626262626262700905e+02 1.93797987260087345440e+00 8.76086514525185183766e-03
9.70707070707070784010e+02 1.93797987260087345440e+00 8.76086514525185183766e-03
9.78787878787878867115e+02 1.93797987260087345440e+00 8.76086514525185183766e-03
9.86868686868686950220e+02 1.93797987260087345440e+00 8.76086514525185183766e-03
9.94949494949495033325e+02 1.93797987260087345440e+00 8.76086514525185183766e-03
1.00303030303030311643e+03 1.93797987260087345440e+00 8.76086514525185183766e-03
1.01111111111111119953e+03 1.93797987260087345440e+00 8.76086514525185183766e-03
1.01919191919191928264e+03 1.93797987260087345440e+00 8.76086514525185183766e-03
1.02727272727272747943e+03 1.93797987260087345440e+00 8.76086514525185183766e-03
1.03535353535353533516e+03 1.93797987260087345440e+00 8.76086514525185183766e-03
1.04343434343434364564e+03 1.93797987260087345440e+00 8.76086514525185183766e-03
1.05151515151515150137e+03 1.93797987260087345440e+00 8.76086514525185183766e-03
1.05959595959595981185e+03 1.93797987260087345440e+00 8.76086514525185183766e-03
1.06767676767676766758e+03 1.93797987260087345440e+00 8.76086514525185183766e-03
1.07575757575757575069e+03 1.93797987260087345440e+00 8.76086514525185183766e-03
1.08383838383838383379e+03 1.93797987260087345440e+00 8.76086514525185183766e-03
1.09191919191919191690e+03 1.93797987260087345440e+00 8.76086514525185183766e-03
1.10000000000000000000e+03 1.93797987260087345440e+00 8.76086514525185183766e-03


TRANSMITTANCE WITH THE ESTIMATED THICKNESSES AND OPTICAL PARAMETERS

lambda                     t
3.00000000000000000000e+02 2.67200000050411036467e-02
3.08080808080808083105e+02 1.14007048868901811334e-01
3.16161616161616166210e+02 2.29044434724565842965e-01
3.24242424242424249314e+02 3.82658450583993281491e-01
3.32323232323232332419e+02 5.31421299332490049139e-01
3.40404040404040415524e+02 6.27940741979153282948e-01
3.48484848484848498629e+02 6.98277507113864936983e-01
3.56565656565656581733e+02 7.74160546819345318781e-01
3.64646464646464664838e+02 8.41094234108267335692e-01
3.72727272727272747943e+02 8.62007489188626796484e-01
3.80808080808080831048e+02 8.57809388624010793478e-01
3.88888888888888914153e+02 8.36135355883014241840e-01
3.96969696969696997257e+02 8.07164065764410354475e-01
4.05050505050505080362e+02 7.79053044353369861241e-01
4.13131313131313163467e+02 7.56604273619856382282e-01
4.21212121212121246572e+02 7.41879994083714411346e-01
4.29292929292929329677e+02 7.35230408768969501132e-01
4.37373737373737412781e+02 7.36071375541464956171e-01
4.45454545454545495886e+02 7.43333758843415792761e-01
4.53535353535353578991e+02 7.55690626044705160425e-01
4.61616161616161662096e+02 7.60689476254699958879e-01
4.69696969696969745200e+02 7.66884158678153404765e-01
4.77777777777777828305e+02 7.74049288008868185962e-01
4.85858585858585911410e+02 7.81966275901981533458e-01
4.93939393939393937671e+02 7.90425825061915499070e-01
5.02020202020202020776e+02 7.99230086215662938187e-01
5.10101010101010103881e+02 8.08194614093432295299e-01
5.18181818181818243829e+02 8.17150149007368931109e-01
5.26262626262626326934e+02 8.25944185635895777864e-01
5.34343434343434410039e+02 8.34442259537912844891e-01
5.42424242424242493144e+02 8.42528876309210916773e-01
5.50505050505050576248e+02 8.50108020932191843499e-01
5.58585858585858659353e+02 8.56303498909784077675e-01
5.66666666666666742458e+02 8.62036506547642078502e-01
5.74747474747474825563e+02 8.67269735843767208827e-01
5.82828282828282908667e+02 8.71976671525365065740e-01
5.90909090909090991772e+02 8.76140842004602182769e-01
5.98989898989899074877e+02 8.79754951324939749036e-01
6.07070707070707157982e+02 8.82819924469296135605e-01
6.15151515151515241087e+02 8.85343899306333281807e-01
6.23232323232323324191e+02 8.87341197365202560832e-01
6.31313131313131407296e+02 8.88831302915134124909e-01
6.39393939393939490401e+02 8.89837875924058496757e-01
6.47474747474747573506e+02 8.90387819836381044780e-01
6.55555555555555656611e+02 8.90510420169812411118e-01
6.63636363636363739715e+02 8.90236565046954475555e-01
6.71717171717171822820e+02 8.89598054230579249335e-01
6.79797979797979905925e+02 8.88626999217144497578e-01
6.87878787878787875343e+02 8.87355313575119430958e-01
6.95959595959595958448e+02 8.85814290036813223317e-01
7.04040404040404041552e+02 8.84034258853178211979e-01
7.12121212121212124657e+02 8.82044320548968197038e-01
7.20202020202020207762e+02 8.79872145393957083570e-01
7.28282828282828290867e+02 8.77543831544863262017e-01
7.36363636363636373972e+02 8.75083813819318767635e-01
7.44444444444444457076e+02 8.72514815348795602645e-01
7.52525252525252540181e+02 8.69857834841419319538e-01
7.60606060606060623286e+02 8.67132162799061245728e-01
7.68686868686868706391e+02 8.64355420718815992132e-01
7.76767676767676789495e+02 8.61543618022010293522e-01
7.84848484848484872600e+02 8.58711222160131293357e-01
7.92929292929292955705e+02 8.55871238022080649266e-01
8.01010101010101038810e+02 8.53035293394750815388e-01
8.09090909090909121915e+02 8.50213727799178031752e-01
8.17171717171717205019e+02 8.47415682532919767311e-01
8.25252525252525288124e+02 8.44649190194841192891e-01
8.33333333333333371229e+02 8.41921262353093946551e-01
8.41414141414141454334e+02 8.39237974344346993050e-01
8.49494949494949537439e+02 8.36604546467049625669e-01
8.57575757575757620543e+02 8.34025421059038762905e-01
8.65656565656565703648e+02 8.31504335135647920652e-01
8.73737373737373786753e+02 8.29044388414058475156e-01
8.81818181818181869858e+02 8.26648106668119497797e-01
8.89898989898989952962e+02 8.24317500449936679807e-01
8.97979797979798036067e+02 8.22054119284522100131e-01
9.06060606060606119172e+02 8.19859101495442610386e-01
9.14141414141414202277e+02 8.17733219856073278997e-01
9.22222222222222285382e+02 8.15676923285549193565e-01
9.30303030303030368486e+02 8.13690374823287321249e-01
9.38383838383838451591e+02 8.11773486123093190869e-01
9.46464646464646534696e+02 8.09925948708998255654e-01
9.54545454545454617801e+02 8.08147262231676988264e-01
9.62626262626262700905e+02 8.06436759957520843400e-01
9.70707070707070784010e+02 8.04793631713373813774e-01
9.78787878787878867115e+02 8.03216944499099083643e-01
9.86868686868686950220e+02 8.01705660968352273876e-01
9.94949494949495033325e+02 8.00258655965489285045e-01
1.00303030303030311643e+03 7.98874731293934159382e-01
1.01111111111111119953e+03 7.97552628878765768050e-01
1.01919191919191928264e+03 7.96291042474006172114e-01
1.02727272727272747943e+03 7.95088628053241541771e-01
1.03535353535353533516e+03 7.93944013010897786664e-01
1.04343434343434364564e+03 7.92855804290754528907e-01
1.05151515151515150137e+03 7.91822595548236973784e-01
1.05959595959595981185e+03 7.90842973443578012294e-01
1.06767676767676766758e+03 7.89915523154208432111e-01
1.07575757575757575069e+03 7.89038833186615162774e-01
1.08383838383838383379e+03 7.88211499560441453127e-01
1.09191919191919191690e+03 7.87432129430712057783e-01
1.10000000000000000000e+03 7.86699344207788198169e-01


QUADRATIC ERROR = 2.989766e-02
