ESTIMATED THICKNESSES

Thickness of film 1 = 149.00 nm

ESTIMATED INFLEXION POINTS

Inflexion point of the absorption coefficient of film 1 = 285.00 nm

ESTIMATED REFRACTIVE INDICES AND ABSORPTION COEFFICIENTS

Film 1

lambda                     n                          kappa
2.85000000000000000000e+02 2.80084624371391166520e+00 1.00961227130360509108e+00
2.94369747899159676763e+02 2.77345557372838857901e+00 6.91261784389152977859e-01
3.03739495798319353526e+02 2.74606490374286549283e+00 3.72911297474700753618e-01
3.13109243697478973445e+02 2.71867423375734240665e+00 2.28777951881292879177e-01
3.22478991596638650208e+02 2.69128356377181932046e+00 8.46446062878850047362e-02
3.31848739495798326971e+02 2.66389289378629623428e+00 4.56825518290260162990e-02
3.41218487394958003733e+02 2.63650222380077314810e+00 6.72049737016702612713e-03
3.50588235294117680496e+02 2.60911155381525006192e+00 5.97377544020832873528e-03
3.59957983193277300416e+02 2.58172088382972697573e+00 5.22705351024963134343e-03
3.69327731092436977178e+02 2.55433021384420388955e+00 4.48033158029093395158e-03
3.78697478991596653941e+02 2.52693954385868080337e+00 3.73360965033223655973e-03
3.88067226890756273860e+02 2.49954887387315771718e+00 2.98688772037353960156e-03
3.97436974789916007467e+02 2.47215820388763463100e+00 2.24016579041484264340e-03
4.06806722689075627386e+02 2.44476753390211154482e+00 1.49344386045614568523e-03
4.16176470588235304149e+02 2.41737686391658845864e+00 7.46721930497448835480e-04
4.25546218487394980912e+02 2.38998619393106537245e+00 5.38751946979561924702e-13
4.34915966386554600831e+02 2.36259552394554228627e+00 5.29757915517316437198e-13
4.44285714285714334437e+02 2.33520485396001920009e+00 5.20763884055070949693e-13
4.53655462184873954357e+02 2.30781418397449611390e+00 5.11769852592825462189e-13
4.63025210084033631119e+02 2.28042351398897302772e+00 5.02775821130579974684e-13
4.72394957983193307882e+02 2.28042351398897302772e+00 4.93781789668334487180e-13
4.81764705882352927802e+02 2.28042351398897302772e+00 4.84787758206088999675e-13
4.91134453781512604564e+02 2.28042351398897302772e+00 4.75793726743843512171e-13
5.00504201680672281327e+02 2.28042351398897302772e+00 4.66799695281598024666e-13
5.09873949579831958090e+02 2.28042351398897302772e+00 4.57805663819352537162e-13
5.19243697478991634853e+02 2.28042351398897302772e+00 4.48811632357107049657e-13
5.28613445378151254772e+02 2.28042351398897302772e+00 4.39817600894861562153e-13
5.37983193277310874691e+02 2.28042351398897302772e+00 4.30823569432616074648e-13
5.47352941176470608298e+02 2.28042351398897302772e+00 4.21829537970370587144e-13
5.56722689075630341904e+02 2.28042351398897302772e+00 4.12835506508125099639e-13
5.66092436974789961823e+02 2.28042351398897302772e+00 4.03841475045879612135e-13
5.75462184873949581743e+02 2.28042351398897302772e+00 3.94847443583634124631e-13
5.84831932773109201662e+02 2.28042351398897302772e+00 3.85853412121388637126e-13
5.94201680672268935268e+02 2.28042351398897302772e+00 3.76859380659143149622e-13
6.03571428571428668874e+02 2.28042351398897302772e+00 3.67865349196897662117e-13
6.12941176470588288794e+02 2.28042351398897302772e+00 3.58871317734652174613e-13
6.22310924369747908713e+02 2.28042351398897302772e+00 3.49877286272406687108e-13
6.31680672268907528633e+02 2.28042351398897302772e+00 3.40883254810161199604e-13
6.41050420168067262239e+02 2.28042351398897302772e+00 3.31889223347915712099e-13
6.50420168067226882158e+02 2.28042351398897302772e+00 3.22895191885670224595e-13
6.59789915966386615764e+02 2.28042351398897302772e+00 3.13901160423424737090e-13
6.69159663865546235684e+02 2.28042351398897302772e+00 3.04907128961179249586e-13
6.78529411764705855603e+02 2.28042351398897302772e+00 2.95913097498933762081e-13
6.87899159663865589209e+02 2.28042351398897302772e+00 2.86919066036688274577e-13
6.97268907563025209129e+02 2.28042351398897302772e+00 2.77925034574442787072e-13
7.06638655462184942735e+02 2.28042351398897302772e+00 2.68931003112197299568e-13
7.16008403361344562654e+02 2.28042351398897302772e+00 2.59949305613601266438e-13
7.25378151260504182574e+02 2.28042351398897302772e+00 2.50967608115005233307e-13
7.34747899159663916180e+02 2.28042351398897302772e+00 2.41988494287718996685e-13
7.44117647058823536099e+02 2.28042351398897302772e+00 2.33009380460432760064e-13
7.53487394957983269705e+02 2.28042351398897302772e+00 2.24030266633146498198e-13
7.62857142857142889625e+02 2.28042351398897302772e+00 2.15051152805860261577e-13
7.72226890756302509544e+02 2.28042351398897302772e+00 2.06072038978959746383e-13
7.81596638655462129464e+02 2.28042351398897302772e+00 1.97092925152059231190e-13
7.90966386554621863070e+02 2.28042351398897302772e+00 1.88113811325158715996e-13
8.00336134453781482989e+02 2.28042351398897302772e+00 1.79134697498293264092e-13
8.09705882352941216595e+02 2.28042351398897302772e+00 1.70155583671427812188e-13
8.19075630252100836515e+02 2.28042351398897302772e+00 1.64265753905322136320e-13
8.28445378151260570121e+02 2.28042351398897302772e+00 1.58375924139216460452e-13
8.37815126050420190040e+02 2.28042351398897302772e+00 1.52486094373110784584e-13
8.47184873949579809960e+02 2.28042351398897302772e+00 1.46596264607005108716e-13
8.56554621848739543566e+02 2.28042351398897302772e+00 1.40706434840899432848e-13
8.65924369747899163485e+02 2.28042351398897302772e+00 1.34816605074793756980e-13
8.75294117647058897091e+02 2.28042351398897302772e+00 1.28926775308688081112e-13
8.84663865546218517011e+02 2.28042351398897302772e+00 1.23036945542582405244e-13
8.94033613445378136930e+02 2.28042351398897302772e+00 1.17147115776476729376e-13
9.03403361344537870536e+02 2.28042351398897302772e+00 1.11257286010371053508e-13
9.12773109243697490456e+02 2.28042351398897302772e+00 1.05367456244265377640e-13
9.22142857142857224062e+02 2.28042351398897302772e+00 9.94776264781597017716e-14
9.31512605042016843981e+02 2.28042351398897302772e+00 9.35877967120540259035e-14
9.40882352941176463901e+02 2.28042351398897302772e+00 8.76979669459483500355e-14
9.50252100840336197507e+02 2.28042351398897302772e+00 8.18081371798426741674e-14
9.59621848739495817426e+02 2.28042351398897302772e+00 7.59183074137369982993e-14
9.68991596638655551033e+02 2.28042351398897302772e+00 7.00284776476313224312e-14
9.78361344537815170952e+02 2.28042351398897302772e+00 6.41386478815256465632e-14
9.87731092436974790871e+02 2.28042351398897302772e+00 5.82488181154199706951e-14
9.97100840336134524478e+02 2.28042351398897302772e+00 5.23589883493142948270e-14
1.00647058823529414440e+03 2.28042351398897302772e+00 4.64691585832086189590e-14
1.01584033613445376432e+03 2.28042351398897302772e+00 4.05793288171029430909e-14
1.02521008403361338424e+03 2.28042351398897302772e+00 3.46894990509972672228e-14
1.03457983193277323153e+03 2.28042351398897302772e+00 3.37835536805157886275e-14
1.04394957983193285145e+03 2.28042351398897302772e+00 3.28776083100343100321e-14
1.05331932773109247137e+03 2.28042351398897302772e+00 3.19716629395528314367e-14
1.06268907563025209129e+03 2.28042351398897302772e+00 3.10657175690713528413e-14
1.07205882352941171121e+03 2.28042351398897302772e+00 3.01597721985898742460e-14
1.08142857142857155850e+03 2.28042351398897302772e+00 2.92538268281083956506e-14
1.09079831932773117842e+03 2.28042351398897302772e+00 2.83481173385008662058e-14
1.10016806722689079834e+03 2.28042351398897302772e+00 2.74424078488933367609e-14
1.10953781512605041826e+03 2.28042351398897302772e+00 2.65366983592858073161e-14
1.11890756302521003818e+03 2.28042351398897302772e+00 2.56309888696782778713e-14
1.12827731092436988547e+03 2.28042351398897302772e+00 2.47252793800707484265e-14
1.13764705882352950539e+03 2.28042351398897302772e+00 2.38195698904632189816e-14
1.14701680672268912531e+03 2.28042351398897302772e+00 2.29372563198175236285e-14
1.15638655462184874523e+03 2.28042351398897302772e+00 2.20549427491718282753e-14
1.16575630252100836515e+03 2.28042351398897302772e+00 2.11726291785261329222e-14
1.17512605042016821244e+03 2.28042351398897302772e+00 2.02903156078804375690e-14
1.18449579831932783236e+03 2.28042351398897302772e+00 1.94080020372347422159e-14
1.19386554621848745228e+03 2.28042351398897302772e+00 1.85256885567540970583e-14
1.20323529411764707220e+03 2.28042351398897302772e+00 1.76433750762734519007e-14
1.21260504201680669212e+03 2.28042351398897302772e+00 1.67610616299633707709e-14
1.22197478991596653941e+03 2.28042351398897302772e+00 1.58787481836532896411e-14
1.23134453781512593196e+03 2.28042351398897302772e+00 1.49964347373432085113e-14
1.24071428571428577925e+03 2.28042351398897302772e+00 1.41141212910331258038e-14
1.25008403361344539917e+03 2.28042351398897302772e+00 1.32319886983534225746e-14
1.25945378151260501909e+03 2.28042351398897302772e+00 1.23498561056737193454e-14
1.26882352941176486638e+03 2.28042351398897302772e+00 1.14677235129940161162e-14
1.27819327731092425893e+03 2.28042351398897302772e+00 1.05855909350719866471e-14
1.28756302521008410622e+03 2.28042351398897302772e+00 9.70345835714995717803e-15
1.29693277310924372614e+03 2.28042351398897302772e+00 8.82132577922792770894e-15
1.30630252100840334606e+03 2.28042351398897302772e+00 7.93919320130589823986e-15
1.31567226890756296598e+03 2.28042351398897302772e+00 7.05706062338386798192e-15
1.32504201680672281327e+03 2.28042351398897302772e+00 6.17492804546183693511e-15
1.33441176470588243319e+03 2.28042351398897302772e+00 5.29279546753980588831e-15
1.34378151260504205311e+03 2.28042351398897302772e+00 4.41066288961777484151e-15
1.35315126050420167303e+03 2.28042351398897302772e+00 3.52853031169574379470e-15
1.36252100840336129295e+03 2.28042351398897302772e+00 2.64639773377371274790e-15
1.37189075630252114024e+03 2.28042351398897302772e+00 1.76426515585168170109e-15
1.38126050420168076016e+03 2.28042351398897302772e+00 8.82132577929650851503e-16
1.39063025210084038008e+03 2.28042351398897302772e+00 7.61999181302657597432e-27
1.40000000000000000000e+03 2.28042351398897302772e+00 7.61999181302657597432e-27


TRANSMITTANCE WITH THE ESTIMATED THICKNESSES AND OPTICAL PARAMETERS

lambda                     t
2.85000000000000000000e+02 9.00858328437298123796e-04
2.94369747899159676763e+02 8.50407862391903794641e-03
3.03739495798319353526e+02 6.94541479896677166339e-02
3.13109243697478973445e+02 1.69606012705692893450e-01
3.22478991596638650208e+02 3.74044258063587320429e-01
3.31848739495798326971e+02 4.75890826114623466392e-01
3.41218487394958003733e+02 6.37304819611397621593e-01
3.50588235294117680496e+02 7.21042722118347967353e-01
3.59957983193277300416e+02 8.07647221592634800835e-01
3.69327731092436977178e+02 8.71162600954214827453e-01
3.78697478991596653941e+02 8.92266672121792669969e-01
3.88067226890756273860e+02 8.72060712941899573991e-01
3.97436974789916007467e+02 8.27802174869183393646e-01
4.06806722689075627386e+02 7.78127227516576147615e-01
4.16176470588235304149e+02 7.34789701463977928952e-01
4.25546218487394980912e+02 7.02806288156285319246e-01
4.34915966386554600831e+02 6.81372880550725534832e-01
4.44285714285714334437e+02 6.71848716949665636378e-01
4.53655462184873954357e+02 6.72775348433159225969e-01
4.63025210084033631119e+02 6.82588077340758769829e-01
4.72394957983193307882e+02 6.87155499387132828737e-01
4.81764705882352927802e+02 6.94261365746012604205e-01
4.91134453781512604564e+02 7.03554643757317355046e-01
5.00504201680672281327e+02 7.14698951343821220483e-01
5.09873949579831958090e+02 7.27368687747743325467e-01
5.19243697478991634853e+02 7.41246060997276301485e-01
5.28613445378151254772e+02 7.56019475618652125881e-01
5.37983193277310874691e+02 7.71383452976478922736e-01
5.47352941176470608298e+02 7.87040056903866247495e-01
5.56722689075630341904e+02 8.02701647147236907465e-01
5.66092436974789961823e+02 8.18094665605388016161e-01
5.75462184873949581743e+02 8.32964072887715567539e-01
5.84831932773109201662e+02 8.47077999875932463603e-01
5.94201680672268935268e+02 8.60232166619119498208e-01
6.03571428571428668874e+02 8.72253652062010775836e-01
6.12941176470588288794e+02 8.83003670452979338990e-01
6.22310924369747908713e+02 8.92379115337558093124e-01
6.31680672268907528633e+02 9.00312756288188520415e-01
6.41050420168067262239e+02 9.06772100774657863198e-01
6.50420168067226882158e+02 9.11757048054892216271e-01
6.59789915966386615764e+02 9.15296551078553899394e-01
6.69159663865546235684e+02 9.17444558657939612800e-01
6.78529411764705855603e+02 9.18275531793787735957e-01
6.87899159663865589209e+02 9.17879818363424693217e-01
6.97268907563025209129e+02 9.16359136308943833527e-01
7.06638655462184942735e+02 9.13822365687935733725e-01
7.16008403361344562654e+02 9.10381793180201848159e-01
7.25378151260504182574e+02 9.06149896325953774223e-01
7.34747899159663916180e+02 9.01236704359822282662e-01
7.44117647058823536099e+02 8.95747731280549519539e-01
7.53487394957983269705e+02 8.89782446076197386375e-01
7.62857142857142889625e+02 8.83433224606278377777e-01
7.72226890756302509544e+02 8.76784716317047352341e-01
7.81596638655462129464e+02 8.69913554998396287843e-01
7.90966386554621863070e+02 8.62888344295162812436e-01
8.00336134453781482989e+02 8.55769853888176390555e-01
8.09705882352941216595e+02 8.48611369647072066869e-01
8.19075630252100836515e+02 8.41459149436042608272e-01
8.28445378151260570121e+02 8.34352944755908265684e-01
8.37815126050420190040e+02 8.27326556448905736652e-01
8.47184873949579809960e+02 8.20408399929094866998e-01
8.56554621848739543566e+02 8.13622061661489426321e-01
8.65924369747899163485e+02 8.06986833854627327867e-01
8.75294117647058897091e+02 8.00518218594456376636e-01
8.84663865546218517011e+02 7.94228396021706140040e-01
8.94033613445378136930e+02 7.88126653754114392392e-01
9.03403361344537870536e+02 7.82219776699735191983e-01
9.12773109243697490456e+02 7.76512397815099175702e-01
9.22142857142857224062e+02 7.71007311338804735001e-01
9.31512605042016843981e+02 7.65705750670557017123e-01
9.40882352941176463901e+02 7.60607633446659936460e-01
9.50252100840336197507e+02 7.55711776550833991273e-01
9.59621848739495817426e+02 7.51016083846409165936e-01
9.68991596638655551033e+02 7.46517709364132420191e-01
9.78361344537815170952e+02 7.42213198561220921512e-01
9.87731092436974790871e+02 7.38098610106380559337e-01
9.97100840336134524478e+02 7.34169620460703220566e-01
1.00647058823529414440e+03 7.30421613328851138114e-01
1.01584033613445376432e+03 7.26849755858353763216e-01
1.02521008403361338424e+03 7.23449063273547521291e-01
1.03457983193277323153e+03 7.20214453449022018461e-01
1.04394957983193285145e+03 7.17140792757967493465e-01
1.05331932773109247137e+03 7.14222934374732831841e-01
1.06268907563025209129e+03 7.11455750069064585261e-01
1.07205882352941171121e+03 7.08834156401294324112e-01
1.08142857142857155850e+03 7.06353136113044954847e-01
1.09079831932773117842e+03 7.04007755405881674449e-01
1.10016806722689079834e+03 7.01793177709813864595e-01
1.10953781512605041826e+03 6.99704674463751730151e-01
1.11890756302521003818e+03 6.97737633359856057602e-01
1.12827731092436988547e+03 6.95887564442241646212e-01
1.13764705882352950539e+03 6.94150104396805245344e-01
1.14701680672268912531e+03 6.92521019322113851047e-01
1.15638655462184874523e+03 6.90996206230560239270e-01
1.16575630252100836515e+03 6.89571693493637449812e-01
1.17512605042016821244e+03 6.88243640414502588776e-01
1.18449579831932783236e+03 6.87008336084491189055e-01
1.19386554621848745228e+03 6.85862197657262195882e-01
1.20323529411764707220e+03 6.84801768154482681794e-01
1.21260504201680669212e+03 6.83823713899852303477e-01
1.22197478991596653941e+03 6.82924821663567827024e-01
1.23134453781512593196e+03 6.82101995586664955340e-01
1.24071428571428577925e+03 6.81352253943787289359e-01
1.25008403361344539917e+03 6.80672725793601274269e-01
1.25945378151260501909e+03 6.80060647558052733253e-01
1.26882352941176486638e+03 6.79513359564804519941e-01
1.27819327731092425893e+03 6.79028302581322629194e-01
1.28756302521008410622e+03 6.78603014364065559860e-01
1.29693277310924372614e+03 6.78235126241947483550e-01
1.30630252100840334606e+03 6.77922359749604241941e-01
1.31567226890756296598e+03 6.77662523322899223999e-01
1.32504201680672281327e+03 6.77453509066472503442e-01
1.33441176470588243319e+03 6.77293289600908510195e-01
1.34378151260504205311e+03 6.77179914995233112052e-01
1.35315126050420167303e+03 6.77111509788853149772e-01
1.36252100840336129295e+03 6.77086270105741849790e-01
1.37189075630252114024e+03 6.77102460862554433874e-01
1.38126050420168076016e+03 6.77158413071444531539e-01
1.39063025210084038008e+03 6.77252521237584059755e-01
1.40000000000000000000e+03 6.77383240850772838648e-01


QUADRATIC ERROR = 5.955157e-01
