ESTIMATED THICKNESSES

Thickness of film 1 = 142.00 nm

ESTIMATED INFLEXION POINTS

Inflexion point of the absorption coefficient of film 1 = 450.00 nm

ESTIMATED REFRACTIVE INDICES AND ABSORPTION COEFFICIENTS

Film 1

lambda                     n                          kappa
2.85000000000000000000e+02 7.76485634493943877033e+00 -5.45612218299064810623e-01
3.02323232323232332419e+02 6.85200159443650580471e+00 -4.75091103210519505318e-01
3.19646464646464664838e+02 5.93914684393357283909e+00 -4.04569988121974200013e-01
3.36969696969696997257e+02 5.02629209343063987347e+00 -3.34048873033428894708e-01
3.54292929292929272833e+02 4.11343734292770690786e+00 -2.63527757944883589403e-01
3.71616161616161605252e+02 3.20058259242477394224e+00 -1.93006642856338284098e-01
3.88939393939393937671e+02 3.19159451422740181314e+00 -1.22485527767792978793e-01
4.06262626262626270091e+02 3.18260643603002968405e+00 -5.19644126792476873655e-02
4.23585858585858545666e+02 3.17361835783265755495e+00 1.85567024092975971228e-02
4.40909090909090878085e+02 3.16719705286051889104e+00 1.39175268069731961074e-02
4.58232323232323210505e+02 3.16077574788838022712e+00 9.27835120464879682667e-03
4.75555555555555542924e+02 3.15435444291624156321e+00 4.63917560232439841333e-03
4.92878787878787875343e+02 3.14793313794410289930e+00 8.01548627311413614576e-20
5.10202020202020207762e+02 3.14151183297196423538e+00 8.01487302853964382581e-20
5.27525252525252540181e+02 3.13509052799982557147e+00 8.01425978396515150585e-20
5.44848484848484758913e+02 3.12866922302768690756e+00 8.01364653939065918589e-20
5.62171717171717091333e+02 3.12224791805554824364e+00 8.01303329481616686593e-20
5.79494949494949423752e+02 3.11582661308340957973e+00 8.01242005024167454598e-20
5.96818181818181756171e+02 3.10940530811127091582e+00 8.01180680566718222602e-20
6.14141414141414088590e+02 3.10298400313913225190e+00 8.01119356109268990606e-20
6.31464646464646421009e+02 3.10298400313913225190e+00 8.01058031651819758611e-20
6.48787878787878753428e+02 3.10298400313913225190e+00 8.00996707194370526615e-20
6.66111111111111085847e+02 3.10298400313913225190e+00 8.00935382736921294619e-20
6.83434343434343418267e+02 3.10298400313913225190e+00 8.00874058279472062624e-20
7.00757575757575750686e+02 3.10298400313913225190e+00 8.00812733822022830628e-20
7.18080808080808083105e+02 3.10298400313913225190e+00 8.00751409364573598632e-20
7.35404040404040415524e+02 3.10298400313913225190e+00 8.00690084907124366636e-20
7.52727272727272747943e+02 3.10298400313913225190e+00 8.00628760449675134641e-20
7.70050505050505080362e+02 3.10298400313913225190e+00 8.00567435992225902645e-20
7.87373737373737412781e+02 3.10298400313913225190e+00 8.00506111534776670649e-20
8.04696969696969631514e+02 3.10298400313913225190e+00 8.00444787077327438654e-20
8.22020202020201963933e+02 3.10298400313913225190e+00 8.00383462619878206658e-20
8.39343434343434296352e+02 3.10298400313913225190e+00 8.00322138162428974662e-20
8.56666666666666628771e+02 3.10298400313913225190e+00 8.00260813704979742666e-20
8.73989898989898961190e+02 3.10298400313913225190e+00 8.00199489247530510671e-20
8.91313131313131293609e+02 3.10298400313913225190e+00 8.00138164790081278675e-20
9.08636363636363626028e+02 3.10298400313913225190e+00 8.00076840332632046679e-20
9.25959595959595958448e+02 3.10298400313913225190e+00 8.00015515875182814684e-20
9.43282828282828177180e+02 3.10298400313913225190e+00 7.99954420310349390361e-20
9.60606060606060509599e+02 3.10298400313913225190e+00 7.99893324745515966038e-20
9.77929292929292842018e+02 3.10298400313913225190e+00 7.99832229180682541716e-20
9.95252525252525174437e+02 3.10298400313913225190e+00 7.99771133615849117393e-20
1.01257575757575750686e+03 3.10298400313913225190e+00 7.99710038051015693070e-20
1.02989898989898983928e+03 3.10298400313913225190e+00 7.99648942486182268748e-20
1.04722222222222217169e+03 3.10298400313913225190e+00 7.99587846921348844425e-20
1.06454545454545450411e+03 3.10298400313913225190e+00 7.99526751425695425558e-20
1.08186868686868683653e+03 3.10298400313913225190e+00 7.99465655930042006691e-20
1.09919191919191916895e+03 3.10298400313913225190e+00 7.99404563916312843614e-20
1.11651515151515150137e+03 3.10298400313913225190e+00 7.99343471902583680538e-20
1.13383838383838383379e+03 3.10298400313913225190e+00 7.99282379888854517462e-20
1.15116161616161616621e+03 3.10298400313913225190e+00 7.99221287875125354386e-20
1.16848484848484849863e+03 3.10298400313913225190e+00 7.99161520246326980004e-20
1.18580808080808083105e+03 3.10298400313913225190e+00 7.99101752617528605621e-20
1.20313131313131316347e+03 3.10298400313913225190e+00 7.99041984988730231239e-20
1.22045454545454549589e+03 3.10298400313913225190e+00 7.98982217359931856857e-20
1.23777777777777782831e+03 3.10298400313913225190e+00 7.98922449731133482474e-20
1.25510101010101016072e+03 3.10298400313913225190e+00 7.98881706511550103176e-20
1.27242424242424249314e+03 3.10298400313913225190e+00 7.98840963291966723877e-20
1.28974747474747482556e+03 3.10298400313913225190e+00 7.98800220072383344579e-20
1.30707070707070693061e+03 3.10298400313913225190e+00 7.98759476852799965281e-20
1.32439393939393926303e+03 3.10298400313913225190e+00 7.98718733633216585982e-20
1.34171717171717159545e+03 3.10298400313913225190e+00 7.98677990413633206684e-20
1.35904040404040392787e+03 3.10298400313913225190e+00 7.98637247194049827385e-20
1.37636363636363626028e+03 3.10298400313913225190e+00 7.98596503974466448087e-20
1.39368686868686859270e+03 3.10298400313913225190e+00 7.98555760754883068788e-20
1.41101010101010092512e+03 3.10298400313913225190e+00 7.98515017535299689490e-20
1.42833333333333325754e+03 3.10298400313913225190e+00 7.98474274315716310191e-20
1.44565656565656558996e+03 3.10298400313913225190e+00 7.98433531096132930893e-20
1.46297979797979792238e+03 3.10298400313913225190e+00 7.98392787876549551594e-20
1.48030303030303025480e+03 3.10298400313913225190e+00 7.98352044656966172296e-20
1.49762626262626258722e+03 3.10298400313913225190e+00 7.98311301437382792997e-20
1.51494949494949491964e+03 3.10298400313913225190e+00 7.98270558217799413699e-20
1.53227272727272725206e+03 3.10298400313913225190e+00 7.98229814998216034400e-20
1.54959595959595958448e+03 3.10298400313913225190e+00 7.98189071778632655102e-20
1.56691919191919191690e+03 3.10298400313913225190e+00 7.98148328559049275803e-20
1.58424242424242402194e+03 3.10298400313913225190e+00 7.98107586740647699707e-20
1.60156565656565635436e+03 3.10298400313913225190e+00 7.98066844922246123610e-20
1.61888888888888868678e+03 3.10298400313913225190e+00 7.98026103103844547513e-20
1.63621212121212101920e+03 3.10298400313913225190e+00 7.97985361285442971416e-20
1.65353535353535335162e+03 3.10298400313913225190e+00 7.97944619467041395319e-20
1.67085858585858568404e+03 3.10298400313913225190e+00 7.97903877648639819222e-20
1.68818181818181801646e+03 3.10298400313913225190e+00 7.97863135830238243126e-20
1.70550505050505034887e+03 3.10298400313913225190e+00 7.97822394011836667029e-20
1.72282828282828268129e+03 3.10298400313913225190e+00 7.97781652193451942819e-20
1.74015151515151501371e+03 3.10298400313913225190e+00 7.97740910375067218609e-20
1.75747474747474734613e+03 3.10298400313913225190e+00 7.97700168556682494399e-20
1.77479797979797967855e+03 3.10298400313913225190e+00 7.97659426738297770189e-20
1.79212121212121201097e+03 3.10298400313913225190e+00 7.97618684920500815724e-20
1.80944444444444434339e+03 3.10298400313913225190e+00 7.97577943102703861259e-20
1.82676767676767667581e+03 3.10298400313913225190e+00 7.97537201284906906795e-20
1.84409090909090900823e+03 3.10298400313913225190e+00 7.97496459500575753638e-20
1.86141414141414134065e+03 3.10298400313913225190e+00 7.97455717716244600481e-20
1.87873737373737367307e+03 3.10298400313913225190e+00 7.97414975931913447324e-20
1.89606060606060600549e+03 3.10298400313913225190e+00 7.97374234147582294167e-20
1.91338383838383833790e+03 3.10298400313913225190e+00 7.97333492363251141010e-20
1.93070707070707067032e+03 3.10298400313913225190e+00 7.97292750578919987853e-20
1.94803030303030300274e+03 3.10298400313913225190e+00 7.97252008794588834696e-20
1.96535353535353510779e+03 3.10298400313913225190e+00 7.97211267010257681539e-20
1.98267676767676744021e+03 3.10298400313913225190e+00 7.97170525225926528382e-20
2.00000000000000000000e+03 3.10298400313913225190e+00 7.97170525225926528382e-20


TRANSMITTANCE WITH THE ESTIMATED THICKNESSES AND OPTICAL PARAMETERS

lambda                     t
2.85000000000000000000e+02 2.99619004916442631392e-02
3.02323232323232332419e+02 6.39429744266603455882e-02
3.19646464646464664838e+02 1.94215946532320077322e-01
3.36969696969696997257e+02 5.78953827697540779340e-01
3.54292929292929272833e+02 8.14813881209236257064e-01
3.71616161616161605252e+02 8.06357406966131451398e-01
3.88939393939393937671e+02 8.20228886756823483140e-01
4.06262626262626270091e+02 8.14687106144169281841e-01
4.23585858585858545666e+02 7.13115250282743584620e-01
4.40909090909090878085e+02 8.27836074565332258324e-01
4.58232323232323210505e+02 8.53031741867297021997e-01
4.75555555555555542924e+02 7.91699960017301695991e-01
4.92878787878787875343e+02 6.99432463504550794298e-01
5.10202020202020207762e+02 6.07698265438598617116e-01
5.27525252525252540181e+02 5.41942826963197177292e-01
5.44848484848484758913e+02 4.99093584062718254035e-01
5.62171717171717091333e+02 4.74274794616536543579e-01
5.79494949494949423752e+02 4.63505779117182881155e-01
5.96818181818181756171e+02 4.64001186201559778777e-01
6.14141414141414088590e+02 4.73904053819306225748e-01
6.31464646464646421009e+02 4.89183102051358953410e-01
6.48787878787878753428e+02 5.10709479043974123869e-01
6.66111111111111085847e+02 5.37827088163929767362e-01
6.83434343434343418267e+02 5.69888533754786874574e-01
7.00757575757575750686e+02 6.06149575914051386150e-01
7.18080808080808083105e+02 6.45684863063070157985e-01
7.35404040404040415524e+02 6.87332441337481947485e-01
7.52727272727272747943e+02 7.29679577848866056655e-01
7.70050505050505080362e+02 7.71102742738035140668e-01
7.87373737373737412781e+02 8.09867811829477424190e-01
8.04696969696969631514e+02 8.44282436872905162062e-01
8.22020202020201963933e+02 8.72874895411913653831e-01
8.39343434343434296352e+02 8.94560284741597433467e-01
8.56666666666666628771e+02 9.08753668050653162780e-01
8.73989898989898961190e+02 9.15403575370195787819e-01
8.91313131313131293609e+02 9.14942884714112558697e-01
9.08636363636363626028e+02 9.08176982471540439334e-01
9.25959595959595958448e+02 8.96141901592733436388e-01
9.43282828282828177180e+02 8.79964932305444591520e-01
9.60606060606060509599e+02 8.60750578486997652838e-01
9.77929292929292842018e+02 8.39502044020274618141e-01
9.95252525252525174437e+02 8.17077840322221082836e-01
1.01257575757575750686e+03 7.94176856209867110259e-01
1.02989898989898983928e+03 7.71343100284687110957e-01
1.04722222222222217169e+03 7.48981924434242829491e-01
1.06454545454545450411e+03 7.27381396183545358980e-01
1.08186868686868683653e+03 7.06734572025390361816e-01
1.09919191919191916895e+03 6.87160197115762927389e-01
1.11651515151515150137e+03 6.68720645797609036798e-01
1.13383838383838383379e+03 6.51436747874959420912e-01
1.15116161616161616621e+03 6.35299620275181720075e-01
1.16848484848484849863e+03 6.20279854974569833104e-01
1.18580808080808083105e+03 6.06334494612679186787e-01
1.20313131313131316347e+03 5.93412223584154574496e-01
1.22045454545454549589e+03 5.81457157772519162009e-01
1.23777777777777782831e+03 5.70411556286133825111e-01
1.25510101010101016072e+03 5.60217717677665816289e-01
1.27242424242424249314e+03 5.50819267994952066481e-01
1.28974747474747482556e+03 5.42162001217589950564e-01
1.30707070707070693061e+03 5.34194394509011516448e-01
1.32439393939393926303e+03 5.26867890502149549548e-01
1.34171717171717159545e+03 5.20137015364978583243e-01
1.35904040404040392787e+03 5.13959383422352478199e-01
1.37636363636363626028e+03 5.08295625507130144349e-01
1.39368686868686859270e+03 5.03109268007644661047e-01
1.41101010101010092512e+03 4.98366581978630540650e-01
1.42833333333333325754e+03 4.94036416060342820078e-01
1.44565656565656558996e+03 4.90090022816668746675e-01
1.46297979797979792238e+03 4.86500885082112255464e-01
1.48030303030303025480e+03 4.83244546714428457879e-01
1.49762626262626258722e+03 4.80298450569495050111e-01
1.51494949494949491964e+03 4.77641785386580974837e-01
1.53227272727272725206e+03 4.75255342475528530510e-01
1.54959595959595958448e+03 4.73121382543081392402e-01
1.56691919191919191690e+03 4.71223512617738371500e-01
1.58424242424242402194e+03 4.69546572782155113845e-01
1.60156565656565635436e+03 4.68076532263360656216e-01
1.61888888888888868678e+03 4.66800394337520463406e-01
1.63621212121212101920e+03 4.65706109458276396040e-01
1.65353535353535335162e+03 4.64782496001832190480e-01
1.67085858585858568404e+03 4.64019168027598294390e-01
1.68818181818181801646e+03 4.63406469473071069842e-01
1.70550505050505034887e+03 4.62935414230327579865e-01
1.72282828282828268129e+03 4.62597631585368151974e-01
1.74015151515151501371e+03 4.62385316537854418328e-01
1.75747474747474734613e+03 4.62291184555772838305e-01
1.77479797979797967855e+03 4.62308430355961752500e-01
1.79212121212121201097e+03 4.62430690336492200565e-01
1.80944444444444434339e+03 4.62652008320066476799e-01
1.82676767676767667581e+03 4.62966804298640621784e-01
1.84409090909090900823e+03 4.63369845898261356609e-01
1.86141414141414134065e+03 4.63856222309594445896e-01
1.87873737373737367307e+03 4.64421320453883290647e-01
1.89606060606060600549e+03 4.65060803176197967712e-01
1.91338383838383833790e+03 4.65770589277925639582e-01
1.93070707070707067032e+03 4.66546835218676514412e-01
1.94803030303030300274e+03 4.67385918334263628093e-01
1.96535353535353510779e+03 4.68284421432279052144e-01
1.98267676767676744021e+03 4.69239118640229491142e-01
2.00000000000000000000e+03 4.70246962393286671578e-01


QUADRATIC ERROR = 3.220903e+00
ESTIMATED THICKNESSES

Thickness of film 1 = 142.00 nm

ESTIMATED INFLEXION POINTS

Inflexion point of the absorption coefficient of film 1 = 450.00 nm

ESTIMATED REFRACTIVE INDICES AND ABSORPTION COEFFICIENTS

Film 1

lambda                     n                          kappa
2.85000000000000000000e+02 7.76485634493943877033e+00 -5.45612218299064810623e-01
3.02323232323232332419e+02 6.85200159443650580471e+00 -4.75091103210519505318e-01
3.19646464646464664838e+02 5.93914684393357283909e+00 -4.04569988121974200013e-01
3.36969696969696997257e+02 5.02629209343063987347e+00 -3.34048873033428894708e-01
3.54292929292929272833e+02 4.11343734292770690786e+00 -2.63527757944883589403e-01
3.71616161616161605252e+02 3.20058259242477394224e+00 -1.93006642856338284098e-01
3.88939393939393937671e+02 3.19159451422740181314e+00 -1.22485527767792978793e-01
4.06262626262626270091e+02 3.18260643603002968405e+00 -5.19644126792476873655e-02
4.23585858585858545666e+02 3.17361835783265755495e+00 1.85567024092975971228e-02
4.40909090909090878085e+02 3.16719705286051889104e+00 1.39175268069731961074e-02
4.58232323232323210505e+02 3.16077574788838022712e+00 9.27835120464879682667e-03
4.75555555555555542924e+02 3.15435444291624156321e+00 4.63917560232439841333e-03
4.92878787878787875343e+02 3.14793313794410289930e+00 8.01548627311413614576e-20
5.10202020202020207762e+02 3.14151183297196423538e+00 8.01487302853964382581e-20
5.27525252525252540181e+02 3.13509052799982557147e+00 8.01425978396515150585e-20
5.44848484848484758913e+02 3.12866922302768690756e+00 8.01364653939065918589e-20
5.62171717171717091333e+02 3.12224791805554824364e+00 8.01303329481616686593e-20
5.79494949494949423752e+02 3.11582661308340957973e+00 8.01242005024167454598e-20
5.96818181818181756171e+02 3.10940530811127091582e+00 8.01180680566718222602e-20
6.14141414141414088590e+02 3.10298400313913225190e+00 8.01119356109268990606e-20
6.31464646464646421009e+02 3.10298400313913225190e+00 8.01058031651819758611e-20
6.48787878787878753428e+02 3.10298400313913225190e+00 8.00996707194370526615e-20
6.66111111111111085847e+02 3.10298400313913225190e+00 8.00935382736921294619e-20
6.83434343434343418267e+02 3.10298400313913225190e+00 8.00874058279472062624e-20
7.00757575757575750686e+02 3.10298400313913225190e+00 8.00812733822022830628e-20
7.18080808080808083105e+02 3.10298400313913225190e+00 8.00751409364573598632e-20
7.35404040404040415524e+02 3.10298400313913225190e+00 8.00690084907124366636e-20
7.52727272727272747943e+02 3.10298400313913225190e+00 8.00628760449675134641e-20
7.70050505050505080362e+02 3.10298400313913225190e+00 8.00567435992225902645e-20
7.87373737373737412781e+02 3.10298400313913225190e+00 8.00506111534776670649e-20
8.04696969696969631514e+02 3.10298400313913225190e+00 8.00444787077327438654e-20
8.22020202020201963933e+02 3.10298400313913225190e+00 8.00383462619878206658e-20
8.39343434343434296352e+02 3.10298400313913225190e+00 8.00322138162428974662e-20
8.56666666666666628771e+02 3.10298400313913225190e+00 8.00260813704979742666e-20
8.73989898989898961190e+02 3.10298400313913225190e+00 8.00199489247530510671e-20
8.91313131313131293609e+02 3.10298400313913225190e+00 8.00138164790081278675e-20
9.08636363636363626028e+02 3.10298400313913225190e+00 8.00076840332632046679e-20
9.25959595959595958448e+02 3.10298400313913225190e+00 8.00015515875182814684e-20
9.43282828282828177180e+02 3.10298400313913225190e+00 7.99954420310349390361e-20
9.60606060606060509599e+02 3.10298400313913225190e+00 7.99893324745515966038e-20
9.77929292929292842018e+02 3.10298400313913225190e+00 7.99832229180682541716e-20
9.95252525252525174437e+02 3.10298400313913225190e+00 7.99771133615849117393e-20
1.01257575757575750686e+03 3.10298400313913225190e+00 7.99710038051015693070e-20
1.02989898989898983928e+03 3.10298400313913225190e+00 7.99648942486182268748e-20
1.04722222222222217169e+03 3.10298400313913225190e+00 7.99587846921348844425e-20
1.06454545454545450411e+03 3.10298400313913225190e+00 7.99526751425695425558e-20
1.08186868686868683653e+03 3.10298400313913225190e+00 7.99465655930042006691e-20
1.09919191919191916895e+03 3.10298400313913225190e+00 7.99404563916312843614e-20
1.11651515151515150137e+03 3.10298400313913225190e+00 7.99343471902583680538e-20
1.13383838383838383379e+03 3.10298400313913225190e+00 7.99282379888854517462e-20
1.15116161616161616621e+03 3.10298400313913225190e+00 7.99221287875125354386e-20
1.16848484848484849863e+03 3.10298400313913225190e+00 7.99161520246326980004e-20
1.18580808080808083105e+03 3.10298400313913225190e+00 7.99101752617528605621e-20
1.20313131313131316347e+03 3.10298400313913225190e+00 7.99041984988730231239e-20
1.22045454545454549589e+03 3.10298400313913225190e+00 7.98982217359931856857e-20
1.23777777777777782831e+03 3.10298400313913225190e+00 7.98922449731133482474e-20
1.25510101010101016072e+03 3.10298400313913225190e+00 7.98881706511550103176e-20
1.27242424242424249314e+03 3.10298400313913225190e+00 7.98840963291966723877e-20
1.28974747474747482556e+03 3.10298400313913225190e+00 7.98800220072383344579e-20
1.30707070707070693061e+03 3.10298400313913225190e+00 7.98759476852799965281e-20
1.32439393939393926303e+03 3.10298400313913225190e+00 7.98718733633216585982e-20
1.34171717171717159545e+03 3.10298400313913225190e+00 7.98677990413633206684e-20
1.35904040404040392787e+03 3.10298400313913225190e+00 7.98637247194049827385e-20
1.37636363636363626028e+03 3.10298400313913225190e+00 7.98596503974466448087e-20
1.39368686868686859270e+03 3.10298400313913225190e+00 7.98555760754883068788e-20
1.41101010101010092512e+03 3.10298400313913225190e+00 7.98515017535299689490e-20
1.42833333333333325754e+03 3.10298400313913225190e+00 7.98474274315716310191e-20
1.44565656565656558996e+03 3.10298400313913225190e+00 7.98433531096132930893e-20
1.46297979797979792238e+03 3.10298400313913225190e+00 7.98392787876549551594e-20
1.48030303030303025480e+03 3.10298400313913225190e+00 7.98352044656966172296e-20
1.49762626262626258722e+03 3.10298400313913225190e+00 7.98311301437382792997e-20
1.51494949494949491964e+03 3.10298400313913225190e+00 7.98270558217799413699e-20
1.53227272727272725206e+03 3.10298400313913225190e+00 7.98229814998216034400e-20
1.54959595959595958448e+03 3.10298400313913225190e+00 7.98189071778632655102e-20
1.56691919191919191690e+03 3.10298400313913225190e+00 7.98148328559049275803e-20
1.58424242424242402194e+03 3.10298400313913225190e+00 7.98107586740647699707e-20
1.60156565656565635436e+03 3.10298400313913225190e+00 7.98066844922246123610e-20
1.61888888888888868678e+03 3.10298400313913225190e+00 7.98026103103844547513e-20
1.63621212121212101920e+03 3.10298400313913225190e+00 7.97985361285442971416e-20
1.65353535353535335162e+03 3.10298400313913225190e+00 7.97944619467041395319e-20
1.67085858585858568404e+03 3.10298400313913225190e+00 7.97903877648639819222e-20
1.68818181818181801646e+03 3.10298400313913225190e+00 7.97863135830238243126e-20
1.70550505050505034887e+03 3.10298400313913225190e+00 7.97822394011836667029e-20
1.72282828282828268129e+03 3.10298400313913225190e+00 7.97781652193451942819e-20
1.74015151515151501371e+03 3.10298400313913225190e+00 7.97740910375067218609e-20
1.75747474747474734613e+03 3.10298400313913225190e+00 7.97700168556682494399e-20
1.77479797979797967855e+03 3.10298400313913225190e+00 7.97659426738297770189e-20
1.79212121212121201097e+03 3.10298400313913225190e+00 7.97618684920500815724e-20
1.80944444444444434339e+03 3.10298400313913225190e+00 7.97577943102703861259e-20
1.82676767676767667581e+03 3.10298400313913225190e+00 7.97537201284906906795e-20
1.84409090909090900823e+03 3.10298400313913225190e+00 7.97496459500575753638e-20
1.86141414141414134065e+03 3.10298400313913225190e+00 7.97455717716244600481e-20
1.87873737373737367307e+03 3.10298400313913225190e+00 7.97414975931913447324e-20
1.89606060606060600549e+03 3.10298400313913225190e+00 7.97374234147582294167e-20
1.91338383838383833790e+03 3.10298400313913225190e+00 7.97333492363251141010e-20
1.93070707070707067032e+03 3.10298400313913225190e+00 7.97292750578919987853e-20
1.94803030303030300274e+03 3.10298400313913225190e+00 7.97252008794588834696e-20
1.96535353535353510779e+03 3.10298400313913225190e+00 7.97211267010257681539e-20
1.98267676767676744021e+03 3.10298400313913225190e+00 7.97170525225926528382e-20
2.00000000000000000000e+03 3.10298400313913225190e+00 7.97170525225926528382e-20


TRANSMITTANCE WITH THE ESTIMATED THICKNESSES AND OPTICAL PARAMETERS

lambda                     t
2.85000000000000000000e+02 2.99619004916442631392e-02
3.02323232323232332419e+02 6.39429744266603455882e-02
3.19646464646464664838e+02 1.94215946532320077322e-01
3.36969696969696997257e+02 5.78953827697540779340e-01
3.54292929292929272833e+02 8.14813881209236257064e-01
3.71616161616161605252e+02 8.06357406966131451398e-01
3.88939393939393937671e+02 8.20228886756823483140e-01
4.06262626262626270091e+02 8.14687106144169281841e-01
4.23585858585858545666e+02 7.13115250282743584620e-01
4.40909090909090878085e+02 8.27836074565332258324e-01
4.58232323232323210505e+02 8.53031741867297021997e-01
4.75555555555555542924e+02 7.91699960017301695991e-01
4.92878787878787875343e+02 6.99432463504550794298e-01
5.10202020202020207762e+02 6.07698265438598617116e-01
5.27525252525252540181e+02 5.41942826963197177292e-01
5.44848484848484758913e+02 4.99093584062718254035e-01
5.62171717171717091333e+02 4.74274794616536543579e-01
5.79494949494949423752e+02 4.63505779117182881155e-01
5.96818181818181756171e+02 4.64001186201559778777e-01
6.14141414141414088590e+02 4.73904053819306225748e-01
6.31464646464646421009e+02 4.89183102051358953410e-01
6.48787878787878753428e+02 5.10709479043974123869e-01
6.66111111111111085847e+02 5.37827088163929767362e-01
6.83434343434343418267e+02 5.69888533754786874574e-01
7.00757575757575750686e+02 6.06149575914051386150e-01
7.18080808080808083105e+02 6.45684863063070157985e-01
7.35404040404040415524e+02 6.87332441337481947485e-01
7.52727272727272747943e+02 7.29679577848866056655e-01
7.70050505050505080362e+02 7.71102742738035140668e-01
7.87373737373737412781e+02 8.09867811829477424190e-01
8.04696969696969631514e+02 8.44282436872905162062e-01
8.22020202020201963933e+02 8.72874895411913653831e-01
8.39343434343434296352e+02 8.94560284741597433467e-01
8.56666666666666628771e+02 9.08753668050653162780e-01
8.73989898989898961190e+02 9.15403575370195787819e-01
8.91313131313131293609e+02 9.14942884714112558697e-01
9.08636363636363626028e+02 9.08176982471540439334e-01
9.25959595959595958448e+02 8.96141901592733436388e-01
9.43282828282828177180e+02 8.79964932305444591520e-01
9.60606060606060509599e+02 8.60750578486997652838e-01
9.77929292929292842018e+02 8.39502044020274618141e-01
9.95252525252525174437e+02 8.17077840322221082836e-01
1.01257575757575750686e+03 7.94176856209867110259e-01
1.02989898989898983928e+03 7.71343100284687110957e-01
1.04722222222222217169e+03 7.48981924434242829491e-01
1.06454545454545450411e+03 7.27381396183545358980e-01
1.08186868686868683653e+03 7.06734572025390361816e-01
1.09919191919191916895e+03 6.87160197115762927389e-01
1.11651515151515150137e+03 6.68720645797609036798e-01
1.13383838383838383379e+03 6.51436747874959420912e-01
1.15116161616161616621e+03 6.35299620275181720075e-01
1.16848484848484849863e+03 6.20279854974569833104e-01
1.18580808080808083105e+03 6.06334494612679186787e-01
1.20313131313131316347e+03 5.93412223584154574496e-01
1.22045454545454549589e+03 5.81457157772519162009e-01
1.23777777777777782831e+03 5.70411556286133825111e-01
1.25510101010101016072e+03 5.60217717677665816289e-01
1.27242424242424249314e+03 5.50819267994952066481e-01
1.28974747474747482556e+03 5.42162001217589950564e-01
1.30707070707070693061e+03 5.34194394509011516448e-01
1.32439393939393926303e+03 5.26867890502149549548e-01
1.34171717171717159545e+03 5.20137015364978583243e-01
1.35904040404040392787e+03 5.13959383422352478199e-01
1.37636363636363626028e+03 5.08295625507130144349e-01
1.39368686868686859270e+03 5.03109268007644661047e-01
1.41101010101010092512e+03 4.98366581978630540650e-01
1.42833333333333325754e+03 4.94036416060342820078e-01
1.44565656565656558996e+03 4.90090022816668746675e-01
1.46297979797979792238e+03 4.86500885082112255464e-01
1.48030303030303025480e+03 4.83244546714428457879e-01
1.49762626262626258722e+03 4.80298450569495050111e-01
1.51494949494949491964e+03 4.77641785386580974837e-01
1.53227272727272725206e+03 4.75255342475528530510e-01
1.54959595959595958448e+03 4.73121382543081392402e-01
1.56691919191919191690e+03 4.71223512617738371500e-01
1.58424242424242402194e+03 4.69546572782155113845e-01
1.60156565656565635436e+03 4.68076532263360656216e-01
1.61888888888888868678e+03 4.66800394337520463406e-01
1.63621212121212101920e+03 4.65706109458276396040e-01
1.65353535353535335162e+03 4.64782496001832190480e-01
1.67085858585858568404e+03 4.64019168027598294390e-01
1.68818181818181801646e+03 4.63406469473071069842e-01
1.70550505050505034887e+03 4.62935414230327579865e-01
1.72282828282828268129e+03 4.62597631585368151974e-01
1.74015151515151501371e+03 4.62385316537854418328e-01
1.75747474747474734613e+03 4.62291184555772838305e-01
1.77479797979797967855e+03 4.62308430355961752500e-01
1.79212121212121201097e+03 4.62430690336492200565e-01
1.80944444444444434339e+03 4.62652008320066476799e-01
1.82676767676767667581e+03 4.62966804298640621784e-01
1.84409090909090900823e+03 4.63369845898261356609e-01
1.86141414141414134065e+03 4.63856222309594445896e-01
1.87873737373737367307e+03 4.64421320453883290647e-01
1.89606060606060600549e+03 4.65060803176197967712e-01
1.91338383838383833790e+03 4.65770589277925639582e-01
1.93070707070707067032e+03 4.66546835218676514412e-01
1.94803030303030300274e+03 4.67385918334263628093e-01
1.96535353535353510779e+03 4.68284421432279052144e-01
1.98267676767676744021e+03 4.69239118640229491142e-01
2.00000000000000000000e+03 4.70246962393286671578e-01


QUADRATIC ERROR = 3.220903e+00
