ESTIMATED THICKNESSES

Thickness of film 1 = 167.00 nm

ESTIMATED INFLEXION POINTS

Inflexion point of the absorption coefficient of film 1 = 295.00 nm

ESTIMATED REFRACTIVE INDICES AND ABSORPTION COEFFICIENTS

Film 1

lambda                     n                          kappa
3.00000000000000000000e+02 4.09538477215277918475e+00 3.14098399860962662622e-01
3.07070707070707044295e+02 3.52279773895647840831e+00 2.53118746977547881549e-01
3.14141414141414145433e+02 2.95021070576017763187e+00 1.92139094094133100477e-01
3.21212121212121189728e+02 2.81444401446411696099e+00 1.31159441210718347159e-01
3.28282828282828290867e+02 2.67867732316805629011e+00 7.01797883273036077201e-02
3.35353535353535335162e+02 2.54291063187199561924e+00 9.20013544388887001546e-03
3.42424242424242436300e+02 2.40714394057593494836e+00 9.20013544388887001546e-03
3.49494949494949480595e+02 2.36777638730244266441e+00 9.20013544388887001546e-03
3.56565656565656581733e+02 2.32840883402895038046e+00 9.20013544388887001546e-03
3.63636363636363626028e+02 2.30269895863382334511e+00 9.20013544388887001546e-03
3.70707070707070727167e+02 2.27698908323869630976e+00 9.20013544388887001546e-03
3.77777777777777771462e+02 2.25127920784356927442e+00 9.20013544388887001546e-03
3.84848484848484872600e+02 2.22556933244844223907e+00 9.20013544388887001546e-03
3.91919191919191916895e+02 2.19985945705331520372e+00 9.20013544388887001546e-03
3.98989898989898961190e+02 2.17414958165818816838e+00 9.20013544388887001546e-03
4.06060606060606062329e+02 2.14843970626306113303e+00 9.20013544388887001546e-03
4.13131313131313163467e+02 2.12272983086793409768e+00 9.20013544388887001546e-03
4.20202020202020207762e+02 2.09701995547280706234e+00 9.20013544388887001546e-03
4.27272727272727252057e+02 2.07131008007768002699e+00 9.20013544388887001546e-03
4.34343434343434353195e+02 2.04560020468255299164e+00 9.20013544388887001546e-03
4.41414141414141454334e+02 2.01989032928742595630e+00 9.20013544388887001546e-03
4.48484848484848498629e+02 1.99418045389229914299e+00 9.20013544388887001546e-03
4.55555555555555542924e+02 1.96847057849717255174e+00 9.20013544388887001546e-03
4.62626262626262644062e+02 1.96451034513392142067e+00 9.20013544388887001546e-03
4.69696969696969688357e+02 1.96055011177067028960e+00 9.20013544388887001546e-03
4.76767676767676789495e+02 1.95658987840741915853e+00 9.20013544388887001546e-03
4.83838383838383833790e+02 1.95262964504416802747e+00 9.20013544388887001546e-03
4.90909090909090878085e+02 1.94866941168091689640e+00 9.20013544388887001546e-03
4.97979797979797979224e+02 1.94470917831766576533e+00 9.20013544388887001546e-03
5.05050505050505080362e+02 1.94074894495441463427e+00 9.20013544388887001546e-03
5.12121212121212124657e+02 1.93678871159116350320e+00 9.20013544388887001546e-03
5.19191919191919168952e+02 1.93282847822791237213e+00 9.20013544388887001546e-03
5.26262626262626326934e+02 1.92886824486466124107e+00 9.20013544388887001546e-03
5.33333333333333371229e+02 1.92490801150141011000e+00 9.20013544388887001546e-03
5.40404040404040415524e+02 1.92094777813815897893e+00 9.20013544388887001546e-03
5.47474747474747459819e+02 1.91698754477490784787e+00 9.20013544388887001546e-03
5.54545454545454504114e+02 1.91302731141165671680e+00 9.20013544388887001546e-03
5.61616161616161662096e+02 1.90906707804840558573e+00 9.20013544388887001546e-03
5.68686868686868706391e+02 1.90510684468515445467e+00 9.20013544388887001546e-03
5.75757575757575750686e+02 1.90114661132190332360e+00 9.20013544388887001546e-03
5.82828282828282908667e+02 1.89718637795865219253e+00 9.20013544388887001546e-03
5.89898989898989839276e+02 1.89718637795704414550e+00 9.20013544388887001546e-03
5.96969696969696997257e+02 1.89718637795543609847e+00 9.20013544388887001546e-03
6.04040404040404041552e+02 1.89718637795543609847e+00 9.20013544388887001546e-03
6.11111111111111085847e+02 1.89718637795543609847e+00 9.20013544388887001546e-03
6.18181818181818243829e+02 1.89718637795543609847e+00 9.20013544388887001546e-03
6.25252525252525288124e+02 1.89718637795543609847e+00 9.20013544388887001546e-03
6.32323232323232332419e+02 1.89718637795543609847e+00 9.20013544388887001546e-03
6.39393939393939376714e+02 1.89718637795543609847e+00 9.20013544388887001546e-03
6.46464646464646421009e+02 1.89718637795543609847e+00 9.20013544388887001546e-03
6.53535353535353578991e+02 1.89718637795543609847e+00 9.20013544388887001546e-03
6.60606060606060623286e+02 1.89718637795543609847e+00 9.20013544388887001546e-03
6.67676767676767667581e+02 1.89718637795543609847e+00 9.20013544388887001546e-03
6.74747474747474825563e+02 1.89718637795543609847e+00 9.20013544388887001546e-03
6.81818181818181756171e+02 1.89718637795543609847e+00 9.20013544388887001546e-03
6.88888888888888914153e+02 1.89718637795543609847e+00 9.20013544388887001546e-03
6.95959595959595958448e+02 1.89718637795543609847e+00 9.20013544388887001546e-03
7.03030303030303002743e+02 1.89718637795543609847e+00 9.20013544388887001546e-03
7.10101010101010160724e+02 1.89718637795543609847e+00 9.20013544388887001546e-03
7.17171717171717205019e+02 1.89718637795543609847e+00 9.20013544388887001546e-03
7.24242424242424249314e+02 1.89718637795543609847e+00 9.20013544388887001546e-03
7.31313131313131407296e+02 1.89718637795543609847e+00 9.20013544388887001546e-03
7.38383838383838337904e+02 1.89718637795543609847e+00 9.20013544388887001546e-03
7.45454545454545495886e+02 1.89718637795543609847e+00 9.20013544388887001546e-03
7.52525252525252540181e+02 1.89718637795543609847e+00 9.20013544388887001546e-03
7.59595959595959584476e+02 1.89718637795543609847e+00 9.20013544388887001546e-03
7.66666666666666742458e+02 1.89718637795543609847e+00 9.20013544388887001546e-03
7.73737373737373673066e+02 1.89718637795543609847e+00 9.20013544388887001546e-03
7.80808080808080831048e+02 1.89718637795543609847e+00 9.20013544388887001546e-03
7.87878787878787875343e+02 1.89718637795543609847e+00 9.20013544388887001546e-03
7.94949494949494919638e+02 1.89718637795543609847e+00 9.20013544388887001546e-03
8.02020202020202077620e+02 1.89718637795543609847e+00 9.20013544388887001546e-03
8.09090909090909121915e+02 1.89718637795543609847e+00 9.20013544388887001546e-03
8.16161616161616166210e+02 1.89718637795543609847e+00 9.20013544388887001546e-03
8.23232323232323210505e+02 1.89718637795543609847e+00 9.20013544388887001546e-03
8.30303030303030368486e+02 1.89718637795543609847e+00 9.20013544388887001546e-03
8.37373737373737412781e+02 1.89718637795543609847e+00 9.20013544388887001546e-03
8.44444444444444457076e+02 1.89718637795543609847e+00 9.20013544388887001546e-03
8.51515151515151501371e+02 1.89718637795543609847e+00 9.20013544388887001546e-03
8.58585858585858659353e+02 1.89718637795543609847e+00 9.20013544388887001546e-03
8.65656565656565703648e+02 1.89718637795543609847e+00 9.20013544388887001546e-03
8.72727272727272747943e+02 1.89718637795543609847e+00 9.20013544388887001546e-03
8.79797979797979792238e+02 1.89718637795543609847e+00 9.20013544388887001546e-03
8.86868686868686836533e+02 1.89718637795543609847e+00 9.20013544388887001546e-03
8.93939393939393994515e+02 1.89718637795543609847e+00 9.20013544388887001546e-03
9.01010101010101038810e+02 1.89718637795543609847e+00 9.20013544388887001546e-03
9.08080808080808083105e+02 1.89718637795543609847e+00 9.20013544388887001546e-03
9.15151515151515127400e+02 1.89718637795543609847e+00 9.20013544388887001546e-03
9.22222222222222285382e+02 1.89718637795543609847e+00 9.20013544388887001546e-03
9.29292929292929329677e+02 1.89718637795543609847e+00 9.20013544388887001546e-03
9.36363636363636373972e+02 1.89718637795543609847e+00 9.20013544388887001546e-03
9.43434343434343418267e+02 1.89718637795543609847e+00 9.20013544388887001546e-03
9.50505050505050576248e+02 1.89718637795543609847e+00 9.20013544388887001546e-03
9.57575757575757620543e+02 1.89718637795543609847e+00 9.20013544388887001546e-03
9.64646464646464664838e+02 1.89718637795543609847e+00 9.20013544388887001546e-03
9.71717171717171709133e+02 1.89718637795543609847e+00 9.20013544388887001546e-03
9.78787878787878753428e+02 1.89718637795543609847e+00 9.20013544388887001546e-03
9.85858585858585911410e+02 1.89718637795543609847e+00 9.20013544388887001546e-03
9.92929292929292955705e+02 1.89718637795543609847e+00 9.20013544388887001546e-03
1.00000000000000000000e+03 1.89718637795543609847e+00 9.20013544388887001546e-03


TRANSMITTANCE WITH THE ESTIMATED THICKNESSES AND OPTICAL PARAMETERS

lambda                     t
3.00000000000000000000e+02 5.10830526759694161787e-02
3.07070707070707044295e+02 1.04105505644680879085e-01
3.14141414141414145433e+02 1.89395925627745848052e-01
3.21212121212121189728e+02 3.21672277644192983193e-01
3.28282828282828290867e+02 4.42798654714178840930e-01
3.35353535353535335162e+02 5.78918554146654495973e-01
3.42424242424242436300e+02 6.51601867413670876594e-01
3.49494949494949480595e+02 7.11902887523284011451e-01
3.56565656565656581733e+02 7.76979470454178589023e-01
3.63636363636363626028e+02 8.22566386042715813609e-01
3.70707070707070727167e+02 8.51734584275562034428e-01
3.77777777777777771462e+02 8.60791414125994802653e-01
3.84848484848484872600e+02 8.51997965272468404940e-01
3.91919191919191916895e+02 8.31504573794759949124e-01
3.98989898989898961190e+02 8.06166472719119453494e-01
4.06060606060606062329e+02 7.81414223392602469431e-01
4.13131313131313163467e+02 7.60657415325181274213e-01
4.20202020202020207762e+02 7.45592868508301531705e-01
4.27272727272727252057e+02 7.36753089264487237564e-01
4.34343434343434353195e+02 7.33969012507849960514e-01
4.41414141414141454334e+02 7.36673060234231624754e-01
4.48484848484848498629e+02 7.44072107314301511849e-01
4.55555555555555542924e+02 7.55240646088318534623e-01
4.62626262626262644062e+02 7.60128588971954122222e-01
4.69696969696969688357e+02 7.65994486531966667364e-01
4.76767676767676789495e+02 7.72662950594783293212e-01
4.83838383838383833790e+02 7.79963073816327345789e-01
4.90909090909090878085e+02 7.87730220579671014391e-01
4.97979797979797979224e+02 7.95807631915110613718e-01
5.05050505050505080362e+02 8.04047911696357919809e-01
5.12121212121212124657e+02 8.12314403682045993449e-01
5.19191919191919168952e+02 8.20482432927887694873e-01
5.26262626262626326934e+02 8.28440366374383896364e-01
5.33333333333333371229e+02 8.36090442420713397809e-01
5.40404040404040415524e+02 8.43349324779542497410e-01
5.47474747474747459819e+02 8.50148348773226869568e-01
5.54545454545454504114e+02 8.56433445501155632407e-01
5.61616161616161662096e+02 8.62164748210677123197e-01
5.68686868686868706391e+02 8.67315903328379489423e-01
5.75757575757575750686e+02 8.71873124053183179427e-01
5.82828282828282908667e+02 8.75834035892836815229e-01
5.89898989898989839276e+02 8.78711285171069444999e-01
5.96969696969696997257e+02 8.81207359941350132360e-01
6.04040404040404041552e+02 8.83327445068934680172e-01
6.11111111111111085847e+02 8.85080030158687747210e-01
6.18181818181818243829e+02 8.86476418631046536589e-01
6.25252525252525288124e+02 8.87530254175506239100e-01
6.32323232323232332419e+02 8.88257071635281003630e-01
6.39393939393939376714e+02 8.88673877829143976648e-01
6.46464646464646421009e+02 8.88798766297199338560e-01
6.53535353535353578991e+02 8.88650568531699991404e-01
6.60606060606060623286e+02 8.88248542968031240541e-01
6.67676767676767667581e+02 8.87612101894390104206e-01
6.74747474747474825563e+02 8.86760575506207238128e-01
6.81818181818181756171e+02 8.85713011585536946768e-01
6.88888888888888914153e+02 8.84488008719226281862e-01
6.95959595959595958448e+02 8.83103580568469492817e-01
7.03030303030303002743e+02 8.81577048447702127376e-01
7.10101010101010160724e+02 8.79924959341580437133e-01
7.17171717171717205019e+02 8.78163026463270490751e-01
7.24242424242424249314e+02 8.76306089514316322031e-01
7.31313131313131407296e+02 8.74368091926278845349e-01
7.38383838383838337904e+02 8.72362072529692667011e-01
7.45454545454545495886e+02 8.70300169291409408956e-01
7.52525252525252540181e+02 8.68193632974551321446e-01
7.59595959595959584476e+02 8.66052848795668683834e-01
7.66666666666666742458e+02 8.63887364373356891889e-01
7.73737373737373673066e+02 8.61705922475377139591e-01
7.80808080808080831048e+02 8.59516497272939883345e-01
7.87878787878787875343e+02 8.57326332998331164248e-01
7.94949494949494919638e+02 8.55141984073710670344e-01
8.02020202020202077620e+02 8.52969355933896111743e-01
8.09090909090909121915e+02 8.50813745904190565916e-01
8.16161616161616166210e+02 8.48679883616170416261e-01
8.23232323232323210505e+02 8.46571970550688557289e-01
8.30303030303030368486e+02 8.44493718389197622898e-01
8.37373737373737412781e+02 8.42448385933021071104e-01
8.44444444444444457076e+02 8.40438814416695878506e-01
8.51515151515151501371e+02 8.38467461097254007640e-01
8.58585858585858659353e+02 8.36536431047501860547e-01
8.65656565656565703648e+02 8.34647507119224418837e-01
8.72727272727272747943e+02 8.32802178072873378056e-01
8.79797979797979792238e+02 8.31001664894672531503e-01
8.86868686868686836533e+02 8.29246945341163721466e-01
8.93939393939393994515e+02 8.27538776765760597520e-01
9.01010101010101038810e+02 8.25877717292696766904e-01
9.08080808080808083105e+02 8.24264145411378601480e-01
9.15151515151515127400e+02 8.22698278069215915842e-01
9.22222222222222285382e+02 8.21180187343933387645e-01
9.29292929292929329677e+02 8.19709815777608818976e-01
9.36363636363636373972e+02 8.18286990454537010997e-01
9.43434343434343418267e+02 8.16911435903819982407e-01
9.50505050505050576248e+02 8.15582785905590079700e-01
9.57575757575757620543e+02 8.14300594277096667639e-01
9.64646464646464664838e+02 8.13064344711850739422e-01
9.71717171717171709133e+02 8.11873459741608627382e-01
9.78787878787878753428e+02 8.10727308887411179938e-01
9.85858585858585911410e+02 8.09625216062210384393e-01
9.92929292929292955705e+02 8.08566466283923146463e-01
1.00000000000000000000e+03 8.07550311754042793311e-01


QUADRATIC ERROR = 2.857190e-02
