ESTIMATED THICKNESSES

Thickness of film 1 = 167.00 nm

ESTIMATED INFLEXION POINTS

Inflexion point of the absorption coefficient of film 1 = 875.00 nm

ESTIMATED REFRACTIVE INDICES AND ABSORPTION COEFFICIENTS

Film 1

lambda                     n                          kappa
4.50000000000000000000e+02 2.02913344348237689729e+00 0.00000000000000000000e+00
4.55555555555555542924e+02 2.02746714163228736183e+00 0.00000000000000000000e+00
4.61111111111111085847e+02 2.02580083978219827046e+00 0.00000000000000000000e+00
4.66666666666666685614e+02 2.02413453793210917908e+00 0.00000000000000000000e+00
4.72222222222222228538e+02 2.02246823608202008771e+00 0.00000000000000000000e+00
4.77777777777777771462e+02 2.02080193423193144042e+00 0.00000000000000000000e+00
4.83333333333333314386e+02 2.01913563238184279314e+00 0.00000000000000000000e+00
4.88888888888888914153e+02 2.01746933053175414585e+00 0.00000000000000000000e+00
4.94444444444444457076e+02 2.01580302868202299038e+00 0.00000000000000000000e+00
5.00000000000000000000e+02 2.01413672683229183491e+00 0.00000000000000000000e+00
5.05555555555555542924e+02 2.01247042498256067944e+00 0.00000000000000000000e+00
5.11111111111111085847e+02 2.01080412313282952397e+00 0.00000000000000000000e+00
5.16666666666666628771e+02 2.00913928914918038515e+00 0.00000000000000000000e+00
5.22222222222222171695e+02 2.00747445516553124634e+00 0.00000000000000000000e+00
5.27777777777777828305e+02 2.00580962118188210752e+00 0.00000000000000000000e+00
5.33333333333333371229e+02 2.00512170300524417144e+00 0.00000000000000000000e+00
5.38888888888888914153e+02 2.00443378482860623535e+00 0.00000000000000000000e+00
5.44444444444444457076e+02 2.00374586665196829927e+00 0.00000000000000000000e+00
5.50000000000000000000e+02 2.00325630051826975020e+00 0.00000000000000000000e+00
5.55555555555555542924e+02 2.00276673438457120113e+00 0.00000000000000000000e+00
5.61111111111111085847e+02 2.00227716825087265207e+00 0.00000000000000000000e+00
5.66666666666666628771e+02 2.00178763263569603481e+00 0.00000000000000000000e+00
5.72222222222222171695e+02 2.00129809702051941755e+00 0.00000000000000000000e+00
5.77777777777777828305e+02 2.00080856140534280030e+00 4.09387016536373604669e-04
5.83333333333333257542e+02 2.00031902579038511902e+00 1.20688121588874257284e-03
5.88888888888888914153e+02 1.99982949017542721570e+00 2.00437541524111154101e-03
5.94444444444444457076e+02 1.99933995456046931238e+00 2.80186961459348050918e-03
6.00000000000000000000e+02 1.99885041894551140906e+00 3.59936381394584947735e-03
6.05555555555555542924e+02 1.99836304705968093032e+00 4.39685801329821844552e-03
6.11111111111111085847e+02 1.99787567517385045157e+00 5.19435221265058741369e-03
6.16666666666666628771e+02 1.99738830328801997283e+00 5.99184641200295638186e-03
6.22222222222222171695e+02 1.99699346647086728446e+00 6.78934061135532535003e-03
6.27777777777777828305e+02 1.99659862965371459609e+00 7.58683481070769431820e-03
6.33333333333333257542e+02 1.99620379283656190772e+00 8.38432901006006328637e-03
6.38888888888888914153e+02 1.99602032619791991408e+00 9.18182320941243225454e-03
6.44444444444444457076e+02 1.99583685955927792044e+00 9.97931740876480122271e-03
6.50000000000000000000e+02 1.99565339292063592680e+00 1.07768116081171701909e-02
6.55555555555555542924e+02 1.99559312766817154028e+00 1.15743058074695391590e-02
6.61111111111111085847e+02 1.99553286241570715376e+00 1.23718000068219081272e-02
6.66666666666666628771e+02 1.99547259716324276724e+00 1.31692942061742770954e-02
6.72222222222222171695e+02 1.99545851429332565807e+00 1.39667884055266460636e-02
6.77777777777777828305e+02 1.99544443142340854891e+00 1.47642826048790150317e-02
6.83333333333333257542e+02 1.99543034855349143974e+00 1.55617768042313545096e-02
6.88888888888888914153e+02 1.99541626568357433058e+00 1.63592710035836939875e-02
6.94444444444444457076e+02 1.99541051366178634474e+00 1.71567652029360334653e-02
7.00000000000000000000e+02 1.99540476163999835890e+00 1.79542594022883729432e-02
7.05555555555555542924e+02 1.99539900961821037306e+00 1.87446822352434240566e-02
7.11111111111111085847e+02 1.99539457032935740877e+00 1.95351050681984751700e-02
7.16666666666666628771e+02 1.99539013104050444447e+00 1.99524709110246341315e-02
7.22222222222222171695e+02 1.99538569175165148017e+00 2.03698367538507930929e-02
7.27777777777777828305e+02 1.99538139057475216731e+00 2.07872025966769520544e-02
7.33333333333333257542e+02 1.99537708939785285445e+00 2.11608446269355536529e-02
7.38888888888888914153e+02 1.99537278822095354158e+00 2.15344866571941552513e-02
7.44444444444444457076e+02 1.99536849737186461340e+00 2.17768769460032138308e-02
7.50000000000000000000e+02 1.99536420652277568522e+00 2.20192672348122724102e-02
7.55555555555555542924e+02 1.99535991567368675703e+00 2.22616575236213309896e-02
7.61111111111111085847e+02 1.99535562527744447792e+00 2.23293635159865118400e-02
7.66666666666666628771e+02 1.99535133488120219880e+00 2.23970695083516926904e-02
7.72222222222222171695e+02 1.99534704448495991969e+00 2.23408266918114946364e-02
7.77777777777777828305e+02 1.99534275408871764057e+00 2.22845838752712965825e-02
7.83333333333333257542e+02 1.99533846369614109584e+00 2.22283410587310985285e-02
7.88888888888888914153e+02 1.99533417330356455111e+00 2.20408015940551441081e-02
7.94444444444444457076e+02 1.99532988291098800637e+00 2.18532621293791896877e-02
8.00000000000000000000e+02 1.99532559251844254788e+00 2.15638514833074342036e-02
8.05555555555555542924e+02 1.99532130212589708940e+00 2.12744408372356787196e-02
8.11111111111111085847e+02 1.99531701173335163091e+00 2.09850301911639232355e-02
8.16666666666666628771e+02 1.99531272134080617242e+00 2.04809065046592068959e-02
8.22222222222222171695e+02 1.99530843094826071393e+00 1.98047433637395797756e-02
8.27777777777777828305e+02 1.99530414055571525545e+00 1.91285802228199526553e-02
8.33333333333333257542e+02 1.99529985016316979696e+00 1.84524170819003255350e-02
8.38888888888888914153e+02 1.99529555977062433847e+00 1.77762539409806984148e-02
8.44444444444444457076e+02 1.99529126937807887998e+00 1.70340238861262684156e-02
8.50000000000000000000e+02 1.99528697898553342149e+00 1.62917938312718384164e-02
8.55555555555555542924e+02 1.99528268859298796301e+00 1.55495637764174084172e-02
8.61111111111111085847e+02 1.99527839820044250452e+00 1.48073337215629784180e-02
8.66666666666666628771e+02 1.99527410780789704603e+00 1.39868537608371194814e-02
8.72222222222222171695e+02 1.99526981741535158754e+00 1.31516625155137217157e-02
8.77777777777777828305e+02 1.99526552702280612905e+00 1.23164712701903239500e-02
8.83333333333333257542e+02 1.99526123663026067057e+00 1.14812800248669261843e-02
8.88888888888888914153e+02 1.99525694623771521208e+00 1.06460887849713758263e-02
8.94444444444444457076e+02 1.99525265584516975359e+00 9.81089754507582546827e-03
9.00000000000000000000e+02 1.99524836545262429510e+00 8.97570630518027511024e-03
9.05555555555555542924e+02 1.99524407506007883661e+00 8.14051506528486006065e-03
9.11111111111111085847e+02 1.99523978466753337813e+00 7.30532383322735848902e-03
9.16666666666666628771e+02 1.99523549427498791964e+00 6.47013260116985691739e-03
9.22222222222222171695e+02 1.99523120388244246115e+00 5.63494136911235534576e-03
9.27777777777777828305e+02 1.99522691348989700266e+00 4.79975013705485377413e-03
9.33333333333333257542e+02 1.99522262309735154417e+00 4.17602219598265690659e-03
9.38888888888888914153e+02 1.99521833270480608569e+00 3.55229425491045960536e-03
9.44444444444444343389e+02 1.99521404231226062720e+00 2.92856631383826230414e-03
9.50000000000000000000e+02 1.99520975191971516871e+00 2.30483837276606500291e-03
9.55555555555555542924e+02 1.99520546152716971022e+00 1.68111043169386791853e-03
9.61111111111111085847e+02 1.99520117113462425174e+00 1.46622210113184778604e-03
9.66666666666666628771e+02 1.99519688074207879325e+00 1.25133377056982765356e-03
9.72222222222222171695e+02 1.99519259034953333476e+00 1.03644544000780752108e-03
9.77777777777777714618e+02 1.99518829995698787627e+00 8.21557109445787388594e-04
9.83333333333333257542e+02 1.99518400956444241778e+00 6.06739739771639907499e-04
9.88888888888888914153e+02 1.99517971917189695930e+00 3.91922370097492426405e-04
9.94444444444444457076e+02 1.99517542877935150081e+00 1.77105000423344972416e-04
1.00000000000000000000e+03 1.99517113838680604232e+00 1.33321989856430565685e-12


TRANSMITTANCE WITH THE ESTIMATED THICKNESSES AND OPTICAL PARAMETERS

lambda                     t
4.50000000000000000000e+02 7.61844854166090268421e-01
4.55555555555555542924e+02 7.62515880233442744363e-01
4.61111111111111085847e+02 7.64120572422204324958e-01
4.66666666666666685614e+02 7.66579457355817117659e-01
4.72222222222222228538e+02 7.69812968456326740530e-01
4.77777777777777771462e+02 7.73742068765788659768e-01
4.83333333333333314386e+02 7.78288690036626595870e-01
4.88888888888888914153e+02 7.83376056666335585099e-01
4.94444444444444457076e+02 7.88928943769868329383e-01
5.00000000000000000000e+02 7.94873903609726650821e-01
5.05555555555555542924e+02 8.01139482878871156402e-01
5.11111111111111085847e+02 8.07656444261032002707e-01
5.16666666666666628771e+02 8.14357237210807105576e-01
5.22222222222222171695e+02 8.21178543743221855955e-01
5.27777777777777828305e+02 8.28059225835154788520e-01
5.33333333333333371229e+02 8.34459560610095851807e-01
5.38888888888888914153e+02 8.40833121397730032243e-01
5.44444444444444457076e+02 8.47135713399739809226e-01
5.50000000000000000000e+02 8.53237133603104380697e-01
5.55555555555555542924e+02 8.59195962144978064856e-01
5.61111111111111085847e+02 8.64978595672944550188e-01
5.66666666666666628771e+02 8.70554680381832701741e-01
5.72222222222222171695e+02 8.75897199646806456919e-01
5.77777777777777828305e+02 8.79526974420844043223e-01
5.83333333333333257542e+02 8.81510751774366774214e-01
5.88888888888888914153e+02 8.83220877342673849064e-01
5.94444444444444457076e+02 8.84650442490816590890e-01
6.00000000000000000000e+02 8.85795437054242462693e-01
6.05555555555555542924e+02 8.86654045456637396327e-01
6.11111111111111085847e+02 8.87227951601626152467e-01
6.16666666666666628771e+02 8.87520455557333609597e-01
6.22222222222222171695e+02 8.87522624614336397286e-01
6.27777777777777828305e+02 8.87259511686388502305e-01
6.33333333333333257542e+02 8.86739314281314805477e-01
6.38888888888888914153e+02 8.85951633471645627615e-01
6.44444444444444457076e+02 8.84934251902045998506e-01
6.50000000000000000000e+02 8.83697764856854028892e-01
6.55555555555555542924e+02 8.82247908357891241771e-01
6.61111111111111085847e+02 8.80605358528182446953e-01
6.66666666666666628771e+02 8.78781706186354760746e-01
6.72222222222222171695e+02 8.76788484983059168698e-01
6.77777777777777828305e+02 8.74638798065141886973e-01
6.83333333333333257542e+02 8.72344321393895172356e-01
6.88888888888888914153e+02 8.69916617717009232891e-01
6.94444444444444457076e+02 8.67367327425074496894e-01
7.00000000000000000000e+02 8.64707416841272946684e-01
7.05555555555555542924e+02 8.61966964378721556272e-01
7.11111111111111085847e+02 8.59136567713850274330e-01
7.16666666666666628771e+02 8.57212448025319262435e-01
7.22222222222222171695e+02 8.55187476570204663240e-01
7.27777777777777828305e+02 8.53071311409714150287e-01
7.33333333333333257542e+02 8.50983762509202712465e-01
7.38888888888888914153e+02 8.48819867202987188293e-01
7.44444444444444457076e+02 8.46910124580096623781e-01
7.50000000000000000000e+02 8.44931145515226522669e-01
7.55555555555555542924e+02 8.42890901282835947050e-01
7.61111111111111085847e+02 8.41206838718941307675e-01
7.66666666666666628771e+02 8.39464324001271577913e-01
7.72222222222222171695e+02 8.37953083281658739345e-01
7.77777777777777828305e+02 8.36389179471122234943e-01
7.83333333333333257542e+02 8.34779165162753633567e-01
7.88888888888888914153e+02 8.33416335355626203274e-01
7.94444444444444457076e+02 8.32011560879086453646e-01
8.00000000000000000000e+02 8.30787386285071871583e-01
8.05555555555555542924e+02 8.29526620499469680148e-01
8.11111111111111085847e+02 8.28234519329091312123e-01
8.16666666666666628771e+02 8.27355367697049204345e-01
8.22222222222222171695e+02 8.26791042078998561493e-01
8.27777777777777828305e+02 8.26189967635984623406e-01
8.33333333333333257542e+02 8.25556828735381387219e-01
8.38888888888888914153e+02 8.24896048739944265371e-01
8.44444444444444457076e+02 8.24339114430975739012e-01
8.50000000000000000000e+02 8.23759675089724807684e-01
8.55555555555555542924e+02 8.23161510542438579208e-01
8.61111111111111085847e+02 8.22548170576999915227e-01
8.66666666666666628771e+02 8.22067063799776787114e-01
8.72222222222222171695e+02 8.21600861022526052224e-01
8.77777777777777828305e+02 8.21125213427060463012e-01
8.83333333333333257542e+02 8.20642966622317837633e-01
8.88888888888888914153e+02 8.20156777606780851286e-01
8.94444444444444457076e+02 8.19669123028311519263e-01
9.00000000000000000000e+02 8.19182307347470217707e-01
9.05555555555555542924e+02 8.18698470953732271305e-01
9.11111111111111085847e+02 8.18219598132522207834e-01
9.16666666666666628771e+02 8.17747524926036306603e-01
9.22222222222222171695e+02 8.17283946726567345209e-01
9.27777777777777828305e+02 8.16830425714520802494e-01
9.33333333333333257542e+02 8.16043421424757275950e-01
9.38888888888888914153e+02 8.15275525663342714999e-01
9.44444444444444343389e+02 8.14527677820651940799e-01
9.50000000000000000000e+02 8.13800718611058182539e-01
9.55555555555555542924e+02 8.13095396382588431194e-01
9.61111111111111085847e+02 8.11774972106596659494e-01
9.66666666666666628771e+02 8.10488522626578333785e-01
9.72222222222222171695e+02 8.09236067594385377610e-01
9.77777777777777714618e+02 8.08017573763929575215e-01
9.83333333333333257542e+02 8.06832852747533468829e-01
9.88888888888888914153e+02 8.05681887384935624397e-01
9.94444444444444457076e+02 8.04564511726813424985e-01
1.00000000000000000000e+03 8.03425140915693614119e-01


QUADRATIC ERROR = 4.755757e-05
