ESTIMATED THICKNESSES

Thickness of film 1 = 167.00 nm

ESTIMATED INFLEXION POINTS

Inflexion point of the absorption coefficient of film 1 = 850.00 nm

ESTIMATED REFRACTIVE INDICES AND ABSORPTION COEFFICIENTS

Film 1

lambda                     n                          kappa
4.50000000000000000000e+02 2.02891754938731638802e+00 0.00000000000000000000e+00
4.55555555555555542924e+02 2.02728898762576337234e+00 0.00000000000000000000e+00
4.61111111111111085847e+02 2.02566042586421035665e+00 0.00000000000000000000e+00
4.66666666666666685614e+02 2.02403186410265734096e+00 0.00000000000000000000e+00
4.72222222222222228538e+02 2.02240330234110432528e+00 0.00000000000000000000e+00
4.77777777777777771462e+02 2.02077474057955130959e+00 0.00000000000000000000e+00
4.83333333333333314386e+02 2.01914617881799873800e+00 0.00000000000000000000e+00
4.88888888888888914153e+02 2.01751761705644616640e+00 0.00000000000000000000e+00
4.94444444444444457076e+02 2.01588905529497175451e+00 0.00000000000000000000e+00
5.00000000000000000000e+02 2.01426049353349734261e+00 0.00000000000000000000e+00
5.05555555555555542924e+02 2.01263193177202293072e+00 0.00000000000000000000e+00
5.11111111111111085847e+02 2.01100338674205136869e+00 0.00000000000000000000e+00
5.16666666666666628771e+02 2.00937484171207980665e+00 0.00000000000000000000e+00
5.22222222222222171695e+02 2.00776291794420602699e+00 0.00000000000000000000e+00
5.27777777777777828305e+02 2.00615099417633224732e+00 0.00000000000000000000e+00
5.33333333333333371229e+02 2.00519178470097347855e+00 0.00000000000000000000e+00
5.38888888888888914153e+02 2.00423257522561470978e+00 0.00000000000000000000e+00
5.44444444444444457076e+02 2.00378291182396139902e+00 0.00000000000000000000e+00
5.50000000000000000000e+02 2.00333324842230808827e+00 0.00000000000000000000e+00
5.55555555555555542924e+02 2.00288358502065477751e+00 0.00000000000000000000e+00
5.61111111111111085847e+02 2.00243444273998161265e+00 0.00000000000000000000e+00
5.66666666666666628771e+02 2.00198530045930844778e+00 0.00000000000000000000e+00
5.72222222222222171695e+02 2.00153615969068221503e+00 0.00000000000000000000e+00
5.77777777777777828305e+02 2.00108701892205598227e+00 3.60768073503145436653e-04
5.83333333333333257542e+02 2.00063787824813932303e+00 1.16396845793792155788e-03
5.88888888888888914153e+02 2.00018873757422266380e+00 1.96716884237269767910e-03
5.94444444444444457076e+02 1.99973959969924219848e+00 2.77036922680747380032e-03
6.00000000000000000000e+02 1.99929046182426195521e+00 3.57356961124224992155e-03
6.05555555555555542924e+02 1.99884132394928171195e+00 4.37676999567702604277e-03
6.11111111111111085847e+02 1.99839244221553813396e+00 5.17997038011180216399e-03
6.16666666666666628771e+02 1.99794356048179455598e+00 5.98317076454657828521e-03
6.22222222222222171695e+02 1.99749616194143753134e+00 6.78637114898135440644e-03
6.27777777777777828305e+02 1.99704876340108050670e+00 7.58957153341613052766e-03
6.33333333333333257542e+02 1.99663120124437765135e+00 8.39277191785090664888e-03
6.38888888888888914153e+02 1.99621363908767479600e+00 9.19597230228568277011e-03
6.44444444444444457076e+02 1.99587212114627776671e+00 9.99917268672045889133e-03
6.50000000000000000000e+02 1.99553060320488073742e+00 1.08023730711552350126e-02
6.55555555555555542924e+02 1.99518908526348370813e+00 1.16055734555900111338e-02
6.61111111111111085847e+02 1.99494641173165265791e+00 1.24087738400247872550e-02
6.66666666666666628771e+02 1.99470373819982160768e+00 1.32119742244595633762e-02
6.72222222222222171695e+02 1.99455054248347551926e+00 1.40151746088943394974e-02
6.77777777777777828305e+02 1.99439734676712943084e+00 1.48183749913720214098e-02
6.83333333333333257542e+02 1.99431371211259178544e+00 1.56215753738497033221e-02
6.88888888888888914153e+02 1.99423007745805414004e+00 1.64056492338785532559e-02
6.94444444444444457076e+02 1.99419049716496088465e+00 1.71897230939074031897e-02
7.00000000000000000000e+02 1.99415091687186762925e+00 1.79648937334725457282e-02
7.05555555555555542924e+02 1.99411133657877437386e+00 1.87400643730376882667e-02
7.11111111111111085847e+02 1.99408424187915400694e+00 1.92916760788055391407e-02
7.16666666666666628771e+02 1.99405714717953364001e+00 1.98432877845733900146e-02
7.22222222222222171695e+02 1.99403396180491188083e+00 2.02685956042250106646e-02
7.27777777777777828305e+02 1.99401077643029012165e+00 2.06939034238766313145e-02
7.33333333333333257542e+02 1.99398878499297804723e+00 2.11192112435282519645e-02
7.38888888888888914153e+02 1.99396679355566597280e+00 2.13840784484136611776e-02
7.44444444444444457076e+02 1.99394520418165366316e+00 2.16489456532990703908e-02
7.50000000000000000000e+02 1.99392361480764135351e+00 2.19138128581844796039e-02
7.55555555555555542924e+02 1.99390202543362904386e+00 2.21786800630698888170e-02
7.61111111111111085847e+02 1.99388050763725477310e+00 2.22448704648321726740e-02
7.66666666666666628771e+02 1.99385898984088050234e+00 2.23110608665944565310e-02
7.72222222222222171695e+02 1.99383749107341690099e+00 2.23772512683567403879e-02
7.77777777777777828305e+02 1.99381599230595329963e+00 2.22334838897881269248e-02
7.83333333333333257542e+02 1.99379449810632936035e+00 2.20897165112195134618e-02
7.88888888888888914153e+02 1.99377300390670542107e+00 2.19459491326508999987e-02
7.94444444444444457076e+02 1.99375151070864786718e+00 2.18021817540822865356e-02
8.00000000000000000000e+02 1.99373001751059031328e+00 2.14727029374362082814e-02
8.05555555555555542924e+02 1.99370852431253275938e+00 2.11432241207901300273e-02
8.11111111111111085847e+02 1.99368703118799062146e+00 2.08137453041440517731e-02
8.16666666666666628771e+02 1.99366553806344848354e+00 2.03081962139576577275e-02
8.22222222222222171695e+02 1.99364404494944613688e+00 1.98026471237712636819e-02
8.27777777777777828305e+02 1.99362255183544379022e+00 1.92970980335848696363e-02
8.33333333333333257542e+02 1.99360105872266735183e+00 1.85528751228521346373e-02
8.38888888888888914153e+02 1.99357956560989091344e+00 1.78086522121193996382e-02
8.44444444444444457076e+02 1.99355807249722416508e+00 1.70644293013866646391e-02
8.50000000000000000000e+02 1.99353657938455741672e+00 1.62543654255216524218e-02
8.55555555555555542924e+02 1.99351508627189066836e+00 1.54443015496566384698e-02
8.61111111111111085847e+02 1.99349359315922480818e+00 1.46342376737916245177e-02
8.66666666666666628771e+02 1.99347210004655894799e+00 1.38241737979266105657e-02
8.72222222222222171695e+02 1.99345060693389308781e+00 1.30141099220615966137e-02
8.77777777777777828305e+02 1.99342911382122722763e+00 1.22040460461965826616e-02
8.83333333333333257542e+02 1.99340762070856136745e+00 1.13939821703315687096e-02
8.88888888888888914153e+02 1.99338612759589550727e+00 1.05839182944668305786e-02
8.94444444444444457076e+02 1.99336463448322964709e+00 9.77385441860209244758e-03
9.00000000000000000000e+02 1.99334314137056378691e+00 8.96379054274177612671e-03
9.05555555555555542924e+02 1.99332164825789792673e+00 8.15372666688145980585e-03
9.11111111111111085847e+02 1.99330015514523206654e+00 7.34366281899126709803e-03
9.16666666666666628771e+02 1.99327866203256620636e+00 6.53359897110107352286e-03
9.22222222222222171695e+02 1.99325716891990034618e+00 5.72353512321087994769e-03
9.27777777777777828305e+02 1.99323567580723448600e+00 5.07569196617677683564e-03
9.33333333333333257542e+02 1.99321418269456862582e+00 4.42784880914267372359e-03
9.38888888888888914153e+02 1.99319268958190276564e+00 3.78000565210857061155e-03
9.44444444444444343389e+02 1.99317119646923690546e+00 3.13532384703553825347e-03
9.50000000000000000000e+02 1.99314970335657104528e+00 2.49064204196250589540e-03
9.55555555555555542924e+02 1.99312821024390518510e+00 1.84596023688947353733e-03
9.61111111111111085847e+02 1.99310671713123932491e+00 1.61521380703084135172e-03
9.66666666666666628771e+02 1.99308522401857346473e+00 1.38446737717220916611e-03
9.72222222222222171695e+02 1.99306373090590760455e+00 1.15372094731357698050e-03
9.77777777777777714618e+02 1.99304223779324174437e+00 9.22976758314745680464e-04
9.83333333333333257542e+02 1.99302074468057588419e+00 6.92232569315914272011e-04
9.88888888888888914153e+02 1.99299925156791002401e+00 4.61488380317082863558e-04
9.94444444444444457076e+02 1.99297775845524416383e+00 2.30744191318251482209e-04
1.00000000000000000000e+03 1.99295626534257830365e+00 2.32182475233434469592e-12


TRANSMITTANCE WITH THE ESTIMATED THICKNESSES AND OPTICAL PARAMETERS

lambda                     t
4.50000000000000000000e+02 7.61914296300210236446e-01
4.55555555555555542924e+02 7.62579667522912507671e-01
4.61111111111111085847e+02 7.64175442304696916906e-01
4.66666666666666685614e+02 7.66622560417163145807e-01
4.72222222222222228538e+02 7.69841873211353333595e-01
4.77777777777777771462e+02 7.73754762590011191392e-01
4.83333333333333314386e+02 7.78283577293039985356e-01
4.88888888888888914153e+02 7.83351954456440680019e-01
4.94444444444444457076e+02 7.88885075334043617268e-01
5.00000000000000000000e+02 7.94809889159203031284e-01
5.05555555555555542924e+02 8.01055327525262650390e-01
5.11111111111111085847e+02 8.07552513958045614650e-01
5.16666666666666628771e+02 8.14235018902127127838e-01
5.22222222222222171695e+02 8.21030544327753575296e-01
5.27777777777777828305e+02 8.27887059305055350578e-01
5.33333333333333371229e+02 8.34424958180257081430e-01
5.38888888888888914153e+02 8.40929862385079496256e-01
5.44444444444444457076e+02 8.47118449797151118474e-01
5.50000000000000000000e+02 8.53202549690249556491e-01
5.55555555555555542924e+02 8.59145580818675425050e-01
5.61111111111111085847e+02 8.64913899708166011848e-01
5.66666666666666628771e+02 8.70477542281565264126e-01
5.72222222222222171695e+02 8.75809587732601646515e-01
5.77777777777777828305e+02 8.79603790337642355013e-01
5.83333333333333257542e+02 8.81560573340732456238e-01
5.88888888888888914153e+02 8.83245809990403474288e-01
5.94444444444444457076e+02 8.84652577584650878784e-01
6.00000000000000000000e+02 8.85776828603479726709e-01
6.05555555555555542924e+02 8.86617165728633249699e-01
6.11111111111111085847e+02 8.87174560798058897682e-01
6.16666666666666628771e+02 8.87452283118588591826e-01
6.22222222222222171695e+02 8.87455256506167300401e-01
6.27777777777777828305e+02 8.87190634767133112781e-01
6.33333333333333257542e+02 8.86663379418798691667e-01
6.38888888888888914153e+02 8.85887591690917353127e-01
6.44444444444444457076e+02 8.84867999652509285013e-01
6.50000000000000000000e+02 8.83624325549666522761e-01
6.55555555555555542924e+02 8.82168328508613153183e-01
6.61111111111111085847e+02 8.80509288041527504731e-01
6.66666666666666628771e+02 8.78665313312867013451e-01
6.72222222222222171695e+02 8.76648371679748739105e-01
6.77777777777777828305e+02 8.74473280583272449817e-01
6.83333333333333257542e+02 8.72153254947193312674e-01
6.88888888888888914153e+02 8.69755016101978362109e-01
6.94444444444444457076e+02 8.67235212782307529622e-01
7.00000000000000000000e+02 8.64628953029277891318e-01
7.05555555555555542924e+02 8.61921646657178075479e-01
7.11111111111111085847e+02 8.59724475924125042248e-01
7.16666666666666628771e+02 8.57428258009290789055e-01
7.22222222222222171695e+02 8.55372036715715933219e-01
7.27777777777777828305e+02 8.53226191817493595515e-01
7.33333333333333257542e+02 8.51000079397498554457e-01
7.38888888888888914153e+02 8.49101774550618859649e-01
7.44444444444444457076e+02 8.47128520071999679963e-01
7.50000000000000000000e+02 8.45088602988196990751e-01
7.55555555555555542924e+02 8.42989946854599381254e-01
7.61111111111111085847e+02 8.41305968889003330524e-01
7.66666666666666628771e+02 8.39564290802056523155e-01
7.72222222222222171695e+02 8.37771981043338276329e-01
7.77777777777777828305e+02 8.36407434286172479787e-01
7.83333333333333257542e+02 8.34992047498297029762e-01
7.88888888888888914153e+02 8.33532133367095640075e-01
7.94444444444444457076e+02 8.32033664732535926944e-01
8.00000000000000000000e+02 8.30897291066265863968e-01
8.05555555555555542924e+02 8.29722774723111400341e-01
8.11111111111111085847e+02 8.28515409328297480762e-01
8.16666666666666628771e+02 8.27640367655606778996e-01
8.22222222222222171695e+02 8.26733020178658684074e-01
8.27777777777777828305e+02 8.25798050512912440446e-01
8.33333333333333257542e+02 8.25310381129614745177e-01
8.38888888888888914153e+02 8.24792388911791629624e-01
8.44444444444444457076e+02 8.24248315155156729972e-01
8.50000000000000000000e+02 8.23807521978606849267e-01
8.55555555555555542924e+02 8.23345563100662203304e-01
8.61111111111111085847e+02 8.22866062236965234433e-01
8.66666666666666628771e+02 8.22372422138803349512e-01
8.72222222222222171695e+02 8.21867832603740855468e-01
8.77777777777777828305e+02 8.21355278696045409959e-01
8.83333333333333257542e+02 8.20837549093809237810e-01
8.88888888888888914153e+02 8.20317244490383901123e-01
8.94444444444444457076e+02 8.19796785987568665810e-01
9.00000000000000000000e+02 8.19278423426950785924e-01
9.05555555555555542924e+02 8.18764243613951836487e-01
9.11111111111111085847e+02 8.18256178348961582536e-01
9.16666666666666628771e+02 8.17756012471893778404e-01
9.22222222222222171695e+02 8.17265391416844400041e-01
9.27777777777777828305e+02 8.16518765065713192364e-01
9.33333333333333257542e+02 8.15789528546455922076e-01
9.38888888888888914153e+02 8.15078745920664315960e-01
9.44444444444444343389e+02 8.14382314271475449274e-01
9.50000000000000000000e+02 8.13706244369076348022e-01
9.55555555555555542924e+02 8.13051299418428130572e-01
9.61111111111111085847e+02 8.11772723411983143649e-01
9.66666666666666628771e+02 8.10527679620073771005e-01
9.72222222222222171695e+02 8.09316199083694010064e-01
9.77777777777777714618e+02 8.08138256331951021494e-01
9.83333333333333257542e+02 8.06993784177957751425e-01
9.88888888888888914153e+02 8.05882667628862736642e-01
9.94444444444444457076e+02 8.04804751297293563539e-01
1.00000000000000000000e+03 8.03759843083172831335e-01


QUADRATIC ERROR = 5.025962e-05
