ESTIMATED THICKNESSES

Thickness of film 1 = 164.20 nm

ESTIMATED INFLEXION POINTS

Inflexion point of the absorption coefficient of film 1 = 825.00 nm

ESTIMATED REFRACTIVE INDICES AND ABSORPTION COEFFICIENTS

Film 1

lambda                     n                          kappa
5.35000000000000000000e+02 2.02656755979125779987e+00 0.00000000000000000000e+00
5.39696969696969745200e+02 2.02603030382002691212e+00 0.00000000000000000000e+00
5.44393939393939376714e+02 2.02549304784879602437e+00 0.00000000000000000000e+00
5.49090909090909121915e+02 2.02495579187756513662e+00 0.00000000000000000000e+00
5.53787878787878753428e+02 2.02441853590633424886e+00 0.00000000000000000000e+00
5.58484848484848498629e+02 2.02388127993510336111e+00 0.00000000000000000000e+00
5.63181818181818130142e+02 2.02334402396387247336e+00 0.00000000000000000000e+00
5.67878787878787875343e+02 2.02280676799264158561e+00 0.00000000000000000000e+00
5.72575757575757620543e+02 2.02226951202141069786e+00 4.19351300572495810925e-04
5.77272727272727252057e+02 2.02173225605017981010e+00 1.06263102616738127487e-03
5.81969696969696997257e+02 2.02119500007894892235e+00 1.70591075176226673882e-03
5.86666666666666628771e+02 2.02065774410771803460e+00 2.34919047735715220276e-03
5.91363636363636373972e+02 2.02012048813648714685e+00 2.99247020295203766671e-03
5.96060606060606005485e+02 2.01958323216525625909e+00 3.63574992854692313066e-03
6.00757575757575750686e+02 2.01904597619402537134e+00 4.27872621173475565365e-03
6.05454545454545495886e+02 2.01850872022279448359e+00 4.92170249492258817664e-03
6.10151515151515127400e+02 2.01797146425156359584e+00 5.56467877740482973203e-03
6.14848484848484872600e+02 2.01743420828033270809e+00 6.20765505988707128743e-03
6.19545454545454504114e+02 2.01689695230910182033e+00 6.85063134236931284282e-03
6.24242424242424249314e+02 2.01635969633787093258e+00 7.49360762485155439822e-03
6.28939393939393994515e+02 2.01582244036664004483e+00 8.13658390733379595361e-03
6.33636363636363626028e+02 2.01528518439540915708e+00 8.77956018981064165163e-03
6.38333333333333371229e+02 2.01474792842417826932e+00 9.42253647228748734965e-03
6.43030303030303002743e+02 2.01421067245294738157e+00 1.00655127547643330477e-02
6.47727272727272747943e+02 2.01367341648171649382e+00 1.07084890372411787457e-02
6.52424242424242493144e+02 2.01313616051048560607e+00 1.13514653197180244437e-02
6.57121212121212124657e+02 2.01259890453925471832e+00 1.19944416021948701417e-02
6.61818181818181869858e+02 2.01206164856802383056e+00 1.26374178846717158398e-02
6.66515151515151501371e+02 2.01152439259679294281e+00 1.32803941671485615378e-02
6.71212121212121246572e+02 2.01098713662556205506e+00 1.39233704496254072358e-02
6.75909090909090878085e+02 2.01044988065433116731e+00 1.45663467321022477297e-02
6.80606060606060623286e+02 2.00991262468310027955e+00 1.52093230145790882235e-02
6.85303030303030254800e+02 2.00937536871186939180e+00 1.58522992970559287174e-02
6.90000000000000000000e+02 2.00883811274063850405e+00 1.64952755795327692112e-02
6.94696969696969745200e+02 2.00830085676940761630e+00 1.71301635724443214459e-02
6.99393939393939376714e+02 2.00776360079817672855e+00 1.77650515653558736806e-02
7.04090909090909121915e+02 2.00722634482694584079e+00 1.81701603010032373964e-02
7.08787878787878753428e+02 2.00668908885571495304e+00 1.85752690366506011121e-02
7.13484848484848498629e+02 2.00615183288448406529e+00 1.89492927234600275210e-02
7.18181818181818243829e+02 2.00561457691325317754e+00 1.93233164102694539299e-02
7.22878787878787875343e+02 2.00507732094202228978e+00 1.96973400970788803388e-02
7.27575757575757620543e+02 2.00454006497079140203e+00 2.00257405150781574166e-02
7.32272727272727252057e+02 2.00400280899956051428e+00 2.03541409330774344943e-02
7.36969696969696997257e+02 2.00346555302832962653e+00 2.04865543803588977256e-02
7.41666666666666742458e+02 2.00292829705709873878e+00 2.06189678276403609569e-02
7.46363636363636373972e+02 2.00239104108586785102e+00 2.07392198997163532126e-02
7.51060606060606005485e+02 2.00185378511463696327e+00 2.08594719717923454683e-02
7.55757575757575750686e+02 2.00131652914340607552e+00 2.08965697184739333803e-02
7.60454545454545495886e+02 2.00077927317217518777e+00 2.09336674651555212923e-02
7.65151515151515127400e+02 2.00024201720094430001e+00 2.08104447358286176462e-02
7.69848484848484872600e+02 1.99970476122971341226e+00 2.06872220065017140000e-02
7.74545454545454504114e+02 1.99916750525848252451e+00 2.05639992771748103539e-02
7.79242424242424249314e+02 1.99863024928725163676e+00 2.03987077626806741215e-02
7.83939393939393994515e+02 1.99809299331602074901e+00 2.02334162481865378891e-02
7.88636363636363626028e+02 1.99755573734478986125e+00 2.00681247336924016567e-02
7.93333333333333371229e+02 1.99701848137355897350e+00 1.99028332191982654242e-02
7.98030303030303002743e+02 1.99648122540232808575e+00 1.96062686886449566437e-02
8.02727272727272747943e+02 1.99594396943109719800e+00 1.93097041580916478631e-02
8.07424242424242493144e+02 1.99540671345986631025e+00 1.90131396275383390826e-02
8.12121212121212124657e+02 1.99486945748863542249e+00 1.85117824302020346494e-02
8.16818181818181756171e+02 1.99433220151740453474e+00 1.80104252328657302162e-02
8.21515151515151501371e+02 1.99379494554617364699e+00 1.75090680355294257831e-02
8.26212121212121246572e+02 1.99325768957494275924e+00 1.70077108381931213499e-02
8.30909090909090991772e+02 1.99272043360371187148e+00 1.63235171441201976084e-02
8.35606060606060623286e+02 1.99218317763248098373e+00 1.56393234500472738668e-02
8.40303030303030254800e+02 1.99164592166125009598e+00 1.49551297559743518600e-02
8.45000000000000000000e+02 1.99110866569001920823e+00 1.42748126819358129441e-02
8.49696969696969745200e+02 1.99057140971878832048e+00 1.35944956078972740282e-02
8.54393939393939490401e+02 1.99003415374755743272e+00 1.29141785338587351123e-02
8.59090909090909121915e+02 1.98949689777632654497e+00 1.22352568361896937854e-02
8.63787878787878753428e+02 1.98895964180509565722e+00 1.15563351385206524585e-02
8.68484848484848498629e+02 1.98842238583386476947e+00 1.08774134408516111316e-02
8.73181818181818243829e+02 1.98788512986263388171e+00 1.01990246757164542551e-02
8.77878787878787875343e+02 1.98734787389140299396e+00 9.52063591058129737865e-03
8.82575757575757620543e+02 1.98681061792017210621e+00 8.84243739970000559858e-03
8.87272727272727252057e+02 1.98627336194894121846e+00 8.16423888881871381851e-03
8.91969696969696997257e+02 1.98573610597771033071e+00 7.48604037793742203843e-03
8.96666666666666742458e+02 1.98519885000647944295e+00 6.80784186705612939100e-03
9.01363636363636373972e+02 1.98466159403524855520e+00 6.12964335617483674357e-03
9.06060606060606005485e+02 1.98412433806401766745e+00 5.45279650488842120709e-03
9.10757575757575750686e+02 1.98358708209278677970e+00 4.77594965360200567062e-03
9.15454545454545495886e+02 1.98304982612155589194e+00 4.11356133196310539551e-03
9.20151515151515241087e+02 1.98251257015032500419e+00 3.45117301032420555409e-03
9.24848484848484872600e+02 1.98197531417909411644e+00 2.84232059213053445124e-03
9.29545454545454504114e+02 1.98143805820786322869e+00 2.23346817393686334838e-03
9.34242424242424249314e+02 1.98090080223663234094e+00 1.62461575574319246236e-03
9.38939393939393994515e+02 1.98036354626540145318e+00 1.24820403335038857678e-03
9.43636363636363739715e+02 1.97982629029417056543e+00 8.71792310957584691208e-04
9.48333333333333371229e+02 1.97928903432293967768e+00 4.95380588564780914053e-04
9.53030303030303002743e+02 1.97875177835170878993e+00 3.31802462261748321633e-04
9.57727272727272747943e+02 1.97821452238047790217e+00 1.68224335958715729214e-04
9.62424242424242493144e+02 1.97767726640924701442e+00 4.64620965568312747717e-06
9.67121212121212124657e+02 1.97714001043801612667e+00 4.06097623811534740848e-06
9.71818181818181869858e+02 1.97660275446678523892e+00 3.47574282054756733979e-06
9.76515151515151501371e+02 1.97606549849555435117e+00 2.89050940297978727110e-06
9.81212121212121246572e+02 1.97552824252432346341e+00 2.31240665384432114504e-06
9.85909090909090991772e+02 1.97499098655309257566e+00 1.73430390470885501897e-06
9.90606060606060623286e+02 1.97445373058186168791e+00 1.15620115557338868114e-06
9.95303030303030254800e+02 1.97391647461063080016e+00 5.78098406437922343316e-07
1.00000000000000000000e+03 1.97337921863939991240e+00 1.35467993783018421051e-12


TRANSMITTANCE WITH THE ESTIMATED THICKNESSES AND OPTICAL PARAMETERS

lambda                     t
5.35000000000000000000e+02 8.35796038187764933625e-01
5.39696969696969745200e+02 8.41403133573558892344e-01
5.44393939393939376714e+02 8.46938940907499437927e-01
5.49090909090909121915e+02 8.52378333640953833594e-01
5.53787878787878753428e+02 8.57697907465704845187e-01
5.58484848484848498629e+02 8.62876033814529819210e-01
5.63181818181818130142e+02 8.67892903003450455479e-01
5.67878787878787875343e+02 8.72730555803339025367e-01
5.72575757575757620543e+02 8.75896409862881641928e-01
5.77272727272727252057e+02 8.78069543446514444440e-01
5.81969696969696997257e+02 8.80031042179836631156e-01
5.86666666666666628771e+02 8.81774803460916523079e-01
5.91363636363636373972e+02 8.83296467408173802127e-01
5.96060606060606005485e+02 8.84593319025206992201e-01
6.00757575757575750686e+02 8.85665223196018258633e-01
6.05454545454545495886e+02 8.86511384333531715640e-01
6.10151515151515127400e+02 8.87133376839684961723e-01
6.14848484848484872600e+02 8.87533978986826843638e-01
6.19545454545454504114e+02 8.87717057019034139209e-01
6.24242424242424249314e+02 8.87687449629882774360e-01
6.28939393939393994515e+02 8.87450854021651136527e-01
6.33636363636363626028e+02 8.87013714626803784213e-01
6.38333333333333371229e+02 8.86383115450801839508e-01
6.43030303030303002743e+02 8.85566676862154289473e-01
6.47727272727272747943e+02 8.84572457517474486366e-01
6.52424242424242493144e+02 8.83408861971703540661e-01
6.57121212121212124657e+02 8.82084554389244823724e-01
6.61818181818181869858e+02 8.80608378644072375963e-01
6.66515151515151501371e+02 8.78989284978195839493e-01
6.71212121212121246572e+02 8.77236263279901340439e-01
6.75909090909090878085e+02 8.75358282947054755496e-01
6.80606060606060623286e+02 8.73364239217195637011e-01
6.85303030303030254800e+02 8.71262905775200047209e-01
6.90000000000000000000e+02 8.69062893390755264456e-01
6.94696969696969745200e+02 8.66794896649385360199e-01
6.99393939393939376714e+02 8.64444201545038870549e-01
7.04090909090909121915e+02 8.62634584177792707038e-01
7.08787878787878753428e+02 8.60741048103371375610e-01
7.13484848484848498629e+02 8.58852279510463056944e-01
7.18181818181818243829e+02 8.56892255991872908716e-01
7.22878787878787875343e+02 8.54868031660057092758e-01
7.27575757575757620543e+02 8.52900736093791800307e-01
7.32272727272727252057e+02 8.50879429028887135367e-01
7.36969696969696997257e+02 8.49288633589828312331e-01
7.41666666666666742458e+02 8.47643430151472254686e-01
7.46363636363636373972e+02 8.45978669932809568266e-01
7.51060606060606005485e+02 8.44270346376706282143e-01
7.55757575757575750686e+02 8.42716569885606836543e-01
7.60454545454545495886e+02 8.41124858217052628895e-01
7.65151515151515127400e+02 8.39862478534726175639e-01
7.69848484848484872600e+02 8.38562893691941924068e-01
7.74545454545454504114e+02 8.37230808500366241454e-01
7.79242424242424249314e+02 8.35962338996916853873e-01
7.83939393939393994515e+02 8.34667862711060970504e-01
7.88636363636363626028e+02 8.33351442354084537278e-01
7.93333333333333371229e+02 8.32016918122911119937e-01
7.98030303030303002743e+02 8.30940578125947237886e-01
8.02727272727272747943e+02 8.29846866045432229875e-01
8.07424242424242493144e+02 8.28739171316256850730e-01
8.12121212121212124657e+02 8.28031917468588063436e-01
8.16818181818181756171e+02 8.27307891378106674551e-01
8.21515151515151501371e+02 8.26570182119184537761e-01
8.26212121212121246572e+02 8.25821703819558661230e-01
8.30909090909090991772e+02 8.25417205229542316758e-01
8.35606060606060623286e+02 8.25000130868404069062e-01
8.40303030303030254800e+02 8.24573127814816841941e-01
8.45000000000000000000e+02 8.24131445172151200218e-01
8.49696969696969745200e+02 8.23684817913180933324e-01
8.54393939393939490401e+02 8.23235449288700960047e-01
8.59090909090909121915e+02 8.22782872043289703612e-01
8.63787878787878753428e+02 8.22331604523423576047e-01
8.68484848484848498629e+02 8.21883456677119483835e-01
8.73181818181818243829e+02 8.21439176788612668290e-01
8.77878787878787875343e+02 8.21001298717305094677e-01
8.82575757575757620543e+02 8.20570957458544691931e-01
8.87272727272727252057e+02 8.20149849922344409414e-01
8.91969696969696997257e+02 8.19739237379410234929e-01
8.96666666666666742458e+02 8.19340286504399606393e-01
9.01363636363636373972e+02 8.18954074078881877341e-01
9.06060606060606005485e+02 8.18579340490317663992e-01
9.10757575757575750686e+02 8.18219282705657247057e-01
9.15454545454545495886e+02 8.17851027584783452085e-01
9.20151515151515241087e+02 8.17499399792958714173e-01
9.24848484848484872600e+02 8.17078619174672393655e-01
9.29545454545454504114e+02 8.16677022653137241193e-01
9.34242424242424249314e+02 8.16295109764876292147e-01
9.38939393939393994515e+02 8.15566102162456396663e-01
9.43636363636363739715e+02 8.14862826750734514647e-01
9.48333333333333371229e+02 8.14185406256917598711e-01
9.53030303030303002743e+02 8.13204922166640531422e-01
9.57727272727272747943e+02 8.12255014477880399326e-01
9.62424242424242493144e+02 8.11335501102134148965e-01
9.67121212121212124657e+02 8.10199530630485886817e-01
9.71818181818181869858e+02 8.09096876090528938086e-01
9.76515151515151501371e+02 8.08027145653601897024e-01
9.81212121212121246572e+02 8.06989923460716296333e-01
9.85909090909090991772e+02 8.05984803122167581257e-01
9.90606060606060623286e+02 8.05011357254633019842e-01
9.95303030303030254800e+02 8.04069149614107692159e-01
1.00000000000000000000e+03 8.03157736401631128231e-01


QUADRATIC ERROR = 3.789647e-05
