ESTIMATED THICKNESSES

Thickness of film 1 = 160.00 nm

ESTIMATED INFLEXION POINTS

Inflexion point of the absorption coefficient of film 1 = 300.00 nm

ESTIMATED REFRACTIVE INDICES AND ABSORPTION COEFFICIENTS

Film 1

lambda                     n                          kappa
3.00000000000000000000e+02 3.38761151132730375934e+00 3.32061035190903297565e-01
3.06976744186046516916e+02 3.24015068412289508615e+00 2.66841604798496945250e-01
3.13953488372093033831e+02 3.09268985701211196471e+00 2.01622174406090592935e-01
3.20930232558139550747e+02 2.94522902990132884327e+00 1.36402744013684268376e-01
3.27906976744186067663e+02 2.79776820279054572183e+00 7.11833136212779299390e-02
3.34883720930232584578e+02 2.65030737567976260038e+00 5.96388322887160017560e-03
3.41860465116279101494e+02 2.50284654856897947894e+00 5.96388322887160017560e-03
3.48837209302325561566e+02 2.47140335657486609477e+00 5.96388322887160017560e-03
3.55813953488372078482e+02 2.43996016458075271061e+00 5.96388322887160017560e-03
3.62790697674418595398e+02 2.40851697258663932644e+00 5.96388322887160017560e-03
3.69767441860465112313e+02 2.37707378059252594227e+00 5.96388322887160017560e-03
3.76744186046511629229e+02 2.34563058859841255810e+00 5.96388322887160017560e-03
3.83720930232558146145e+02 2.31418739660429917393e+00 5.96388322887160017560e-03
3.90697674418604663060e+02 2.28274420461018578976e+00 5.96388322887160017560e-03
3.97674418604651179976e+02 2.25130101261607240559e+00 5.96388322887160017560e-03
4.04651162790697640048e+02 2.21985782062195902142e+00 5.96388322887160017560e-03
4.11627906976744156964e+02 2.18841462862784563725e+00 5.96388322887160017560e-03
4.18604651162790673879e+02 2.15697143663373225309e+00 5.96388322887160017560e-03
4.25581395348837190795e+02 2.12552824463961886892e+00 5.96388322887160017560e-03
4.32558139534883707711e+02 2.09408505264550548475e+00 5.96388322887160017560e-03
4.39534883720930224626e+02 2.06264186065139210058e+00 5.96388322887160017560e-03
4.46511627906976741542e+02 2.03119866865727871641e+00 5.96388322887160017560e-03
4.53488372093023258458e+02 2.03119866865727871641e+00 5.96388322887160017560e-03
4.60465116279069775374e+02 2.03119866865727871641e+00 5.96388322887160017560e-03
4.67441860465116292289e+02 2.03119866865727871641e+00 5.96388322887160017560e-03
4.74418604651162809205e+02 2.03119866865727871641e+00 5.96388322887160017560e-03
4.81395348837209326121e+02 2.03119866865727871641e+00 5.96388322887160017560e-03
4.88372093023255843036e+02 2.03119866865727871641e+00 5.96388322887160017560e-03
4.95348837209302359952e+02 2.03119866865727871641e+00 5.96388322887160017560e-03
5.02325581395348876868e+02 2.03119866865727871641e+00 5.96388322887160017560e-03
5.09302325581395336940e+02 2.03119866865727871641e+00 5.96388322887160017560e-03
5.16279069767441797012e+02 2.03119866865727871641e+00 5.96388322887160017560e-03
5.23255813953488313928e+02 2.03119866865727871641e+00 5.96388322887160017560e-03
5.30232558139534830843e+02 2.03119866865727871641e+00 5.96388322887160017560e-03
5.37209302325581347759e+02 2.03119866865727871641e+00 5.96388322887160017560e-03
5.44186046511627864675e+02 2.03119866865727871641e+00 5.96388322887160017560e-03
5.51162790697674381590e+02 2.03119866865727871641e+00 5.96388322887160017560e-03
5.58139534883720898506e+02 2.03119866865727871641e+00 5.96388322887160017560e-03
5.65116279069767415422e+02 2.03119866865727871641e+00 5.96388322887160017560e-03
5.72093023255813932337e+02 2.03119866865727871641e+00 5.96388322887160017560e-03
5.79069767441860449253e+02 2.03119866865727871641e+00 5.96388322887160017560e-03
5.86046511627906966169e+02 2.03119866865727871641e+00 5.96388322887160017560e-03
5.93023255813953483084e+02 2.03119866865727871641e+00 5.96388322887160017560e-03
6.00000000000000000000e+02 2.03119866865727871641e+00 5.96388322887160017560e-03
6.06976744186046516916e+02 2.03119866865727871641e+00 5.96388322887160017560e-03
6.13953488372093033831e+02 2.03119866865727871641e+00 5.96388322887160017560e-03
6.20930232558139550747e+02 2.03119866865727871641e+00 5.96388322887160017560e-03
6.27906976744186067663e+02 2.03119866865727871641e+00 5.96388322887160017560e-03
6.34883720930232584578e+02 2.03119866865727871641e+00 5.96388322887160017560e-03
6.41860465116279101494e+02 2.03119866865727871641e+00 5.96388322887160017560e-03
6.48837209302325618410e+02 2.03119866865727871641e+00 5.96388322887160017560e-03
6.55813953488372135325e+02 2.03119866865727871641e+00 5.96388322887160017560e-03
6.62790697674418652241e+02 2.03119866865727871641e+00 5.96388322887160017560e-03
6.69767441860465169157e+02 2.03119866865727871641e+00 5.96388322887160017560e-03
6.76744186046511686072e+02 2.03119866865727871641e+00 5.96388322887160017560e-03
6.83720930232558202988e+02 2.03119866865727871641e+00 5.96388322887160017560e-03
6.90697674418604719904e+02 2.03119866865727871641e+00 5.96388322887160017560e-03
6.97674418604651236819e+02 2.03119866865727871641e+00 5.96388322887160017560e-03
7.04651162790697753735e+02 2.03119866865727871641e+00 5.96388322887160017560e-03
7.11627906976744156964e+02 2.03119866865727871641e+00 5.96388322887160017560e-03
7.18604651162790673879e+02 2.03119866865727871641e+00 5.96388322887160017560e-03
7.25581395348837190795e+02 2.03119866865727871641e+00 5.96388322887160017560e-03
7.32558139534883707711e+02 2.03119866865727871641e+00 5.96388322887160017560e-03
7.39534883720930224626e+02 2.03119866865727871641e+00 5.96388322887160017560e-03
7.46511627906976741542e+02 2.03119866865727871641e+00 5.96388322887160017560e-03
7.53488372093023258458e+02 2.03119866865727871641e+00 5.96388322887160017560e-03
7.60465116279069775374e+02 2.03119866865727871641e+00 5.96388322887160017560e-03
7.67441860465116292289e+02 2.03119866865727871641e+00 5.96388322887160017560e-03
7.74418604651162809205e+02 2.03119866865727871641e+00 5.96388322887160017560e-03
7.81395348837209326121e+02 2.03119866865727871641e+00 5.96388322887160017560e-03
7.88372093023255729349e+02 2.03119866865727871641e+00 5.96388322887160017560e-03
7.95348837209302246265e+02 2.03119866865727871641e+00 5.96388322887160017560e-03
8.02325581395348763181e+02 2.03119866865727871641e+00 5.96388322887160017560e-03
8.09302325581395280096e+02 2.03119866865727871641e+00 5.96388322887160017560e-03
8.16279069767441910699e+02 2.03119866865727871641e+00 5.96388322887160017560e-03
8.23255813953488313928e+02 2.03119866865727871641e+00 5.96388322887160017560e-03
8.30232558139534830843e+02 2.03119866865727871641e+00 5.96388322887160017560e-03
8.37209302325581347759e+02 2.03119866865727871641e+00 5.96388322887160017560e-03
8.44186046511627864675e+02 2.03119866865727871641e+00 5.96388322887160017560e-03
8.51162790697674381590e+02 2.03119866865727871641e+00 5.96388322887160017560e-03
8.58139534883720898506e+02 2.03119866865727871641e+00 5.96388322887160017560e-03
8.65116279069767415422e+02 2.03119866865727871641e+00 5.96388322887160017560e-03
8.72093023255813932337e+02 2.03119866865727871641e+00 5.96388322887160017560e-03
8.79069767441860449253e+02 2.03119866865727871641e+00 5.96388322887160017560e-03
8.86046511627906966169e+02 2.03119866865727871641e+00 5.96388322887160017560e-03
8.93023255813953483084e+02 2.03119866865727871641e+00 5.96388322887160017560e-03
9.00000000000000000000e+02 2.03119866865727871641e+00 5.96388322887160017560e-03
9.06976744186046516916e+02 2.03119866865727871641e+00 5.96388322887160017560e-03
9.13953488372093033831e+02 2.03119866865727871641e+00 5.96388322887160017560e-03
9.20930232558139550747e+02 2.03119866865727871641e+00 5.96388322887160017560e-03
9.27906976744186067663e+02 2.03119866865727871641e+00 5.96388322887160017560e-03
9.34883720930232584578e+02 2.03119866865727871641e+00 5.96388322887160017560e-03
9.41860465116279101494e+02 2.03119866865727871641e+00 5.96388322887160017560e-03
9.48837209302325618410e+02 2.03119866865727871641e+00 5.96388322887160017560e-03
9.55813953488372135325e+02 2.03119866865727871641e+00 5.96388322887160017560e-03
9.62790697674418652241e+02 2.03119866865727871641e+00 5.96388322887160017560e-03
9.69767441860465169157e+02 2.03119866865727871641e+00 5.96388322887160017560e-03
9.76744186046511572385e+02 2.03119866865727871641e+00 5.96388322887160017560e-03
9.83720930232558089301e+02 2.03119866865727871641e+00 5.96388322887160017560e-03
9.90697674418604606217e+02 2.03119866865727871641e+00 5.96388322887160017560e-03
9.97674418604651123132e+02 2.03119866865727871641e+00 5.96388322887160017560e-03
1.00465116279069764005e+03 2.03119866865727871641e+00 5.96388322887160017560e-03
1.01162790697674415696e+03 2.03119866865727871641e+00 5.96388322887160017560e-03
1.01860465116279067388e+03 2.03119866865727871641e+00 5.96388322887160017560e-03
1.02558139534883730448e+03 2.03119866865727871641e+00 5.96388322887160017560e-03
1.03255813953488359402e+03 2.03119866865727871641e+00 5.96388322887160017560e-03
1.03953488372093033831e+03 2.03119866865727871641e+00 5.96388322887160017560e-03
1.04651162790697662786e+03 2.03119866865727871641e+00 5.96388322887160017560e-03
1.05348837209302337214e+03 2.03119866865727871641e+00 5.96388322887160017560e-03
1.06046511627906966169e+03 2.03119866865727871641e+00 5.96388322887160017560e-03
1.06744186046511640598e+03 2.03119866865727871641e+00 5.96388322887160017560e-03
1.07441860465116269552e+03 2.03119866865727871641e+00 5.96388322887160017560e-03
1.08139534883720943981e+03 2.03119866865727871641e+00 5.96388322887160017560e-03
1.08837209302325572935e+03 2.03119866865727871641e+00 5.96388322887160017560e-03
1.09534883720930247364e+03 2.03119866865727871641e+00 5.96388322887160017560e-03
1.10232558139534876318e+03 2.03119866865727871641e+00 5.96388322887160017560e-03
1.10930232558139550747e+03 2.03119866865727871641e+00 5.96388322887160017560e-03
1.11627906976744179701e+03 2.03119866865727871641e+00 5.96388322887160017560e-03
1.12325581395348831393e+03 2.03119866865727871641e+00 5.96388322887160017560e-03
1.13023255813953483084e+03 2.03119866865727871641e+00 5.96388322887160017560e-03
1.13720930232558134776e+03 2.03119866865727871641e+00 5.96388322887160017560e-03
1.14418604651162786467e+03 2.03119866865727871641e+00 5.96388322887160017560e-03
1.15116279069767438159e+03 2.03119866865727871641e+00 5.96388322887160017560e-03
1.15813953488372089851e+03 2.03119866865727871641e+00 5.96388322887160017560e-03
1.16511627906976741542e+03 2.03119866865727871641e+00 5.96388322887160017560e-03
1.17209302325581393234e+03 2.03119866865727871641e+00 5.96388322887160017560e-03
1.17906976744186044925e+03 2.03119866865727871641e+00 5.96388322887160017560e-03
1.18604651162790696617e+03 2.03119866865727871641e+00 5.96388322887160017560e-03
1.19302325581395348308e+03 2.03119866865727871641e+00 5.96388322887160017560e-03
1.20000000000000000000e+03 2.03119866865727871641e+00 5.96388322887160017560e-03


TRANSMITTANCE WITH THE ESTIMATED THICKNESSES AND OPTICAL PARAMETERS

lambda                     t
3.00000000000000000000e+02 6.12262737629329992228e-02
3.06976744186046516916e+02 1.00174278707098080021e-01
3.13953488372093033831e+02 1.80335117924535132117e-01
3.20930232558139550747e+02 3.16053345034827015692e-01
3.27906976744186067663e+02 4.34709157080424679620e-01
3.34883720930232584578e+02 5.61128436025674304233e-01
3.41860465116279101494e+02 6.43320339194908275005e-01
3.48837209302325561566e+02 7.02341300362864795481e-01
3.55813953488372078482e+02 7.68361575036378918746e-01
3.62790697674418595398e+02 8.27875257669461572796e-01
3.69767441860465112313e+02 8.67287890138351391656e-01
3.76744186046511629229e+02 8.79417917606141408271e-01
3.83720930232558146145e+02 8.66851620017054957934e-01
3.90697674418604663060e+02 8.38873054217161961965e-01
3.97674418604651179976e+02 8.05694103847966580645e-01
4.04651162790697640048e+02 7.74826416850704857708e-01
4.11627906976744156964e+02 7.50452037313572906108e-01
4.18604651162790673879e+02 7.34259537544404650156e-01
4.25581395348837190795e+02 7.26446918055774104594e-01
4.32558139534883707711e+02 7.26421837835852346466e-01
4.39534883720930224626e+02 7.33186058576103083517e-01
4.46511627906976741542e+02 7.45515110801989733247e-01
4.53488372093023258458e+02 7.48552155464740631707e-01
4.60465116279069775374e+02 7.52612789260438508343e-01
4.67441860465116292289e+02 7.57570432065045928915e-01
4.74418604651162809205e+02 7.63300877277406253363e-01
4.81395348837209326121e+02 7.69683006870352293127e-01
4.88372093023255843036e+02 7.76599332110984086341e-01
4.95348837209302359952e+02 7.83936456071190113093e-01
5.02325581395348876868e+02 7.91585514515736332619e-01
5.09302325581395336940e+02 7.99442623280371744698e-01
5.16279069767441797012e+02 8.07409340099665806534e-01
5.23255813953488313928e+02 8.15393135041500682902e-01
5.30232558139534830843e+02 8.23307854843931652411e-01
5.37209302325581347759e+02 8.31074161507167397112e-01
5.44186046511627864675e+02 8.38619923688214696789e-01
5.51162790697674381590e+02 8.45880540137163849934e-01
5.58139534883720898506e+02 8.52799177033648714286e-01
5.65116279069767415422e+02 8.59326905097599902383e-01
5.72093023255813932337e+02 8.65422727252082024663e-01
5.79069767441860449253e+02 8.71053492928901662573e-01
5.86046511627906966169e+02 8.76193700394938712606e-01
5.93023255813953483084e+02 8.80825193365898151399e-01
6.00000000000000000000e+02 8.84936762370270302291e-01
6.06976744186046516916e+02 8.88523664625096243341e-01
6.13953488372093033831e+02 8.91587078475092997820e-01
6.20930232558139550747e+02 8.94133509704630125015e-01
6.27906976744186067663e+02 8.96174167311898695054e-01
6.34883720930232584578e+02 8.97724325750785090428e-01
6.41860465116279101494e+02 8.98802689354304740199e-01
6.48837209302325618410e+02 8.99430772831831260028e-01
6.55813953488372135325e+02 8.99632309562880538856e-01
6.62790697674418652241e+02 8.99432697064770581008e-01
6.69767441860465169157e+02 8.98858486640877751839e-01
6.76744186046511686072e+02 8.97936921943847332628e-01
6.83720930232558202988e+02 8.96695529106760313987e-01
6.90697674418604719904e+02 8.95161759267698031728e-01
6.97674418604651236819e+02 8.93362682774504368588e-01
7.04651162790697753735e+02 8.91324733118463607973e-01
7.11627906976744156964e+02 8.89073497701096115975e-01
7.18604651162790673879e+02 8.86633551866610303271e-01
7.25581395348837190795e+02 8.84028332203898870034e-01
7.32558139534883707711e+02 8.81280044901562309434e-01
7.39534883720930224626e+02 8.78409604890630912877e-01
7.46511627906976741542e+02 8.75436601596661145841e-01
7.53488372093023258458e+02 8.72379287312341933358e-01
7.60465116279069775374e+02 8.69254584463964863339e-01
7.67441860465116292289e+02 8.66078108354596198915e-01
7.74418604651162809205e+02 8.62864202302330074446e-01
7.81395348837209326121e+02 8.59625982436691638000e-01
7.88372093023255729349e+02 8.56375389757009553016e-01
7.95348837209302246265e+02 8.53123247383792193688e-01
8.02325581395348763181e+02 8.49879321241047702706e-01
8.09302325581395280096e+02 8.46652382689903060253e-01
8.16279069767441910699e+02 8.43450271889411684612e-01
8.23255813953488313928e+02 8.40279960888272725583e-01
8.30232558139534830843e+02 8.37147615651657739377e-01
8.37209302325581347759e+02 8.34058656401548637049e-01
8.44186046511627864675e+02 8.31017815798600123500e-01
8.51162790697674381590e+02 8.28029194620538588900e-01
8.58139534883720898506e+02 8.25096314698699151435e-01
8.65116279069767415422e+02 8.22222168962662203207e-01
8.72093023255813932337e+02 8.19409268515255639898e-01
8.79069767441860449253e+02 8.16659686718590571708e-01
8.86046511627906966169e+02 8.13975100318097610774e-01
8.93023255813953483084e+02 8.11356827667622293454e-01
9.00000000000000000000e+02 8.08805864146034059203e-01
9.06976744186046516916e+02 8.06322914875975627069e-01
9.13953488372093033831e+02 8.03908424869476223584e-01
9.20930232558139550747e+02 8.01562606734435467715e-01
9.27906976744186067663e+02 7.99285466081145368200e-01
9.34883720930232584578e+02 7.97076824770093450567e-01
9.41860465116279101494e+02 7.94936342141771556946e-01
9.48837209302325618410e+02 7.92863534366792022112e-01
9.55813953488372135325e+02 7.90857792050679409002e-01
9.62790697674418652241e+02 7.88918396222707873910e-01
9.69767441860465169157e+02 7.87044532832381182885e-01
9.76744186046511572385e+02 7.85235305870878974588e-01
9.83720930232558089301e+02 7.83489749228208021137e-01
9.90697674418604606217e+02 7.81806837390121911469e-01
9.97674418604651123132e+02 7.80185495072151069529e-01
1.00465116279069764005e+03 7.78624605881502840354e-01
1.01162790697674415696e+03 7.77123020091172733714e-01
1.01860465116279067388e+03 7.75679561604409761877e-01
1.02558139534883730448e+03 7.74293034181792516613e-01
1.03255813953488359402e+03 7.72962226997529699979e-01
1.03953488372093033831e+03 7.71685919586318935792e-01
1.04651162790697662786e+03 7.70462886237108457443e-01
1.05348837209302337214e+03 7.69291899885437668871e-01
1.06046511627906966169e+03 7.68171735551709033984e-01
1.06744186046511640598e+03 7.67101173368675448572e-01
1.07441860465116269552e+03 7.66079001237711443295e-01
1.08139534883720943981e+03 7.65104017149951687315e-01
1.08837209302325572935e+03 7.64175031205218457941e-01
1.09534883720930247364e+03 7.63290867358678348786e-01
1.10232558139534876318e+03 7.62450364922514278732e-01
1.10930232558139550747e+03 7.61652379847383431688e-01
1.11627906976744179701e+03 7.60895785806179558719e-01
1.12325581395348831393e+03 7.60179475100534629561e-01
1.13023255813953483084e+03 7.59502359408588789691e-01
1.13720930232558134776e+03 7.58863370390837954638e-01
1.14418604651162786467e+03 7.58261460169264100983e-01
1.15116279069767438159e+03 7.57695601693530784715e-01
1.15813953488372089851e+03 7.57164789006691041351e-01
1.16511627906976741542e+03 7.56668037421683870036e-01
1.17209302325581393234e+03 7.56204383618781839083e-01
1.17906976744186044925e+03 7.55772885673178573818e-01
1.18604651162790696617e+03 7.55372623021006606159e-01
1.19302325581395348308e+03 7.55002696371247949969e-01
1.20000000000000000000e+03 7.54662227570273569377e-01


QUADRATIC ERROR = 8.615628e-02
