ESTIMATED THICKNESSES

Thickness of film 1 = 145.00 nm

ESTIMATED INFLEXION POINTS

Inflexion point of the absorption coefficient of film 1 = 285.00 nm

ESTIMATED REFRACTIVE INDICES AND ABSORPTION COEFFICIENTS

Film 1

lambda                     n                          kappa
2.85000000000000000000e+02 2.78748362558427853486e+00 1.11562951197054638364e+00
2.95210084033613441079e+02 2.76665290730570934130e+00 7.24365065498780102970e-01
3.05420168067226882158e+02 2.74582218902714014774e+00 3.33100619027013822304e-01
3.15630252100840323237e+02 2.72499147074857095419e+00 1.96650524395264508781e-01
3.25840336134453764316e+02 2.70416075247000176063e+00 6.02004297635151952583e-02
3.36050420168067205395e+02 2.68333003419143256707e+00 3.51733152833619000521e-02
3.46260504201680646474e+02 2.66249931591286337351e+00 1.01462008032086065806e-02
3.56470588235294144397e+02 2.64166859763429417995e+00 8.11696064256688457061e-03
3.66680672268907528633e+02 2.62083787935572498640e+00 6.08772048192516256060e-03
3.76890756302521026555e+02 2.60000716107715579284e+00 4.05848032128344141795e-03
3.87100840336134410791e+02 2.57917644279858659928e+00 2.02924016064172070897e-03
3.97310924369747908713e+02 2.55834572452001740572e+00 3.62231269955893854425e-21
4.07521008403361349792e+02 2.53751500624144821217e+00 3.58476374243975657310e-21
4.17731092436974790871e+02 2.51668428796287901861e+00 3.54721478532057460195e-21
4.27941176470588231950e+02 2.49585356968430982505e+00 3.50966582820139263081e-21
4.38151260504201673029e+02 2.47502285140574063149e+00 3.47211687108221065966e-21
4.48361344537815114109e+02 2.45419213312717143793e+00 3.43456791396302868852e-21
4.58571428571428555188e+02 2.43336141484860224438e+00 3.39701895684384671737e-21
4.68781512605041996267e+02 2.41253069657003305082e+00 3.35946999972466512238e-21
4.78991596638655437346e+02 2.41253069657003305082e+00 3.32192104260548315124e-21
4.89201680672268878425e+02 2.41253069657003305082e+00 3.28437208548630118009e-21
4.99411764705882319504e+02 2.41253069657003305082e+00 3.24682312836711920895e-21
5.09621848739495817426e+02 2.41253069657003305082e+00 3.20927417124793723780e-21
5.19831932773109201662e+02 2.41253069657003305082e+00 3.17172521412875526665e-21
5.30042016806722699584e+02 2.41253069657003305082e+00 3.13417625700957329551e-21
5.40252100840336083820e+02 2.41253069657003305082e+00 3.09662729989039132436e-21
5.50462184873949581743e+02 2.41253069657003305082e+00 3.05907834277120935322e-21
5.60672268907562965978e+02 2.41253069657003305082e+00 3.02152938565202738207e-21
5.70882352941176463901e+02 2.41253069657003305082e+00 2.98398042853284541093e-21
5.81092436974789961823e+02 2.41253069657003305082e+00 2.94643147141366343978e-21
5.91302521008403346059e+02 2.41253069657003305082e+00 2.90888251429448146863e-21
6.01512605042016730295e+02 2.41253069657003305082e+00 2.87133355717529949749e-21
6.11722689075630228217e+02 2.41253069657003305082e+00 2.83378460005611752634e-21
6.21932773109243726140e+02 2.41253069657003305082e+00 2.79623564293693555520e-21
6.32142857142857110375e+02 2.41253069657003305082e+00 2.75868668581775358405e-21
6.42352941176470494611e+02 2.41253069657003305082e+00 2.72113772869857161291e-21
6.52563025210083992533e+02 2.41253069657003305082e+00 2.68358877157938964176e-21
6.62773109243697490456e+02 2.41253069657003305082e+00 2.64603981446020767061e-21
6.72983193277310874691e+02 2.41253069657003305082e+00 2.60849085734102569947e-21
6.83193277310924258927e+02 2.41253069657003305082e+00 2.57094190022184372832e-21
6.93403361344537756850e+02 2.41253069657003305082e+00 2.53339294310266175718e-21
7.03613445378151254772e+02 2.41253069657003305082e+00 2.49584398598347978603e-21
7.13823529411764639008e+02 2.41253069657003305082e+00 2.45829502886429781489e-21
7.24033613445378136930e+02 2.41253069657003305082e+00 2.42561532372313150902e-21
7.34243697478991634853e+02 2.41253069657003305082e+00 2.39293561858196520315e-21
7.44453781512605019088e+02 2.41253069657003305082e+00 2.36025591344079889728e-21
7.54663865546218403324e+02 2.41253069657003305082e+00 2.32757620856215790769e-21
7.64873949579831901247e+02 2.41253069657003305082e+00 2.29489650368351691809e-21
7.75084033613445399169e+02 2.41253069657003305082e+00 2.26221679880487592850e-21
7.85294117647058783405e+02 2.41253069657003305082e+00 2.22953709392623493891e-21
7.95504201680672167640e+02 2.41253069657003305082e+00 2.19685738904759394932e-21
8.05714285714285665563e+02 2.41253069657003305082e+00 2.16417768416895295973e-21
8.15924369747899163485e+02 2.41253069657003305082e+00 2.13149797929031197014e-21
8.26134453781512547721e+02 2.41253069657003305082e+00 2.09881827441167098055e-21
8.36344537815126045643e+02 2.41253069657003305082e+00 2.06613856953302999096e-21
8.46554621848739429879e+02 2.41253069657003305082e+00 2.03345886465438900137e-21
8.56764705882352927802e+02 2.41253069657003305082e+00 2.00077915977574801177e-21
8.66974789915966312037e+02 2.41253069657003305082e+00 1.96809945489710702218e-21
8.77184873949579809960e+02 2.41253069657003305082e+00 1.93546147323942539162e-21
8.87394957983193194195e+02 2.41253069657003305082e+00 1.90282349158174376106e-21
8.97605042016806692118e+02 2.41253069657003305082e+00 1.87018550992406213050e-21
9.07815126050420076353e+02 2.41253069657003305082e+00 1.83754752826638049994e-21
9.18025210084033574276e+02 2.41253069657003305082e+00 1.80490954660869886938e-21
9.28235294117646958512e+02 2.41253069657003305082e+00 1.77227156495101723883e-21
9.38445378151260456434e+02 2.41253069657003305082e+00 1.73963358329333560827e-21
9.48655462184873954357e+02 2.41253069657003305082e+00 1.70699560163565397771e-21
9.58865546218487338592e+02 2.41253069657003305082e+00 1.67435761997797253522e-21
9.69075630252100836515e+02 2.41253069657003305082e+00 1.64171967920019576095e-21
9.79285714285714220750e+02 2.41253069657003305082e+00 1.60908173842241898668e-21
9.89495798319327718673e+02 2.41253069657003305082e+00 1.57644379766056103902e-21
9.99705882352941102909e+02 2.41253069657003305082e+00 1.54380585689870309137e-21
1.00991596638655460083e+03 2.41253069657003305082e+00 1.51116791613684514371e-21
1.02012605042016798507e+03 2.41253069657003305082e+00 1.47852997537498719606e-21
1.03033613445378159668e+03 2.41253069657003305082e+00 1.44589203461312924840e-21
1.04054621848739498091e+03 2.41253069657003305082e+00 1.41325467986800843697e-21
1.05075630252100836515e+03 2.41253069657003305082e+00 1.38061732512288762554e-21
1.06096638655462174938e+03 2.41253069657003305082e+00 1.34797997542111830931e-21
1.07117647058823513362e+03 2.41253069657003305082e+00 1.31534262571934899307e-21
1.08138655462184851785e+03 2.41253069657003305082e+00 1.28270527601757967684e-21
1.09159663865546212946e+03 2.41253069657003305082e+00 1.25006792631581036060e-21
1.10180672268907551370e+03 2.41253069657003305082e+00 1.21743057876750324881e-21
1.11201680672268912531e+03 2.41253069657003305082e+00 1.18479323121919613701e-21
1.12222689075630250954e+03 2.41253069657003305082e+00 1.15215588367088902521e-21
1.13243697478991589378e+03 2.41253069657003305082e+00 1.11951853612260260211e-21
1.14264705882352927802e+03 2.41253069657003305082e+00 1.08688118857431617901e-21
1.15285714285714266225e+03 2.41253069657003305082e+00 1.05424384102602975592e-21
1.16306722689075627386e+03 2.41253069657003305082e+00 1.02160649347774333282e-21
1.17327731092436965810e+03 2.41253069657003305082e+00 9.88969145951700648263e-22
1.18348739495798326971e+03 2.41253069657003305082e+00 9.56331798425657963706e-22
1.19369747899159665394e+03 2.41253069657003305082e+00 9.23694450899615279150e-22
1.20390756302521003818e+03 2.41253069657003305082e+00 8.91057103373572594593e-22
1.21411764705882342241e+03 2.41253069657003305082e+00 8.58419755847529910037e-22
1.22432773109243680665e+03 2.41253069657003305082e+00 8.25782408321506315509e-22
1.23453781512605019088e+03 2.41253069657003305082e+00 7.93145060795482815020e-22
1.24474789915966380249e+03 2.41253069657003305082e+00 7.60507713269459314532e-22
1.25495798319327718673e+03 2.41253069657003305082e+00 7.27870365743435814043e-22
1.26516806722689079834e+03 2.41253069657003305082e+00 6.95233018217412313554e-22
1.27537815126050418257e+03 2.41253069657003305082e+00 6.62595670691422949422e-22
1.28558823529411756681e+03 2.41253069657003305082e+00 6.29958323165433585289e-22
1.29579831932773095104e+03 2.41253069657003305082e+00 5.97320975639444221157e-22
1.30600840336134433528e+03 2.41253069657003305082e+00 5.64683628113454857024e-22
1.31621848739495794689e+03 2.41253069657003305082e+00 5.32046280587465492891e-22
1.32642857142857133113e+03 2.41253069657003305082e+00 4.99408933061476128759e-22
1.33663865546218471536e+03 2.41253069657003305082e+00 4.68195874745133829569e-22
1.34684873949579832697e+03 2.41253069657003305082e+00 4.36982816428791530379e-22
1.35705882352941171121e+03 2.41253069657003305082e+00 4.05769758112449278209e-22
1.36726890756302509544e+03 2.41253069657003305082e+00 3.74556699796107026039e-22
1.37747899159663847968e+03 2.41253069657003305082e+00 3.43343641479764773869e-22
1.38768907563025209129e+03 2.41253069657003305082e+00 3.12130583163422521699e-22
1.39789915966386547552e+03 2.41253069657003305082e+00 2.80917524847080269529e-22
1.40810924369747885976e+03 2.41253069657003305082e+00 2.49704466530738017360e-22
1.41831932773109224399e+03 2.41253069657003305082e+00 2.18491408214395765190e-22
1.42852941176470585560e+03 2.41253069657003305082e+00 1.87278349898053513020e-22
1.43873949579831923984e+03 2.41253069657003305082e+00 1.56065291581711260850e-22
1.44894957983193262407e+03 2.41253069657003305082e+00 1.24852233265369008680e-22
1.45915966386554623568e+03 2.41253069657003305082e+00 9.36391749490267565098e-23
1.46936974789915961992e+03 2.41253069657003305082e+00 6.24261166326845043399e-23
1.47957983193277300416e+03 2.41253069657003305082e+00 3.12130583163422521699e-23
1.48978991596638638839e+03 2.41253069657003305082e+00 1.15810118921087998872e-70
1.50000000000000000000e+03 2.41253069657003305082e+00 1.15810118921087998872e-70


TRANSMITTANCE WITH THE ESTIMATED THICKNESSES AND OPTICAL PARAMETERS

lambda                     t
2.85000000000000000000e+02 5.48574388740481234950e-04
2.95210084033613441079e+02 7.90020048308316853725e-03
3.05420168067226882158e+02 9.29947631410446839961e-02
3.15630252100840323237e+02 2.07156580060357004003e-01
3.25840336134453764316e+02 4.33631540621643163380e-01
3.36050420168067205395e+02 5.33675385034867888479e-01
3.46260504201680646474e+02 6.83823109399856465807e-01
3.56470588235294144397e+02 7.76830364189261879382e-01
3.66680672268907528633e+02 8.54008239495563481469e-01
3.76890756302521026555e+02 8.91031155726974000153e-01
3.87100840336134410791e+02 8.82028680843633061670e-01
3.97310924369747908713e+02 8.41512692221324076769e-01
4.07521008403361349792e+02 7.82630561634665711246e-01
4.17731092436974790871e+02 7.29467968307077829770e-01
4.27941176470588231950e+02 6.87949446759232752235e-01
4.38151260504201673029e+02 6.59300872851319885726e-01
4.48361344537815114109e+02 6.42728786576598709601e-01
4.58571428571428555188e+02 6.36820831818873611674e-01
4.68781512605041996267e+02 6.40107474481547589207e-01
4.78991596638655437346e+02 6.42806256228531380792e-01
4.89201680672268878425e+02 6.49004477256542866570e-01
4.99411764705882319504e+02 6.58249742441607832433e-01
5.09621848739495817426e+02 6.70120753252211986961e-01
5.19831932773109201662e+02 6.84216105568534960213e-01
5.30042016806722699584e+02 7.00144665597350335240e-01
5.40252100840336083820e+02 7.17518505145222418307e-01
5.50462184873949581743e+02 7.35948868116029997211e-01
5.60672268907562965978e+02 7.55045330013714766082e-01
5.70882352941176463901e+02 7.74418069929506125426e-01
5.81092436974789961823e+02 7.93682943190355927321e-01
5.91302521008403346059e+02 8.12468812305995435885e-01
6.01512605042016730295e+02 8.30426382747319058453e-01
6.11722689075630228217e+02 8.47237631922922340699e-01
6.21932773109243726140e+02 8.62624849462340637096e-01
6.32142857142857110375e+02 8.76358348636020689781e-01
6.42352941176470494611e+02 8.88262066468362254668e-01
6.52563025210083992533e+02 8.98216524355105239152e-01
6.62773109243697490456e+02 9.06158932237002168186e-01
6.72983193277310874691e+02 9.12080537291245385667e-01
6.83193277310924258927e+02 9.16021593668565836666e-01
6.93403361344537756850e+02 9.18064526262272528889e-01
7.03613445378151254772e+02 9.18325960929052831361e-01
7.13823529411764639008e+02 9.16948297840913251200e-01
7.24033613445378136930e+02 9.14091431318346803181e-01
7.34243697478991634853e+02 9.09925095052597776579e-01
7.44453781512605019088e+02 9.04622164260009631320e-01
7.54663865546218403324e+02 8.98353100325712583540e-01
7.64873949579831901247e+02 8.91281596157755373611e-01
7.75084033613445399169e+02 8.83561381282039648433e-01
7.85294117647058783405e+02 8.75334077378160491101e-01
7.95504201680672167640e+02 8.66727955308058573003e-01
8.05714285714285665563e+02 8.57857428705916635892e-01
8.15924369747899163485e+02 8.48823120773537276307e-01
8.26134453781512547721e+02 8.39712354108906433581e-01
8.36344537815126045643e+02 8.30599933110093613386e-01
8.46554621848739429879e+02 8.21549110837388130157e-01
8.56764705882352927802e+02 8.12612654459444083699e-01
8.66974789915966312037e+02 8.03833943854868282486e-01
8.77184873949579809960e+02 7.95248055691682775858e-01
8.87394957983193194195e+02 7.86882800040161978217e-01
8.97605042016806692118e+02 7.78759688341388756072e-01
9.07815126050420076353e+02 7.70894820624863696956e-01
9.18025210084033574276e+02 7.63299686619283490607e-01
9.28235294117646958512e+02 7.55981880236157199882e-01
9.38445378151260456434e+02 7.48945730214579663553e-01
9.48655462184873954357e+02 7.42192851843595402528e-01
9.58865546218487338592e+02 7.35722625920495976182e-01
9.69075630252100836515e+02 7.29532611699661215354e-01
9.79285714285714220750e+02 7.23618900728051572813e-01
9.89495798319327718673e+02 7.17976418297548879544e-01
9.99705882352941102909e+02 7.12599178881823780429e-01
1.00991596638655460083e+03 7.07480501447911969137e-01
1.02012605042016798507e+03 7.02613189998368192768e-01
1.03033613445378159668e+03 6.97989684149252664902e-01
1.04054621848739498091e+03 6.93602184009300959389e-01
1.05075630252100836515e+03 6.89442753113543194132e-01
1.06096638655462174938e+03 6.85503402690336827163e-01
1.07117647058823513362e+03 6.81776160109212270299e-01
1.08138655462184851785e+03 6.78253123969564719609e-01
1.09159663865546212946e+03 6.74926507946253750880e-01
1.10180672268907551370e+03 6.71788675205401086821e-01
1.11201680672268912531e+03 6.68832164939012430160e-01
1.12222689075630250954e+03 6.66049712337075328072e-01
1.13243697478991589378e+03 6.63434263116902012136e-01
1.14264705882352927802e+03 6.60978983558228039286e-01
1.15285714285714266225e+03 6.58677266845602016332e-01
1.16306722689075627386e+03 6.56522736393829742241e-01
1.17327731092436965810e+03 6.54509246724952697960e-01
1.18348739495798326971e+03 6.52630882373848253408e-01
1.19369747899159665394e+03 6.50881955221945363022e-01
1.20390756302521003818e+03 6.49257000592678656936e-01
1.21411764705882342241e+03 6.47750772386600837116e-01
1.22432773109243680665e+03 6.46358237486941211714e-01
1.23453781512605019088e+03 6.45074569626638338882e-01
1.24474789915966380249e+03 6.43895142874374326603e-01
1.25495798319327718673e+03 6.42815524868928678259e-01
1.26516806722689079834e+03 6.41831469907489848836e-01
1.27537815126050418257e+03 6.40938911973691571866e-01
1.28558823529411756681e+03 6.40133957774492001747e-01
1.29579831932773095104e+03 6.39412879841116832402e-01
1.30600840336134433528e+03 6.38772109737687832087e-01
1.31621848739495794689e+03 6.38208231411494186780e-01
1.32642857142857133113e+03 6.37717974710871327026e-01
1.33663865546218471536e+03 6.37298209090004563748e-01
1.34684873949579832697e+03 6.36945937514527660284e-01
1.35705882352941171121e+03 6.36658290577276853028e-01
1.36726890756302509544e+03 6.36432520829916192895e-01
1.37747899159663847968e+03 6.36265997333144595061e-01
1.38768907563025209129e+03 6.36156200425807227816e-01
1.39789915966386547552e+03 6.36100716711305524953e-01
1.40810924369747885976e+03 6.36097234258163113374e-01
1.41831932773109224399e+03 6.36143538010437215036e-01
1.42852941176470585560e+03 6.36237505402726832848e-01
1.43873949579831923984e+03 6.36377102173868225421e-01
1.44894957983193262407e+03 6.36560378372902579969e-01
1.45915966386554623568e+03 6.36785464550551405516e-01
1.46936974789915961992e+03 6.37050568129251093552e-01
1.47957983193277300416e+03 6.37353969944660536662e-01
1.48978991596638638839e+03 6.37694020951548590226e-01
1.50000000000000000000e+03 6.38069139087010239741e-01


QUADRATIC ERROR = 1.108383e+00
