ESTIMATED THICKNESSES

Thickness of film 1 = 170.00 nm

ESTIMATED INFLEXION POINTS

Inflexion point of the absorption coefficient of film 1 = 900.00 nm

ESTIMATED REFRACTIVE INDICES AND ABSORPTION COEFFICIENTS

Film 1

lambda                     n                          kappa
4.00000000000000000000e+02 2.01055819120062917449e+00 0.00000000000000000000e+00
4.03092783505154613977e+02 2.01007836387240779175e+00 0.00000000000000000000e+00
4.06185567010309284797e+02 2.00959853654418640900e+00 0.00000000000000000000e+00
4.09278350515463898773e+02 2.00911870921596502626e+00 0.00000000000000000000e+00
4.12371134020618569593e+02 2.00863888188774364352e+00 0.00000000000000000000e+00
4.15463917525773183570e+02 2.00815905455952226077e+00 0.00000000000000000000e+00
4.18556701030927854390e+02 2.00767922723130087803e+00 0.00000000000000000000e+00
4.21649484536082468367e+02 2.00719939990307949529e+00 0.00000000000000000000e+00
4.24742268041237139187e+02 2.00671957257485811255e+00 0.00000000000000000000e+00
4.27835051546391753163e+02 2.00623974524663672980e+00 0.00000000000000000000e+00
4.30927835051546367140e+02 2.00575991791841534706e+00 0.00000000000000000000e+00
4.34020618556701037960e+02 2.00528009059019396432e+00 0.00000000000000000000e+00
4.37113402061855651937e+02 2.00480026326197258157e+00 0.00000000000000000000e+00
4.40206185567010322757e+02 2.00432043593375119883e+00 0.00000000000000000000e+00
4.43298969072164936733e+02 2.00384060860552981609e+00 0.00000000000000000000e+00
4.46391752577319607553e+02 2.00336078127730843335e+00 0.00000000000000000000e+00
4.49484536082474221530e+02 2.00288095394908705060e+00 0.00000000000000000000e+00
4.52577319587628892350e+02 2.00240112662086566786e+00 0.00000000000000000000e+00
4.55670103092783506327e+02 2.00192129929264428512e+00 0.00000000000000000000e+00
4.58762886597938177147e+02 2.00144147196442290237e+00 0.00000000000000000000e+00
4.61855670103092791123e+02 2.00096164463620151963e+00 0.00000000000000000000e+00
4.64948453608247405100e+02 2.00048181730798013689e+00 0.00000000000000000000e+00
4.68041237113402075920e+02 2.00000198997975875415e+00 0.00000000000000000000e+00
4.71134020618556689897e+02 1.99952216265153759345e+00 0.00000000000000000000e+00
4.74226804123711360717e+02 1.99904233532331643275e+00 0.00000000000000000000e+00
4.77319587628865974693e+02 1.99856250799509527205e+00 0.00000000000000000000e+00
4.80412371134020645513e+02 1.99808268066687411135e+00 0.00000000000000000000e+00
4.83505154639175259490e+02 1.99760285333865295065e+00 0.00000000000000000000e+00
4.86597938144329873467e+02 1.99712302601043178996e+00 0.00000000000000000000e+00
4.89690721649484544287e+02 1.99664319868221062926e+00 0.00000000000000000000e+00
4.92783505154639158263e+02 1.99616337135398946856e+00 0.00000000000000000000e+00
4.95876288659793829083e+02 1.99568354402576830786e+00 0.00000000000000000000e+00
4.98969072164948443060e+02 1.99520371669754714716e+00 0.00000000000000000000e+00
5.02061855670103113880e+02 1.99472388936932598646e+00 0.00000000000000000000e+00
5.05154639175257727857e+02 1.99424406204110482577e+00 0.00000000000000000000e+00
5.08247422680412341833e+02 1.99376423471288366507e+00 0.00000000000000000000e+00
5.11340206185567012653e+02 1.99328440738466250437e+00 0.00000000000000000000e+00
5.14432989690721683473e+02 1.99280458005644134367e+00 0.00000000000000000000e+00
5.17525773195876354293e+02 1.99232475272822018297e+00 0.00000000000000000000e+00
5.20618556701030911427e+02 1.99184492539999902228e+00 0.00000000000000000000e+00
5.23711340206185582247e+02 1.99136509807177786158e+00 0.00000000000000000000e+00
5.26804123711340253067e+02 1.99088527074355670088e+00 0.00000000000000000000e+00
5.29896907216494810200e+02 1.99040544341533554018e+00 0.00000000000000000000e+00
5.32989690721649481020e+02 1.98992561608711437948e+00 0.00000000000000000000e+00
5.36082474226804151840e+02 1.98944578875889321878e+00 0.00000000000000000000e+00
5.39175257731958708973e+02 1.98896596143067205809e+00 0.00000000000000000000e+00
5.42268041237113379793e+02 1.98848613410245089739e+00 0.00000000000000000000e+00
5.45360824742268050613e+02 1.98800630677422973669e+00 0.00000000000000000000e+00
5.48453608247422721433e+02 1.98752647944600857599e+00 0.00000000000000000000e+00
5.51546391752577392253e+02 1.98704665211778741529e+00 0.00000000000000000000e+00
5.54639175257731949387e+02 1.98656682478956625459e+00 0.00000000000000000000e+00
5.57731958762886620207e+02 1.98608699746134509390e+00 0.00000000000000000000e+00
5.60824742268041291027e+02 1.98560717013312393320e+00 0.00000000000000000000e+00
5.63917525773195848160e+02 1.98512734280490277250e+00 0.00000000000000000000e+00
5.67010309278350518980e+02 1.98464751547668161180e+00 0.00000000000000000000e+00
5.70103092783505189800e+02 1.98416768814846045110e+00 0.00000000000000000000e+00
5.73195876288659746933e+02 1.98368786082023929040e+00 0.00000000000000000000e+00
5.76288659793814417753e+02 1.98320803349201812971e+00 1.09933624872873489386e-04
5.79381443298969088573e+02 1.98272820616379696901e+00 5.23978910421233224498e-04
5.82474226804123759393e+02 1.98224837883557580831e+00 9.38024195969592959610e-04
5.85567010309278316527e+02 1.98176855150735464761e+00 1.35206948151795269472e-03
5.88659793814432987347e+02 1.98128872417913348691e+00 1.76611476706631242983e-03
5.91752577319587658167e+02 1.98080889685091232622e+00 2.18016005261467216494e-03
5.94845360824742328987e+02 1.98032906952269116552e+00 2.59420533816303190006e-03
5.97938144329896886120e+02 1.97984924219447000482e+00 3.00825062371139163517e-03
6.01030927835051556940e+02 1.97936941486624884412e+00 3.42229590925975137028e-03
6.04123711340206227760e+02 1.97888958753802768342e+00 3.83634119468546398724e-03
6.07216494845360784893e+02 1.97840976020980652272e+00 4.25038648011117660419e-03
6.10309278350515455713e+02 1.97792993288158536203e+00 4.66443176553688922115e-03
6.13402061855670126533e+02 1.97745010555336420133e+00 5.07847705096260183810e-03
6.16494845360824683667e+02 1.97697027822514304063e+00 5.49252233638831445506e-03
6.19587628865979354487e+02 1.97649045089692187993e+00 5.90656762181402707201e-03
6.22680412371134025307e+02 1.97601062356870071923e+00 6.32061290723973968897e-03
6.25773195876288696127e+02 1.97553079624047955853e+00 6.73465819266545230593e-03
6.28865979381443366947e+02 1.97505096891225839784e+00 7.14870347809116492288e-03
6.31958762886597924080e+02 1.97457114158403723714e+00 7.56274876351687753984e-03
6.35051546391752594900e+02 1.97409131425581607644e+00 7.97679404894259015679e-03
6.38144329896907265720e+02 1.97361148692759491574e+00 8.39083933436830277375e-03
6.41237113402061822853e+02 1.97313165959937375504e+00 8.80488416712995290714e-03
6.44329896907216493673e+02 1.97265183227115259434e+00 9.21892899989160304053e-03
6.47422680412371164493e+02 1.97217200494293143365e+00 9.63297078654626673377e-03
6.50515463917525721627e+02 1.97169217761471027295e+00 1.00470125732009304270e-02
6.53608247422680392447e+02 1.97121235028648911225e+00 1.04610543598555941203e-02
6.56701030927835063267e+02 1.97073252295826795155e+00 1.08750961465102578135e-02
6.59793814432989620400e+02 1.97025269563004679085e+00 1.12891379331649215068e-02
6.62886597938144404907e+02 1.96977286830182563016e+00 1.17031797198195852000e-02
6.65979381443298962040e+02 1.96929304097360446946e+00 1.21172215064742488932e-02
6.69072164948453632860e+02 1.96881321364538330876e+00 1.25311930112790934772e-02
6.72164948453608303680e+02 1.96833338631716214806e+00 1.29451645160839380611e-02
6.75257731958762860813e+02 1.96785355898894098736e+00 1.33587656731464395066e-02
6.78350515463917531633e+02 1.96737373166071982666e+00 1.37723668302089409521e-02
6.81443298969072202453e+02 1.96689390433249866597e+00 1.41859679872714423976e-02
6.84536082474226759587e+02 1.96641407700427750527e+00 1.45995691443339438431e-02
6.87628865979381430407e+02 1.96593424967605634457e+00 1.50131703013964452886e-02
6.90721649484536101227e+02 1.96545442234783518387e+00 1.54267714584589467341e-02
6.93814432989690658360e+02 1.96497459501961402317e+00 1.58403726155214481797e-02
6.96907216494845442867e+02 1.96449476769139286247e+00 1.62539737725839496252e-02
7.00000000000000000000e+02 1.96401494036317170178e+00 1.66651381899050668456e-02
7.03092783505154670820e+02 1.96353511303495054108e+00 1.70763026072261840660e-02
7.06185567010309341640e+02 1.96305528570672938038e+00 1.74874670245473012864e-02
7.09278350515463898773e+02 1.96257545837850821968e+00 1.78986314418684185068e-02
7.12371134020618569593e+02 1.96209563105028705898e+00 1.83012679135606606828e-02
7.15463917525773240413e+02 1.96161580372206589828e+00 1.87039043852529028589e-02
7.18556701030927797547e+02 1.96113597639384473759e+00 1.90920913630432398378e-02
7.21649484536082468367e+02 1.96065614906562357689e+00 1.94619360038018503201e-02
7.24742268041237139187e+02 1.96017632173740241619e+00 1.98317806445604608023e-02
7.27835051546391696320e+02 1.95969649440918125549e+00 2.02016252853190712846e-02
7.30927835051546480827e+02 1.95921666708096009479e+00 2.05714699260776817669e-02
7.34020618556701037960e+02 1.95873683975273893410e+00 2.09011486765709950109e-02
7.37113402061855708780e+02 1.95825701242451777340e+00 2.12308274270643082549e-02
7.40206185567010379600e+02 1.95777718509629661270e+00 2.15605061775576214989e-02
7.43298969072164936733e+02 1.95729735776807545200e+00 2.18901849280509347428e-02
7.46391752577319607553e+02 1.95681753043985429130e+00 2.21536935511786360620e-02
7.49484536082474278373e+02 1.95633770311163313060e+00 2.24172021743063373811e-02
7.52577319587628835507e+02 1.95585787578341196991e+00 2.25292275005856412751e-02
7.55670103092783506327e+02 1.95537804845519080921e+00 2.26412528268649451690e-02
7.58762886597938177147e+02 1.95489822112696964851e+00 2.27532781531442490630e-02
7.61855670103092734280e+02 1.95441839379874848781e+00 2.28653034794235529570e-02
7.64948453608247518787e+02 1.95393856647052732711e+00 2.29006891942630345926e-02
7.68041237113402075920e+02 1.95345873914230616641e+00 2.29360749091025162283e-02
7.71134020618556633053e+02 1.95297891181408500572e+00 2.29714606239419978639e-02
7.74226804123711417560e+02 1.95249908448586384502e+00 2.28892797440072050252e-02
7.77319587628865974693e+02 1.95201925715764268432e+00 2.28070988640724121865e-02
7.80412371134020645513e+02 1.95153942982942152362e+00 2.27249179841376193478e-02
7.83505154639175316333e+02 1.95105960250120036292e+00 2.26105485414949923528e-02
7.86597938144329873467e+02 1.95057977517297920222e+00 2.24961790988523653578e-02
7.89690721649484544287e+02 1.95009994784475804153e+00 2.23660154060685879840e-02
7.92783505154639215107e+02 1.94962012051653688083e+00 2.22358517132848106101e-02
7.95876288659793772240e+02 1.94914029318831572013e+00 2.21056880205010332363e-02
7.98969072164948443060e+02 1.94866046586009455943e+00 2.19755243277172558625e-02
8.02061855670103113880e+02 1.94818063853187339873e+00 2.18452912647836457183e-02
8.05154639175257671013e+02 1.94770081120365223804e+00 2.17150582018500355741e-02
8.08247422680412455520e+02 1.94722098387543107734e+00 2.15848251389164254299e-02
8.11340206185567012653e+02 1.94674115654720991664e+00 2.14545920759828152857e-02
8.14432989690721683473e+02 1.94626132921898875594e+00 2.13243590130492051415e-02
8.17525773195876354293e+02 1.94578150189076759524e+00 2.11566239435291431059e-02
8.20618556701030911427e+02 1.94530167456254643454e+00 2.09888888740090810703e-02
8.23711340206185582247e+02 1.94482184723432527385e+00 2.08211538044890190347e-02
8.26804123711340253067e+02 1.94434201990610411315e+00 2.06305804209771341540e-02
8.29896907216494810200e+02 1.94386219257788295245e+00 2.03901007175651786951e-02
8.32989690721649481020e+02 1.94338236524966179175e+00 2.01496210141532232363e-02
8.36082474226804151840e+02 1.94290253792144063105e+00 1.98826218204697056924e-02
8.39175257731958708973e+02 1.94242271059321947035e+00 1.96156226267861881485e-02
8.42268041237113493480e+02 1.94194288326499830966e+00 1.92990223215474682172e-02
8.45360824742268050613e+02 1.94146305593677714896e+00 1.89824220163087482860e-02
8.48453608247422721433e+02 1.94098322860855598826e+00 1.86658217110700283548e-02
8.51546391752577392253e+02 1.94050340128033482756e+00 1.83492214058313084235e-02
8.54639175257731949387e+02 1.94002357395211366686e+00 1.79694050784364109385e-02
8.57731958762886620207e+02 1.93954374662389250616e+00 1.75895887510415134536e-02
8.60824742268041291027e+02 1.93906391929567134547e+00 1.72097724236466159686e-02
8.63917525773195848160e+02 1.93858409196745018477e+00 1.68299560962517184837e-02
8.67010309278350518980e+02 1.93810426463922902407e+00 1.64501397688568209987e-02
8.70103092783505189800e+02 1.93762443731100786337e+00 1.60703234414619235138e-02
8.73195876288659746933e+02 1.93714460998278670267e+00 1.56905071140670260288e-02
8.76288659793814531440e+02 1.93666478265456554197e+00 1.53106907866721285438e-02
8.79381443298969088573e+02 1.93618495532634438128e+00 1.49308744592772327936e-02
8.82474226804123645707e+02 1.93570512799812322058e+00 1.45480315263053008867e-02
8.85567010309278430213e+02 1.93522530066990205988e+00 1.41651885933333689799e-02
8.88659793814432987347e+02 1.93474547334168089918e+00 1.37823456603614370730e-02
8.91752577319587658167e+02 1.93426564601345973848e+00 1.33995027273895051662e-02
8.94845360824742328987e+02 1.93378581868523857779e+00 1.30166597944175732593e-02
8.97938144329896886120e+02 1.93330599135701741709e+00 1.26338168614456413524e-02
9.01030927835051556940e+02 1.93282616402879625639e+00 1.22509739284737094456e-02
9.04123711340206227760e+02 1.93234633670057509569e+00 1.18681309955017775387e-02
9.07216494845360784893e+02 1.93186650937235393499e+00 1.14852880625298456319e-02
9.10309278350515455713e+02 1.93138668204413277429e+00 1.11024451295579137250e-02
9.13402061855670126533e+02 1.93090685471591161360e+00 1.07196021965859818181e-02
9.16494845360824797353e+02 1.93042702738769045290e+00 1.03367592636140499113e-02
9.19587628865979354487e+02 1.92994720005946929220e+00 9.95391633064211800441e-03
9.22680412371134025307e+02 1.92946737273124813150e+00 9.57107339767018609755e-03
9.25773195876288696127e+02 1.92898754540302697080e+00 9.18823046469825419069e-03
9.28865979381443366947e+02 1.92850771807480581010e+00 8.80538753172632228383e-03
9.31958762886597924080e+02 1.92802789074658464941e+00 8.42254459875439037697e-03
9.35051546391752594900e+02 1.92754806341836348871e+00 8.03970166578245847011e-03
9.38144329896907265720e+02 1.92706823609014232801e+00 7.65685873281052569589e-03
9.41237113402061822853e+02 1.92658840876192116731e+00 7.27401579983859292167e-03
9.44329896907216493673e+02 1.92610858143370000661e+00 6.89117286686666014744e-03
9.47422680412371164493e+02 1.92562875410547884591e+00 6.50832993389472737322e-03
9.50515463917525835313e+02 1.92514892677725768522e+00 6.12548700092279459900e-03
9.53608247422680392447e+02 1.92466909944903652452e+00 5.74264406795086182478e-03
9.56701030927835063267e+02 1.92418927212081536382e+00 5.35980113497892905056e-03
9.59793814432989734087e+02 1.92370944479259420312e+00 4.97695820200699627633e-03
9.62886597938144404907e+02 1.92322961746437304242e+00 4.59411526903506350211e-03
9.65979381443298962040e+02 1.92274979013615188173e+00 4.21127233606313072789e-03
9.69072164948453632860e+02 1.92226996280793072103e+00 3.82842940309119795367e-03
9.72164948453608303680e+02 1.92179013547970956033e+00 3.44558647011926517945e-03
9.75257731958762860813e+02 1.92131030815148839963e+00 3.06274353714733240522e-03
9.78350515463917531633e+02 1.92083048082326723893e+00 2.67990060417539963100e-03
9.81443298969072202453e+02 1.92035065349504607823e+00 2.29705767120346685678e-03
9.84536082474226873273e+02 1.91987082616682491754e+00 1.91421473823153429940e-03
9.87628865979381430407e+02 1.91939099883860375684e+00 1.53137180525960174202e-03
9.90721649484536101227e+02 1.91891117151038259614e+00 1.14852887228766918463e-03
9.93814432989690772047e+02 1.91843134418216143544e+00 7.65685939315736735673e-04
9.96907216494845329180e+02 1.91795151685394027474e+00 3.82843006343804232502e-04
1.00000000000000000000e+03 1.91747168952571911404e+00 7.33718717726848958180e-11


TRANSMITTANCE WITH THE ESTIMATED THICKNESSES AND OPTICAL PARAMETERS

lambda                     t
4.00000000000000000000e+02 8.17623534464203660654e-01
4.03092783505154613977e+02 8.12105659068529273092e-01
4.06185567010309284797e+02 8.06909938126620596144e-01
4.09278350515463898773e+02 8.02052095095752703990e-01
4.12371134020618569593e+02 7.97543393558632129903e-01
4.15463917525773183570e+02 7.93391218814215370969e-01
4.18556701030927854390e+02 7.89599610071345270335e-01
4.21649484536082468367e+02 7.86169741124750354189e-01
4.24742268041237139187e+02 7.83100349709584975244e-01
4.27835051546391753163e+02 7.80388117353984944735e-01
4.30927835051546367140e+02 7.78028002622237035979e-01
4.34020618556701037960e+02 7.76013531289716729233e-01
4.37113402061855651937e+02 7.74337047320476812295e-01
4.40206185567010322757e+02 7.72989928615974042359e-01
4.43298969072164936733e+02 7.71962771437887607107e-01
4.46391752577319607553e+02 7.71245547233061601311e-01
4.49484536082474221530e+02 7.70827735345146480839e-01
4.52577319587628892350e+02 7.70698434815845989654e-01
4.55670103092783506327e+02 7.70846458180732052590e-01
4.58762886597938177147e+02 7.71260409865716978217e-01
4.61855670103092791123e+02 7.71928751500865262258e-01
4.64948453608247405100e+02 7.72839856194827312663e-01
4.68041237113402075920e+02 7.73982053559599592063e-01
4.71134020618556689897e+02 7.75343667043425388563e-01
4.74226804123711360717e+02 7.76913044919836148772e-01
4.77319587628865974693e+02 7.78678586092640401262e-01
4.80412371134020645513e+02 7.80628761708999308055e-01
4.83505154639175259490e+02 7.82752133424133300643e-01
4.86597938144329873467e+02 7.85037369030136322756e-01
4.89690721649484544287e+02 7.87473256046081093729e-01
4.92783505154639158263e+02 7.90048713765561183564e-01
4.95876288659793829083e+02 7.92752804169431390946e-01
4.98969072164948443060e+02 7.95574742034353077358e-01
5.02061855670103113880e+02 7.98503904500576622283e-01
5.05154639175257727857e+02 8.01529840304007423768e-01
5.08247422680412341833e+02 8.04642278826986134810e-01
5.11340206185567012653e+02 8.07831139078486804017e-01
5.14432989690721683473e+02 8.11086538676818791238e-01
5.17525773195876354293e+02 8.14398802875709537652e-01
5.20618556701030911427e+02 8.17758473647300809795e-01
5.23711340206185582247e+02 8.21156318812578445154e-01
5.26804123711340253067e+02 8.24583341190662788556e-01
5.29896907216494810200e+02 8.28030787722813022000e-01
5.32989690721649481020e+02 8.31490158514646027221e-01
5.36082474226804151840e+02 8.34953215730616205015e-01
5.39175257731958708973e+02 8.38411992268001116102e-01
5.42268041237113379793e+02 8.41858800133254203679e-01
5.45360824742268050613e+02 8.45286238441378623421e-01
5.48453608247422721433e+02 8.48687200958759047076e-01
5.51546391752577392253e+02 8.52054883111455385603e-01
5.54639175257731949387e+02 8.55382788384091985456e-01
5.57731958762886620207e+02 8.58664734039029875490e-01
5.60824742268041291027e+02 8.61894856091261929443e-01
5.63917525773195848160e+02 8.65067613481217745353e-01
5.67010309278350518980e+02 8.68177791395328468660e-01
5.70103092783505189800e+02 8.71220503692422432174e-01
5.73195876288659746933e+02 8.74191194402847537859e-01
5.76288659793814417753e+02 8.76691093391580245076e-01
5.79381443298969088573e+02 8.78021223261562289153e-01
5.82474226804123759393e+02 8.79271374533995730971e-01
5.85567010309278316527e+02 8.80439460351161051754e-01
5.88659793814432987347e+02 8.81523714923138523858e-01
5.91752577319587658167e+02 8.82522682765647492609e-01
5.94845360824742328987e+02 8.83435207409278056012e-01
5.97938144329896886120e+02 8.84260419637635575185e-01
6.01030927835051556940e+02 8.84997725315068373142e-01
6.04123711340206227760e+02 8.85646792867226362311e-01
6.07216494845360784893e+02 8.86207540476494082249e-01
6.10309278350515455713e+02 8.86680123061331926237e-01
6.13402061855670126533e+02 8.87064919099713078410e-01
6.16494845360824683667e+02 8.87362517362364600082e-01
6.19587628865979354487e+02 8.87573703617379972108e-01
6.22680412371134025307e+02 8.87699447366031235696e-01
6.25773195876288696127e+02 8.87740888666944227836e-01
6.28865979381443366947e+02 8.87699325102732306192e-01
6.31958762886597924080e+02 8.87576198939712290858e-01
6.35051546391752594900e+02 8.87373084527599775839e-01
6.38144329896907265720e+02 8.87091675982118466059e-01
6.41237113402061822853e+02 8.86733776671840279171e-01
6.44329896907216493673e+02 8.86301283111646798218e-01
6.47422680412371164493e+02 8.85796188038530663000e-01
6.50515463917525721627e+02 8.85220538406920165464e-01
6.53608247422680392447e+02 8.84576454781981436071e-01
6.56701030927835063267e+02 8.83866111411684363119e-01
6.59793814432989620400e+02 8.83091726741976557058e-01
6.62886597938144404907e+02 8.82255554409274833638e-01
6.65979381443298962040e+02 8.81359874717115077125e-01
6.69072164948453632860e+02 8.80407202130804811269e-01
6.72164948453608303680e+02 8.79399627715378273685e-01
6.75257731958762860813e+02 8.78340583123508711338e-01
6.78350515463917531633e+02 8.77231243953932704471e-01
6.81443298969072202453e+02 8.76073912912019747701e-01
6.84536082474226759587e+02 8.74870878435230592274e-01
6.87628865979381430407e+02 8.73624409500345255886e-01
6.90721649484536101227e+02 8.72336750870748911524e-01
6.93814432989690658360e+02 8.71010118769661279003e-01
6.96907216494845442867e+02 8.69646696964039400690e-01
7.00000000000000000000e+02 8.68255504707399983211e-01
7.03092783505154670820e+02 8.66831659089672856844e-01
7.06185567010309341640e+02 8.65377227463551945696e-01
7.09278350515463898773e+02 8.63894232995869870706e-01
7.12371134020618569593e+02 8.62407865600852807653e-01
7.15463917525773240413e+02 8.60896428498226451431e-01
7.18556701030927797547e+02 8.59400441482237709145e-01
7.21649484536082468367e+02 8.57931025362992261130e-01
7.24742268041237139187e+02 8.56440491858189600904e-01
7.27835051546391696320e+02 8.54930586045433482667e-01
7.30927835051546480827e+02 8.53403001455164234024e-01
7.34020618556701037960e+02 8.51962118906792964523e-01
7.37113402061855708780e+02 8.50504975389788753226e-01
7.40206185567010379600e+02 8.49033131194153689592e-01
7.43298969072164936733e+02 8.47548095400025514046e-01
7.46391752577319607553e+02 8.46214751030511469487e-01
7.49484536082474278373e+02 8.44868250195371039979e-01
7.52577319587628835507e+02 8.43877854696554297043e-01
7.55670103092783506327e+02 8.42870915008084309328e-01
7.58762886597938177147e+02 8.41848820639284789458e-01
7.61855670103092734280e+02 8.40812916741587756952e-01
7.64948453608247518787e+02 8.39944701284899397642e-01
7.68041237113402075920e+02 8.39062354818207234430e-01
7.71134020618556633053e+02 8.38167134075468833743e-01
7.74226804123711417560e+02 8.37530269876110233795e-01
7.77319587628865974693e+02 8.36878767307718374191e-01
7.80412371134020645513e+02 8.36213822742923884590e-01
7.83505154639175316333e+02 8.35608879360547840420e-01
7.86597938144329873467e+02 8.34991694914316906484e-01
7.89690721649484544287e+02 8.34398316499895487119e-01
7.92783505154639215107e+02 8.33794344155727729095e-01
7.95876288659793772240e+02 8.33180811088721107183e-01
7.98969072164948443060e+02 8.32558714430801649620e-01
8.02061855670103113880e+02 8.31929164815034427605e-01
8.05154639175257671013e+02 8.31292937518154362309e-01
8.08247422680412455520e+02 8.30650924617009178696e-01
8.11340206185567012653e+02 8.30003984333607447432e-01
8.14432989690721683473e+02 8.29352941677428234790e-01
8.17525773195876354293e+02 8.28776360777036535943e-01
8.20618556701030911427e+02 8.28196149398693681754e-01
8.23711340206185582247e+02 8.27613058639833032437e-01
8.26804123711340253067e+02 8.27074205591013300598e-01
8.29896907216494810200e+02 8.26633970045402843851e-01
8.32989690721649481020e+02 8.26190981212671204936e-01
8.36082474226804151840e+02 8.25798735712630738171e-01
8.39175257731958708973e+02 8.25404377095162233857e-01
8.42268041237113493480e+02 8.25106083609308815774e-01
8.45360824742268050613e+02 8.24805695790356896424e-01
8.48453608247422721433e+02 8.24503822724726886939e-01
8.51546391752577392253e+02 8.24201048635164856826e-01
8.54639175257731949387e+02 8.24019234931725796933e-01
8.57731958762886620207e+02 8.23836170408608570170e-01
8.60824742268041291027e+02 8.23652400300529330401e-01
8.63917525773195848160e+02 8.23468447359199884339e-01
8.67010309278350518980e+02 8.23284812435252533191e-01
8.70103092783505189800e+02 8.23101975059766455267e-01
8.73195876288659746933e+02 8.22920394024052481718e-01
8.76288659793814531440e+02 8.22740507956513100751e-01
8.79381443298969088573e+02 8.22562735895453256418e-01
8.82474226804123645707e+02 8.22392995275368909880e-01
8.85567010309278430213e+02 8.22226090593200287238e-01
8.88659793814432987347e+02 8.22062386935888733674e-01
8.91752577319587658167e+02 8.21902232019028566867e-01
8.94845360824742328987e+02 8.21745956725563719836e-01
8.97938144329896886120e+02 8.21593875635974524307e-01
9.01030927835051556940e+02 8.21446287549483122881e-01
9.04123711340206227760e+02 8.21303475995833531798e-01
9.07216494845360784893e+02 8.21165709737316173999e-01
9.10309278350515455713e+02 8.21033243260711809164e-01
9.13402061855670126533e+02 8.20906317258918161173e-01
9.16494845360824797353e+02 8.20785159102058181624e-01
9.19587628865979354487e+02 8.20669983297907967845e-01
9.22680412371134025307e+02 8.20560991941532313909e-01
9.25773195876288696127e+02 8.20458375154052843570e-01
9.28865979381443366947e+02 8.20362311510495989531e-01
9.31958762886597924080e+02 8.20272968456720374952e-01
9.35051546391752594900e+02 8.20190502715424374358e-01
9.38144329896907265720e+02 8.20115060681288032818e-01
9.41237113402061822853e+02 8.20046778805307297056e-01
9.44329896907216493673e+02 8.19985783968400494537e-01
9.47422680412371164493e+02 8.19932193844400081240e-01
9.50515463917525835313e+02 8.19886117252546675616e-01
9.53608247422680392447e+02 8.19847654499611278034e-01
9.56701030927835063267e+02 8.19816897711805658844e-01
9.59793814432989734087e+02 8.19793931156633348678e-01
9.62886597938144404907e+02 8.19778831554846765250e-01
9.65979381443298962040e+02 8.19771668382696661048e-01
9.69072164948453632860e+02 8.19772504164647086711e-01
9.72164948453608303680e+02 8.19781394756756820463e-01
9.75257731958762860813e+02 8.19798389620915779474e-01
9.78350515463917531633e+02 8.19823532090132700567e-01
9.81443298969072202453e+02 8.19856859625092138089e-01
9.84536082474226873273e+02 8.19898404062161967332e-01
9.87628865979381430407e+02 8.19948191853074326296e-01
9.90721649484536101227e+02 8.20006244296490049983e-01
9.93814432989690772047e+02 8.20072577761628118687e-01
9.96907216494845329180e+02 8.20147203904205812641e-01
1.00000000000000000000e+03 8.20230129874856439542e-01


QUADRATIC ERROR = 5.763893e-03
