ESTIMATED THICKNESSES

Thickness of film 1 = 161.00 nm

ESTIMATED INFLEXION POINTS

Inflexion point of the absorption coefficient of film 1 = 300.00 nm

ESTIMATED REFRACTIVE INDICES AND ABSORPTION COEFFICIENTS

Film 1

lambda                     n                          kappa
3.00000000000000000000e+02 2.65047360142525212368e+00 4.50532323476957596853e-01
3.07563025210084049377e+02 2.61926755055931259619e+00 3.11855975824330167168e-01
3.15126050420168041910e+02 2.58806149969337306871e+00 1.73179628171702737482e-01
3.22689075630252091287e+02 2.55685544882743354123e+00 1.06992651591642506936e-01
3.30252100840336140664e+02 2.52564939796149401374e+00 4.08056750115822763902e-02
3.37815126050420190040e+02 2.49444334709555448626e+00 2.35557200688094950380e-02
3.45378151260504182574e+02 2.46323729622961495878e+00 6.30576512603671021640e-03
3.52941176470588231950e+02 2.43203124536367543129e+00 6.30576512603671021640e-03
3.60504201680672281327e+02 2.40082519449773590381e+00 6.30576512603671021640e-03
3.68067226890756273860e+02 2.36961914363179637633e+00 6.30576512603671021640e-03
3.75630252100840323237e+02 2.33841309276585684884e+00 6.30576512603671021640e-03
3.83193277310924372614e+02 2.30720704189991732136e+00 6.30576512603671021640e-03
3.90756302521008365147e+02 2.27600099103397779388e+00 6.30576512603671021640e-03
3.98319327731092414524e+02 2.24479494016803826639e+00 6.30576512603671021640e-03
4.05882352941176463901e+02 2.21358888930209873891e+00 6.30576512603671021640e-03
4.13445378151260513278e+02 2.18238283843615921143e+00 6.30576512603671021640e-03
4.21008403361344562654e+02 2.15117678757021968394e+00 6.30576512603671021640e-03
4.28571428571428555188e+02 2.11997073670428015646e+00 6.30576512603671021640e-03
4.36134453781512604564e+02 2.08876468583834062898e+00 6.30576512603671021640e-03
4.43697478991596653941e+02 2.05755863497240110149e+00 6.30576512603671021640e-03
4.51260504201680646474e+02 2.02635258410646157401e+00 6.30576512603671021640e-03
4.58823529411764695851e+02 2.02635258410646157401e+00 6.30576512603671021640e-03
4.66386554621848745228e+02 2.02635258410646157401e+00 6.30576512603671021640e-03
4.73949579831932737761e+02 2.02635258410646157401e+00 6.30576512603671021640e-03
4.81512605042016787138e+02 2.02635258410646157401e+00 6.30576512603671021640e-03
4.89075630252100836515e+02 2.02635258410646157401e+00 6.30576512603671021640e-03
4.96638655462184829048e+02 2.02635258410646157401e+00 6.30576512603671021640e-03
5.04201680672268935268e+02 2.02635258410646157401e+00 6.30576512603671021640e-03
5.11764705882352927802e+02 2.02635258410646157401e+00 6.30576512603671021640e-03
5.19327731092437034022e+02 2.02635258410646157401e+00 6.30576512603671021640e-03
5.26890756302521026555e+02 2.02635258410646157401e+00 6.30576512603671021640e-03
5.34453781512605019088e+02 2.02635258410646157401e+00 6.30576512603671021640e-03
5.42016806722689125309e+02 2.02635258410646157401e+00 6.30576512603671021640e-03
5.49579831932773117842e+02 2.02635258410646157401e+00 6.30576512603671021640e-03
5.57142857142857110375e+02 2.02635258410646157401e+00 6.30576512603671021640e-03
5.64705882352941216595e+02 2.02635258410646157401e+00 6.30576512603671021640e-03
5.72268907563025209129e+02 2.02635258410646157401e+00 6.30576512603671021640e-03
5.79831932773109201662e+02 2.02635258410646157401e+00 6.30576512603671021640e-03
5.87394957983193307882e+02 2.02635258410646157401e+00 6.30576512603671021640e-03
5.94957983193277300416e+02 2.02635258410646157401e+00 6.30576512603671021640e-03
6.02521008403361292949e+02 2.02635258410646157401e+00 6.30576512603671021640e-03
6.10084033613445399169e+02 2.02635258410646157401e+00 6.30576512603671021640e-03
6.17647058823529391702e+02 2.02635258410646157401e+00 6.30576512603671021640e-03
6.25210084033613384236e+02 2.02635258410646157401e+00 6.30576512603671021640e-03
6.32773109243697490456e+02 2.02635258410646157401e+00 6.30576512603671021640e-03
6.40336134453781482989e+02 2.02635258410646157401e+00 6.30576512603671021640e-03
6.47899159663865475522e+02 2.02635258410646157401e+00 6.30576512603671021640e-03
6.55462184873949581743e+02 2.02635258410646157401e+00 6.30576512603671021640e-03
6.63025210084033574276e+02 2.02635258410646157401e+00 6.30576512603671021640e-03
6.70588235294117566809e+02 2.02635258410646157401e+00 6.30576512603671021640e-03
6.78151260504201673029e+02 2.02635258410646157401e+00 6.30576512603671021640e-03
6.85714285714285779250e+02 2.02635258410646157401e+00 6.30576512603671021640e-03
6.93277310924369658096e+02 2.02635258410646157401e+00 6.30576512603671021640e-03
7.00840336134453764316e+02 2.02635258410646157401e+00 6.30576512603671021640e-03
7.08403361344537870536e+02 2.02635258410646157401e+00 6.30576512603671021640e-03
7.15966386554621863070e+02 2.02635258410646157401e+00 6.30576512603671021640e-03
7.23529411764705855603e+02 2.02635258410646157401e+00 6.30576512603671021640e-03
7.31092436974789961823e+02 2.02635258410646157401e+00 6.30576512603671021640e-03
7.38655462184873954357e+02 2.02635258410646157401e+00 6.30576512603671021640e-03
7.46218487394957946890e+02 2.02635258410646157401e+00 6.30576512603671021640e-03
7.53781512605042053110e+02 2.02635258410646157401e+00 6.30576512603671021640e-03
7.61344537815126045643e+02 2.02635258410646157401e+00 6.30576512603671021640e-03
7.68907563025210038177e+02 2.02635258410646157401e+00 6.30576512603671021640e-03
7.76470588235294144397e+02 2.02635258410646157401e+00 6.30576512603671021640e-03
7.84033613445378136930e+02 2.02635258410646157401e+00 6.30576512603671021640e-03
7.91596638655462129464e+02 2.02635258410646157401e+00 6.30576512603671021640e-03
7.99159663865546235684e+02 2.02635258410646157401e+00 6.30576512603671021640e-03
8.06722689075630228217e+02 2.02635258410646157401e+00 6.30576512603671021640e-03
8.14285714285714220750e+02 2.02635258410646157401e+00 6.30576512603671021640e-03
8.21848739495798326971e+02 2.02635258410646157401e+00 6.30576512603671021640e-03
8.29411764705882319504e+02 2.02635258410646157401e+00 6.30576512603671021640e-03
8.36974789915966425724e+02 2.02635258410646157401e+00 6.30576512603671021640e-03
8.44537815126050418257e+02 2.02635258410646157401e+00 6.30576512603671021640e-03
8.52100840336134410791e+02 2.02635258410646157401e+00 6.30576512603671021640e-03
8.59663865546218517011e+02 2.02635258410646157401e+00 6.30576512603671021640e-03
8.67226890756302509544e+02 2.02635258410646157401e+00 6.30576512603671021640e-03
8.74789915966386502078e+02 2.02635258410646157401e+00 6.30576512603671021640e-03
8.82352941176470608298e+02 2.02635258410646157401e+00 6.30576512603671021640e-03
8.89915966386554600831e+02 2.02635258410646157401e+00 6.30576512603671021640e-03
8.97478991596638593364e+02 2.02635258410646157401e+00 6.30576512603671021640e-03
9.05042016806722699584e+02 2.02635258410646157401e+00 6.30576512603671021640e-03
9.12605042016806692118e+02 2.02635258410646157401e+00 6.30576512603671021640e-03
9.20168067226890684651e+02 2.02635258410646157401e+00 6.30576512603671021640e-03
9.27731092436974790871e+02 2.02635258410646157401e+00 6.30576512603671021640e-03
9.35294117647058783405e+02 2.02635258410646157401e+00 6.30576512603671021640e-03
9.42857142857142889625e+02 2.02635258410646157401e+00 6.30576512603671021640e-03
9.50420168067226882158e+02 2.02635258410646157401e+00 6.30576512603671021640e-03
9.57983193277310874691e+02 2.02635258410646157401e+00 6.30576512603671021640e-03
9.65546218487394980912e+02 2.02635258410646157401e+00 6.30576512603671021640e-03
9.73109243697478973445e+02 2.02635258410646157401e+00 6.30576512603671021640e-03
9.80672268907562965978e+02 2.02635258410646157401e+00 6.30576512603671021640e-03
9.88235294117647072198e+02 2.02635258410646157401e+00 6.30576512603671021640e-03
9.95798319327731064732e+02 2.02635258410646157401e+00 6.30576512603671021640e-03
1.00336134453781505727e+03 2.02635258410646157401e+00 6.30576512603671021640e-03
1.01092436974789916349e+03 2.02635258410646157401e+00 6.30576512603671021640e-03
1.01848739495798315602e+03 2.02635258410646157401e+00 6.30576512603671021640e-03
1.02605042016806714855e+03 2.02635258410646157401e+00 6.30576512603671021640e-03
1.03361344537815125477e+03 2.02635258410646157401e+00 6.30576512603671021640e-03
1.04117647058823513362e+03 2.02635258410646157401e+00 6.30576512603671021640e-03
1.04873949579831923984e+03 2.02635258410646157401e+00 6.30576512603671021640e-03
1.05630252100840334606e+03 2.02635258410646157401e+00 6.30576512603671021640e-03
1.06386554621848745228e+03 2.02635258410646157401e+00 6.30576512603671021640e-03
1.07142857142857155850e+03 2.02635258410646157401e+00 6.30576512603671021640e-03
1.07899159663865543735e+03 2.02635258410646157401e+00 6.30576512603671021640e-03
1.08655462184873931619e+03 2.02635258410646157401e+00 6.30576512603671021640e-03
1.09411764705882342241e+03 2.02635258410646157401e+00 6.30576512603671021640e-03
1.10168067226890752863e+03 2.02635258410646157401e+00 6.30576512603671021640e-03
1.10924369747899163485e+03 2.02635258410646157401e+00 6.30576512603671021640e-03
1.11680672268907574107e+03 2.02635258410646157401e+00 6.30576512603671021640e-03
1.12436974789915961992e+03 2.02635258410646157401e+00 6.30576512603671021640e-03
1.13193277310924372614e+03 2.02635258410646157401e+00 6.30576512603671021640e-03
1.13949579831932760499e+03 2.02635258410646157401e+00 6.30576512603671021640e-03
1.14705882352941171121e+03 2.02635258410646157401e+00 6.30576512603671021640e-03
1.15462184873949581743e+03 2.02635258410646157401e+00 6.30576512603671021640e-03
1.16218487394957992365e+03 2.02635258410646157401e+00 6.30576512603671021640e-03
1.16974789915966380249e+03 2.02635258410646157401e+00 6.30576512603671021640e-03
1.17731092436974790871e+03 2.02635258410646157401e+00 6.30576512603671021640e-03
1.18487394957983178756e+03 2.02635258410646157401e+00 6.30576512603671021640e-03
1.19243697478991589378e+03 2.02635258410646157401e+00 6.30576512603671021640e-03
1.20000000000000000000e+03 2.02635258410646157401e+00 6.30576512603671021640e-03


TRANSMITTANCE WITH THE ESTIMATED THICKNESSES AND OPTICAL PARAMETERS

lambda                     t
3.00000000000000000000e+02 3.44080490039760170107e-02
3.07563025210084049377e+02 9.27752764267586460534e-02
3.15126050420168041910e+02 2.29736389088871145736e-01
3.22689075630252091287e+02 3.39029820826265870792e-01
3.30252100840336140664e+02 4.94650060301173477573e-01
3.37815126050420190040e+02 5.70392885635257695931e-01
3.45378151260504182574e+02 6.80841907834179416170e-01
3.52941176470588231950e+02 7.47305919801326767882e-01
3.60504201680672281327e+02 8.11845864594828658944e-01
3.68067226890756273860e+02 8.58619762793020435687e-01
3.75630252100840323237e+02 8.77229034555517372951e-01
3.83193277310924372614e+02 8.68242696882568387728e-01
3.90756302521008365147e+02 8.41050669659411220813e-01
3.98319327731092414524e+02 8.07107376380429286655e-01
4.05882352941176463901e+02 7.75093092008281581151e-01
4.13445378151260513278e+02 7.49846827057904952163e-01
4.21008403361344562654e+02 7.33290522302104674779e-01
4.28571428571428555188e+02 7.25624729521630262852e-01
4.36134453781512604564e+02 7.26160450917292865647e-01
4.43697478991596653941e+02 7.33766399770341859465e-01
4.51260504201680646474e+02 7.47072843512542994482e-01
4.58823529411764695851e+02 7.50862317952216140604e-01
4.66386554621848745228e+02 7.55756779547519297324e-01
4.73949579831932737761e+02 7.61599943738499818302e-01
4.81512605042016787138e+02 7.68239283412342710555e-01
4.89075630252100836515e+02 7.75526935564118558020e-01
4.96638655462184829048e+02 7.83320429749780222650e-01
5.04201680672268935268e+02 7.91483353315510229642e-01
5.11764705882352927802e+02 7.99886011548569419993e-01
5.19327731092437034022e+02 8.08406101577435531880e-01
5.26890756302521026555e+02 8.16929392597266712528e-01
5.34453781512605019088e+02 8.25350388685261893151e-01
5.42016806722689125309e+02 8.33572941871149497572e-01
5.49579831932773117842e+02 8.41510780565674854081e-01
5.57142857142857110375e+02 8.49087920558923681114e-01
5.64705882352941216595e+02 8.56238931373235701017e-01
5.72268907563025209129e+02 8.62909038669595007676e-01
5.79831932773109201662e+02 8.69054052606820337523e-01
5.87394957983193307882e+02 8.74640121573700413116e-01
5.94957983193277300416e+02 8.79643319717203442387e-01
6.02521008403361292949e+02 8.84049084504902826787e-01
6.10084033613445399169e+02 8.87851526714345307134e-01
6.17647058823529391702e+02 8.91052639472872498594e-01
6.25210084033613384236e+02 8.93661435215417854216e-01
6.32773109243697490456e+02 8.95693039795731005270e-01
6.40336134453781482989e+02 8.97167771722785611921e-01
6.47899159663865475522e+02 8.98110231930922764398e-01
6.55462184873949581743e+02 8.98548426002942601798e-01
6.63025210084033574276e+02 8.98512936723510846626e-01
6.70588235294117566809e+02 8.98036160587508236475e-01
6.78151260504201673029e+02 8.97151617712105053926e-01
6.85714285714285779250e+02 8.95893340724375319972e-01
6.93277310924369658096e+02 8.94295344772395917055e-01
7.00840336134453764316e+02 8.92391177926802448006e-01
7.08403361344537870536e+02 8.90213548936791165822e-01
7.15966386554621863070e+02 8.87794027570471433464e-01
7.23529411764705855603e+02 8.85162811563524498659e-01
7.31092436974789961823e+02 8.82348553460628681755e-01
7.38655462184873954357e+02 8.79378240288456347606e-01
7.46218487394957946890e+02 8.76277118971379276324e-01
7.53781512605042053110e+02 8.73068660617846048488e-01
7.61344537815126045643e+02 8.69774557199768705296e-01
7.68907563025210038177e+02 8.66414744660580549152e-01
7.76470588235294144397e+02 8.63007447071187927534e-01
7.84033613445378136930e+02 8.59569237067431046739e-01
7.91596638655462129464e+02 8.56115108417797698870e-01
7.99159663865546235684e+02 8.52658557163787800270e-01
8.06722689075630228217e+02 8.49211668332155333871e-01
8.14285714285714220750e+02 8.45785205728668554315e-01
8.21848739495798326971e+02 8.42388702781836751221e-01
8.29411764705882319504e+02 8.39030552810400620523e-01
8.36974789915966425724e+02 8.35718097441217167010e-01
8.44537815126050418257e+02 8.32457712206747801886e-01
8.52100840336134410791e+02 8.29254888607517948174e-01
8.59663865546218517011e+02 8.26114312138786055506e-01
8.67226890756302509544e+02 8.23039935956877855006e-01
8.74789915966386502078e+02 8.20035050003742327362e-01
8.82352941176470608298e+02 8.17102345522730200145e-01
8.89915966386554600831e+02 8.14243974988497098977e-01
8.97478991596638593364e+02 8.11461607543052521052e-01
9.05042016806722699584e+02 8.08756480081787021419e-01
9.12605042016806692118e+02 8.06129444170718967300e-01
9.20168067226890684651e+02 8.03581009001896662269e-01
9.27731092436974790871e+02 8.01111380610103673838e-01
9.35294117647058783405e+02 7.98720497582674049397e-01
9.42857142857142889625e+02 7.96408063496901741374e-01
9.50420168067226882158e+02 7.94173576317697693661e-01
9.57983193277310874691e+02 7.92016354982791215278e-01
9.65546218487394980912e+02 7.89935563394882134247e-01
9.73109243697478973445e+02 7.87930232030516153330e-01
9.80672268907562965978e+02 7.85999277364552551006e-01
9.88235294117647072198e+02 7.84141519297541722544e-01
9.95798319327731064732e+02 7.82355696761387497951e-01
1.00336134453781505727e+03 7.80640481666703411889e-01
1.01092436974789916349e+03 7.78994491343458994592e-01
1.01848739495798315602e+03 7.77416299615035555348e-01
1.02605042016806714855e+03 7.75904446634781086445e-01
1.03361344537815125477e+03 7.74457447603643656109e-01
1.04117647058823513362e+03 7.73073800477535266751e-01
1.04873949579831923984e+03 7.71751992763766159200e-01
1.05630252100840334606e+03 7.70490507497165633133e-01
1.06386554621848745228e+03 7.69287828478424140499e-01
1.07142857142857155850e+03 7.68142444849697625386e-01
1.07899159663865543735e+03 7.67052855075584405498e-01
1.08655462184873931619e+03 7.66017570391245294914e-01
1.09411764705882342241e+03 7.65035117773574135924e-01
1.10168067226890752863e+03 7.64104042486014045643e-01
1.10924369747899163485e+03 7.63222910242695506966e-01
1.11680672268907574107e+03 7.62390309033159740970e-01
1.12436974789915961992e+03 7.61604850644842956697e-01
1.13193277310924372614e+03 7.60865171916852101042e-01
1.13949579831932760499e+03 7.60169935755177550440e-01
1.14705882352941171121e+03 7.59517831936493914569e-01
1.15462184873949581743e+03 7.58907577724927895346e-01
1.16218487394957992365e+03 7.58337918323708004564e-01
1.16974789915966380249e+03 7.57807627181334431121e-01
1.17731092436974790871e+03 7.57315506169924490543e-01
1.18487394957983178756e+03 7.56860385651502487470e-01
1.19243697478991589378e+03 7.56441124446397106240e-01
1.20000000000000000000e+03 7.56056609716390326525e-01


QUADRATIC ERROR = 7.933195e-02
