ESTIMATED THICKNESSES

Thickness of film 1 = 151.00 nm

ESTIMATED INFLEXION POINTS

Inflexion point of the absorption coefficient of film 1 = 499.00 nm

ESTIMATED REFRACTIVE INDICES AND ABSORPTION COEFFICIENTS

Film 1

lambda                     n                          kappa
4.00000000000000000000e+02 2.13876585642400129927e+00 -2.71615740291844681709e-02
4.07070707070707044295e+02 2.09394899978523074680e+00 -2.29587200390390828997e-02
4.14141414141414145433e+02 2.08933739754919489684e+00 -1.87558660488936976285e-02
4.21212121212121189728e+02 2.08472579531315904688e+00 -1.45530120587483123573e-02
4.28282828282828290867e+02 2.08011419307712319693e+00 -1.03501580686029288209e-02
4.35353535353535335162e+02 2.07550259084108734697e+00 -6.14730407845754528440e-03
4.42424242424242436300e+02 2.07089098860505149702e+00 -1.94445008831216218162e-03
4.49494949494949480595e+02 2.06627938636901564706e+00 1.29861109779794993944e-03
4.56565656565656581733e+02 2.06166778413297979711e+00 4.54167228390806206051e-03
4.63636363636363626028e+02 2.05705618189694394715e+00 6.69850897491153750296e-03
4.70707070707070727167e+02 2.05244457966090809720e+00 8.85534566591501294541e-03
4.77777777777777771462e+02 2.04783297742487224724e+00 1.10121823569184883879e-02
4.84848484848484872600e+02 2.04322137518883639729e+00 1.20501261902478257193e-02
4.91919191919191916895e+02 2.03860977295280054733e+00 1.30880700235771630507e-02
4.98989898989898961190e+02 2.03399817071676469737e+00 1.39878649793484608616e-02
5.06060606060606062329e+02 2.02938656848072884742e+00 1.48876599351197586724e-02
5.13131313131313163467e+02 2.02684498136383473010e+00 1.44588450321010072996e-02
5.20202020202020207762e+02 2.02430339424694061279e+00 1.40300301290822559269e-02
5.27272727272727252057e+02 2.02176180713004649547e+00 1.36012152260635045542e-02
5.34343434343434410039e+02 2.01922022001315237816e+00 1.31724003230447531815e-02
5.41414141414141454334e+02 2.01667863289625826084e+00 1.27435854200260018088e-02
5.48484848484848498629e+02 2.01413704577936414353e+00 1.23147705170072504360e-02
5.55555555555555542924e+02 2.01159545866247002621e+00 1.18859556139884990633e-02
5.62626262626262587219e+02 2.00905387154557590890e+00 1.14571407109697476906e-02
5.69696969696969745200e+02 2.00651228442868179158e+00 1.10283258079509963179e-02
5.76767676767676789495e+02 2.00397069731178767427e+00 1.07745667498221932290e-02
5.83838383838383833790e+02 2.00142911019489355695e+00 1.05208076916933901401e-02
5.90909090909090878085e+02 1.99888752307799921759e+00 1.02930808822282657267e-02
5.97979797979797922380e+02 1.99634593596110487823e+00 1.00653540727631413132e-02
6.05050505050505080362e+02 1.99380434884421053887e+00 9.83762726329801689973e-03
6.12121212121212124657e+02 1.99126276172731619951e+00 9.60990045383289248626e-03
6.19191919191919168952e+02 1.98872117461042186015e+00 9.38217364436776807279e-03
6.26262626262626326934e+02 1.98617958749352752079e+00 9.15444683490264365933e-03
6.33333333333333371229e+02 1.98363800037663318143e+00 8.92672002543751924586e-03
6.40404040404040415524e+02 1.98109641325973884207e+00 8.69899321597239483239e-03
6.47474747474747459819e+02 1.97855482614284450271e+00 8.47126640650727041892e-03
6.54545454545454504114e+02 1.97601323902595016335e+00 8.24353959704214600546e-03
6.61616161616161662096e+02 1.97347165190905582399e+00 8.01581278757702159199e-03
6.68686868686868706391e+02 1.97093006479216148463e+00 7.78808597811189717852e-03
6.75757575757575750686e+02 1.96838847767526714527e+00 7.56035916864677276505e-03
6.82828282828282908667e+02 1.96584689055837280591e+00 7.33263235918164835159e-03
6.89898989898989839276e+02 1.96330530344147846655e+00 7.10490554971652393812e-03
6.96969696969696997257e+02 1.96076371632458412719e+00 6.87717874025139952465e-03
7.04040404040404041552e+02 1.96076371632458412719e+00 6.64945193078627511118e-03
7.11111111111111085847e+02 1.96076371632458412719e+00 6.42172512132115069772e-03
7.18181818181818243829e+02 1.96076371632458412719e+00 6.19399831185602628425e-03
7.25252525252525288124e+02 1.96076371632458412719e+00 5.96627150239090187078e-03
7.32323232323232332419e+02 1.96076371632458412719e+00 5.73854469292577745732e-03
7.39393939393939376714e+02 1.96076371632458412719e+00 5.51081788346065304385e-03
7.46464646464646421009e+02 1.96076371632458412719e+00 5.28309107399552863038e-03
7.53535353535353578991e+02 1.96076371632458412719e+00 5.05536426453040421691e-03
7.60606060606060623286e+02 1.96076371632458412719e+00 4.82763745506527980345e-03
7.67676767676767667581e+02 1.96076371632458412719e+00 4.59991064560015538998e-03
7.74747474747474825563e+02 1.96076371632458412719e+00 4.37218383613503097651e-03
7.81818181818181756171e+02 1.96076371632458412719e+00 4.14445702666990656304e-03
7.88888888888888914153e+02 1.96076371632458412719e+00 3.91673021720478214958e-03
7.95959595959595958448e+02 1.96076371632458412719e+00 3.68900340773965773611e-03
8.03030303030303002743e+02 1.96076371632458412719e+00 3.46127659827453375632e-03
8.10101010101010160724e+02 1.96076371632458412719e+00 3.23354978880940977654e-03
8.17171717171717205019e+02 1.96076371632458412719e+00 3.00582297934428579675e-03
8.24242424242424249314e+02 1.96076371632458412719e+00 2.77809616987916181696e-03
8.31313131313131407296e+02 1.96076371632458412719e+00 2.55036936041403783718e-03
8.38383838383838337904e+02 1.96076371632458412719e+00 2.32264255094891385739e-03
8.45454545454545495886e+02 1.96076371632458412719e+00 2.09491574148378987760e-03
8.52525252525252540181e+02 1.96076371632458412719e+00 1.86718893201866589782e-03
8.59595959595959584476e+02 1.96076371632458412719e+00 1.63946212255354191803e-03
8.66666666666666742458e+02 1.96076371632458412719e+00 1.41173531308841793824e-03
8.73737373737373673066e+02 1.96076371632458412719e+00 1.18400850362329395846e-03
8.80808080808080831048e+02 1.96076371632458412719e+00 9.56281694158170087090e-04
8.87878787878787875343e+02 1.96076371632458412719e+00 7.28554884693046215724e-04
8.94949494949494919638e+02 1.96076371632458412719e+00 5.00828075227922344358e-04
9.02020202020202077620e+02 1.96076371632458412719e+00 2.73101265762798472991e-04
9.09090909090909121915e+02 1.96076371632458412719e+00 4.53744562976745812962e-05
9.16161616161616166210e+02 1.96076371632458412719e+00 2.26872281488372906481e-05
9.23232323232323210505e+02 1.96076371632458412719e+00 0.00000000000000000000e+00
9.30303030303030368486e+02 1.96076371632458412719e+00 0.00000000000000000000e+00
9.37373737373737412781e+02 1.96076371632458412719e+00 0.00000000000000000000e+00
9.44444444444444457076e+02 1.96076371632458412719e+00 0.00000000000000000000e+00
9.51515151515151501371e+02 1.96076371632458412719e+00 0.00000000000000000000e+00
9.58585858585858659353e+02 1.96076371632458412719e+00 0.00000000000000000000e+00
9.65656565656565703648e+02 1.96076371632458412719e+00 0.00000000000000000000e+00
9.72727272727272747943e+02 1.96076371632458412719e+00 0.00000000000000000000e+00
9.79797979797979792238e+02 1.96076371632458412719e+00 0.00000000000000000000e+00
9.86868686868686836533e+02 1.96076371632458412719e+00 0.00000000000000000000e+00
9.93939393939393994515e+02 1.96076371632458412719e+00 0.00000000000000000000e+00
1.00101010101010103881e+03 1.96076371632458412719e+00 0.00000000000000000000e+00
1.00808080808080808310e+03 1.96076371632458412719e+00 0.00000000000000000000e+00
1.01515151515151512740e+03 1.96076371632458412719e+00 0.00000000000000000000e+00
1.02222222222222228538e+03 1.96076371632458412719e+00 0.00000000000000000000e+00
1.02929292929292932968e+03 1.96076371632458412719e+00 0.00000000000000000000e+00
1.03636363636363648766e+03 1.96076371632458412719e+00 0.00000000000000000000e+00
1.04343434343434341827e+03 1.96076371632458412719e+00 0.00000000000000000000e+00
1.05050505050505057625e+03 1.96076371632458412719e+00 0.00000000000000000000e+00
1.05757575757575750686e+03 1.96076371632458412719e+00 0.00000000000000000000e+00
1.06464646464646466484e+03 1.96076371632458412719e+00 0.00000000000000000000e+00
1.07171717171717182282e+03 1.96076371632458412719e+00 0.00000000000000000000e+00
1.07878787878787875343e+03 1.96076371632458412719e+00 0.00000000000000000000e+00
1.08585858585858591141e+03 1.96076371632458412719e+00 0.00000000000000000000e+00
1.09292929292929284202e+03 1.96076371632458412719e+00 0.00000000000000000000e+00
1.10000000000000000000e+03 1.96076371632458412719e+00 0.00000000000000000000e+00


TRANSMITTANCE WITH THE ESTIMATED THICKNESSES AND OPTICAL PARAMETERS

lambda                     t
4.00000000000000000000e+02 8.39300001879078161338e-01
4.07070707070707044295e+02 8.23579974559887184604e-01
4.14141414141414145433e+02 8.06722793275134630875e-01
4.21212121212121189728e+02 7.93173824442627739550e-01
4.28282828282828290867e+02 7.82339893929079654988e-01
4.35353535353535335162e+02 7.73705983326181456761e-01
4.42424242424242436300e+02 7.66825636322948089862e-01
4.49494949494949480595e+02 7.64312273297139466166e-01
4.56565656565656581733e+02 7.62810428639354332070e-01
4.63636363636363626028e+02 7.65440635508657929442e-01
4.70707070707070727167e+02 7.68567961599216142865e-01
4.77777777777777771462e+02 7.71977069417163375142e-01
4.84848484848484872600e+02 7.79034434576637346836e-01
4.91919191919191916895e+02 7.86048502966908424483e-01
4.98989898989898961190e+02 7.93309598891553391375e-01
5.06060606060606062329e+02 8.00241029725146879592e-01
5.13131313131313163467e+02 8.10278830189131160644e-01
5.20202020202020207762e+02 8.19921444740143057217e-01
5.27272727272727252057e+02 8.29082645114814220655e-01
5.34343434343434410039e+02 8.37690095458549777163e-01
5.41414141414141454334e+02 8.45685627284896268563e-01
5.48484848484848498629e+02 8.53025176052219391565e-01
5.55555555555555542924e+02 8.59678389219218908046e-01
5.62626262626262587219e+02 8.65627933805746319074e-01
5.69696969696969745200e+02 8.70868546170497248582e-01
5.76767676767676789495e+02 8.74845661101376070867e-01
5.83838383838383833790e+02 8.78147585605763558725e-01
5.90909090909090878085e+02 8.80718830745171987751e-01
5.97979797979797922380e+02 8.82675102316782700385e-01
6.05050505050505080362e+02 8.84053772922332892215e-01
6.12121212121212124657e+02 8.84895838114291621856e-01
6.19191919191919168952e+02 8.85244698793835493866e-01
6.26262626262626326934e+02 8.85145073191335729490e-01
6.33333333333333371229e+02 8.84642049761226401117e-01
6.40404040404040415524e+02 8.83780284673765903491e-01
6.47474747474747459819e+02 8.82603341325463142120e-01
6.54545454545454504114e+02 8.81153164487550988326e-01
6.61616161616161662096e+02 8.79469678311210922850e-01
6.68686868686868706391e+02 8.77590495266298509236e-01
6.75757575757575750686e+02 8.75550722014948989980e-01
6.82828282828282908667e+02 8.73382848001065359433e-01
6.89898989898989839276e+02 8.71116702962779654307e-01
6.96969696969696997257e+02 8.68779470457129887606e-01
7.04040404040404041552e+02 8.66536330949702171544e-01
7.11111111111111085847e+02 8.64236873740237721009e-01
7.18181818181818243829e+02 8.61895426671626219139e-01
7.25252525252525288124e+02 8.59525051617116009339e-01
7.32323232323232332419e+02 8.57137601609321730933e-01
7.39393939393939376714e+02 8.54743783352630903671e-01
7.46464646464646421009e+02 8.52353223131378845423e-01
7.53535353535353578991e+02 8.49974534468617370919e-01
7.60606060606060623286e+02 8.47615386195545550407e-01
7.67676767676767667581e+02 8.45282569859899246545e-01
7.74747474747474825563e+02 8.42982065634191757297e-01
7.81818181818181756171e+02 8.40719106083778533467e-01
7.88888888888888914153e+02 8.38498237323196615733e-01
7.95959595959595958448e+02 8.36323377229971520741e-01
8.03030303030303002743e+02 8.34197870501301008694e-01
8.10101010101010160724e+02 8.32124540433691328722e-01
8.17171717171717205019e+02 8.30105737381635511163e-01
8.24242424242424249314e+02 8.28143383911466912650e-01
8.31313131313131407296e+02 8.26239016713051555030e-01
8.38383838383838337904e+02 8.24393825367116361846e-01
8.45454545454545495886e+02 8.22608688091737150216e-01
8.52525252525252540181e+02 8.20884204609470979896e-01
8.59595959595959584476e+02 8.19220726288267364623e-01
8.66666666666666742458e+02 8.17618383715890684194e-01
8.73737373737373673066e+02 8.16077111870120663895e-01
8.80808080808080831048e+02 8.14596673046458552570e-01
8.87878787878787875343e+02 8.13176677702073580356e-01
8.94949494949494919638e+02 8.11816603369942657586e-01
9.02020202020202077620e+02 8.10515811791079010540e-01
9.09090909090909121915e+02 8.09273564405764478380e-01
9.16161616161616166210e+02 8.07787582757094169139e-01
9.23232323232323210505e+02 8.06364158395195707030e-01
9.30303030303030368486e+02 8.04969273248991923353e-01
9.37373737373737412781e+02 8.03634908188200158818e-01
9.44444444444444457076e+02 8.02359671167196419894e-01
9.51515151515151501371e+02 8.01142155011829615319e-01
9.58585858585858659353e+02 7.99980943662000898442e-01
9.65656565656565703648e+02 7.98874617664177111287e-01
9.72727272727272747943e+02 7.97821758988664697654e-01
9.79797979797979792238e+02 7.96820955239746941956e-01
9.86868686868686836533e+02 7.95870803320566477801e-01
9.93939393939393994515e+02 7.94969912608918916064e-01
1.00101010101010103881e+03 7.94116907694855989064e-01
1.00808080808080808310e+03 7.93310430726185678019e-01
1.01515151515151512740e+03 7.92549143403550648834e-01
1.02222222222222228538e+03 7.91831728662740652602e-01
1.02929292929292932968e+03 7.91156892078238804800e-01
1.03636363636363648766e+03 7.90523363018659108725e-01
1.04343434343434341827e+03 7.89929895581704677454e-01
1.05050505050505057625e+03 7.89375269333532081362e-01
1.05757575757575750686e+03 7.88858289874901807970e-01
1.06464646464646466484e+03 7.88377789254245842088e-01
1.07171717171717182282e+03 7.87932626245735345805e-01
1.07878787878787875343e+03 7.87521686508583784736e-01
1.08585858585858591141e+03 7.87143882642142078687e-01
1.09292929292929284202e+03 7.86798154149845219152e-01
1.10000000000000000000e+03 7.86483467323706997298e-01


QUADRATIC ERROR = 5.870785e-03
