0.7300E+03  0.1974E+01  0.1921E-01
0.7310E+03  0.1974E+01  0.1927E-01
0.7320E+03  0.1974E+01  0.1933E-01
0.7330E+03  0.1974E+01  0.1939E-01
0.7340E+03  0.1974E+01  0.1948E-01
0.7350E+03  0.1974E+01  0.1950E-01
0.7360E+03  0.1974E+01  0.1956E-01
0.7370E+03  0.1974E+01  0.1961E-01
0.7380E+03  0.1974E+01  0.1967E-01
0.7390E+03  0.1973E+01  0.1972E-01
0.7400E+03  0.1973E+01  0.1973E-01
0.7410E+03  0.1973E+01  0.1978E-01
0.7420E+03  0.1973E+01  0.1979E-01
0.7430E+03  0.1973E+01  0.1985E-01
0.7440E+03  0.1973E+01  0.1990E-01
0.7450E+03  0.1973E+01  0.1990E-01
0.7460E+03  0.1973E+01  0.1995E-01
0.7470E+03  0.1972E+01  0.1996E-01
0.7480E+03  0.1972E+01  0.2001E-01
0.7490E+03  0.1972E+01  0.2001E-01
0.7500E+03  0.1972E+01  0.2002E-01
0.7510E+03  0.1972E+01  0.2007E-01
0.7520E+03  0.1972E+01  0.2007E-01
0.7530E+03  0.1972E+01  0.2012E-01
0.7540E+03  0.1972E+01  0.2012E-01
0.7550E+03  0.1972E+01  0.2012E-01
0.7560E+03  0.1971E+01  0.2012E-01
0.7570E+03  0.1971E+01  0.2012E-01
0.7580E+03  0.1971E+01  0.2016E-01
0.7590E+03  0.1971E+01  0.2016E-01
0.7600E+03  0.1971E+01  0.2016E-01
0.7610E+03  0.1971E+01  0.2016E-01
0.7620E+03  0.1971E+01  0.2016E-01
0.7630E+03  0.1971E+01  0.2016E-01
0.7640E+03  0.1970E+01  0.2015E-01
0.7650E+03  0.1970E+01  0.2019E-01
0.7660E+03  0.1970E+01  0.2019E-01
0.7670E+03  0.1970E+01  0.2019E-01
0.7680E+03  0.1970E+01  0.2018E-01
0.7690E+03  0.1970E+01  0.2013E-01
0.7700E+03  0.1970E+01  0.2013E-01
