41
830.000000   0.825800
831.000000   0.825600
832.000000   0.825400
833.000000   0.825300
834.000000   0.825200
835.000000   0.825100
836.000000   0.825000
837.000000   0.824900
838.000000   0.824700
839.000000   0.824600
840.000000   0.824500
841.000000   0.824400
842.000000   0.824300
843.000000   0.824300
844.000000   0.824300
845.000000   0.824200
846.000000   0.824100
847.000000   0.824000
848.000000   0.824000
849.000000   0.823900
850.000000   0.823800
851.000000   0.823800
852.000000   0.823600
853.000000   0.823400
854.000000   0.823300
855.000000   0.823300
856.000000   0.823100
857.000000   0.823000
858.000000   0.822900
859.000000   0.822700
860.000000   0.822600
861.000000   0.822500
862.000000   0.822300
863.000000   0.822100
864.000000   0.822000
865.000000   0.822000
866.000000   0.821900
867.000000   0.821900
868.000000   0.821800
869.000000   0.821700
870.000000   0.821600
