0.8800E+03  0.1944E+01  0.1126E-01
0.8810E+03  0.1944E+01  0.1117E-01
0.8820E+03  0.1943E+01  0.1102E-01
0.8830E+03  0.1943E+01  0.1093E-01
0.8840E+03  0.1943E+01  0.1084E-01
0.8850E+03  0.1942E+01  0.1075E-01
0.8860E+03  0.1942E+01  0.1066E-01
0.8870E+03  0.1942E+01  0.1057E-01
0.8880E+03  0.1941E+01  0.1043E-01
0.8890E+03  0.1941E+01  0.1034E-01
0.8900E+03  0.1940E+01  0.1025E-01
0.8910E+03  0.1940E+01  0.1016E-01
0.8920E+03  0.1940E+01  0.1007E-01
0.8930E+03  0.1940E+01  0.9986E-02
0.8940E+03  0.1939E+01  0.9899E-02
0.8950E+03  0.1939E+01  0.9813E-02
0.8960E+03  0.1938E+01  0.9677E-02
0.8970E+03  0.1938E+01  0.9593E-02
0.8980E+03  0.1938E+01  0.9509E-02
0.8990E+03  0.1938E+01  0.9424E-02
0.9000E+03  0.1937E+01  0.9338E-02
0.9010E+03  0.1937E+01  0.9201E-02
0.9020E+03  0.1937E+01  0.9114E-02
0.9030E+03  0.1937E+01  0.9027E-02
0.9040E+03  0.1936E+01  0.8940E-02
0.9050E+03  0.1936E+01  0.8854E-02
0.9060E+03  0.1936E+01  0.8720E-02
0.9070E+03  0.1936E+01  0.8635E-02
0.9080E+03  0.1936E+01  0.8550E-02
0.9090E+03  0.1935E+01  0.8466E-02
0.9100E+03  0.1935E+01  0.8381E-02
0.9110E+03  0.1935E+01  0.8298E-02
0.9120E+03  0.1935E+01  0.8166E-02
0.9130E+03  0.1935E+01  0.8083E-02
0.9140E+03  0.1934E+01  0.8000E-02
0.9150E+03  0.1934E+01  0.7917E-02
0.9160E+03  0.1934E+01  0.7834E-02
0.9170E+03  0.1934E+01  0.7752E-02
0.9180E+03  0.1934E+01  0.7670E-02
0.9190E+03  0.1934E+01  0.7588E-02
0.9200E+03  0.1934E+01  0.7506E-02
