580.000000   1.984510   0.000000
581.000000   1.984421   0.000000
582.000000   1.984331   0.000000
583.000000   1.984242   0.000000
584.000000   1.984153   0.000000
585.000000   1.984064   0.000000
586.000000   1.983974   0.000000
587.000000   1.983885   0.000007
588.000000   1.983796   0.000069
589.000000   1.983707   0.000177
590.000000   1.983617   0.000312
591.000000   1.983528   0.000455
592.000000   1.983439   0.000590
593.000000   1.983350   0.000740
594.000000   1.983260   0.000906
595.000000   1.983171   0.001080
596.000000   1.983082   0.001254
597.000000   1.982992   0.001420
598.000000   1.982903   0.001583
599.000000   1.982814   0.001747
600.000000   1.982725   0.001910
601.000000   1.982635   0.002074
602.000000   1.982546   0.002238
603.000000   1.982457   0.002401
604.000000   1.982368   0.002565
605.000000   1.982278   0.002729
606.000000   1.982189   0.002892
607.000000   1.982100   0.003056
608.000000   1.982011   0.003219
609.000000   1.981921   0.003383
610.000000   1.981832   0.003547
611.000000   1.981743   0.003710
612.000000   1.981654   0.003874
613.000000   1.981564   0.004038
614.000000   1.981475   0.004201
615.000000   1.981386   0.004365
616.000000   1.981297   0.004528
617.000000   1.981207   0.004692
618.000000   1.981118   0.004856
619.000000   1.981029   0.005019
620.000000   1.980940   0.005183
