0.4800E+03  0.2032E+01  0.0000E+00
0.4810E+03  0.2032E+01  0.0000E+00
0.4820E+03  0.2032E+01  0.0000E+00
0.4830E+03  0.2032E+01  0.0000E+00
0.4840E+03  0.2031E+01  0.0000E+00
0.4850E+03  0.2031E+01  0.0000E+00
0.4860E+03  0.2031E+01  0.0000E+00
0.4870E+03  0.2031E+01  0.0000E+00
0.4880E+03  0.2030E+01  0.0000E+00
0.4890E+03  0.2030E+01  0.0000E+00
0.4900E+03  0.2030E+01  0.0000E+00
0.4910E+03  0.2029E+01  0.0000E+00
0.4920E+03  0.2029E+01  0.0000E+00
0.4930E+03  0.2029E+01  0.0000E+00
0.4940E+03  0.2029E+01  0.0000E+00
0.4950E+03  0.2028E+01  0.0000E+00
0.4960E+03  0.2028E+01  0.0000E+00
0.4970E+03  0.2028E+01  0.0000E+00
0.4980E+03  0.2027E+01  0.0000E+00
0.4990E+03  0.2027E+01  0.0000E+00
0.5000E+03  0.2027E+01  0.0000E+00
0.5010E+03  0.2026E+01  0.0000E+00
0.5020E+03  0.2026E+01  0.0000E+00
0.5030E+03  0.2026E+01  0.0000E+00
0.5040E+03  0.2025E+01  0.0000E+00
0.5050E+03  0.2025E+01  0.0000E+00
0.5060E+03  0.2025E+01  0.0000E+00
0.5070E+03  0.2024E+01  0.0000E+00
0.5080E+03  0.2024E+01  0.0000E+00
0.5090E+03  0.2024E+01  0.0000E+00
0.5100E+03  0.2023E+01  0.0000E+00
0.5110E+03  0.2023E+01  0.0000E+00
0.5120E+03  0.2023E+01  0.0000E+00
0.5130E+03  0.2022E+01  0.0000E+00
0.5140E+03  0.2022E+01  0.0000E+00
0.5150E+03  0.2022E+01  0.0000E+00
0.5160E+03  0.2021E+01  0.0000E+00
0.5170E+03  0.2021E+01  0.0000E+00
0.5180E+03  0.2021E+01  0.0000E+00
0.5190E+03  0.2020E+01  0.0000E+00
0.5200E+03  0.2020E+01  0.0000E+00
