0.4000E+03  0.8404E+02  0.8404E+02
0.4010E+03  0.8379E+02  0.8379E+02
0.4020E+03  0.8353E+02  0.8353E+02
0.4030E+03  0.8328E+02  0.8328E+02
0.4040E+03  0.8304E+02  0.8304E+02
0.4050E+03  0.8279E+02  0.8279E+02
0.4060E+03  0.8255E+02  0.8255E+02
0.4070E+03  0.8231E+02  0.8231E+02
0.4080E+03  0.8208E+02  0.8208E+02
0.4090E+03  0.8185E+02  0.8185E+02
0.4100E+03  0.8163E+02  0.8163E+02
0.4110E+03  0.8140E+02  0.8140E+02
0.4120E+03  0.8118E+02  0.8118E+02
0.4130E+03  0.8097E+02  0.8097E+02
0.4140E+03  0.8076E+02  0.8076E+02
0.4150E+03  0.8055E+02  0.8055E+02
0.4160E+03  0.8035E+02  0.8035E+02
0.4170E+03  0.8015E+02  0.8015E+02
0.4180E+03  0.7996E+02  0.7996E+02
0.4190E+03  0.7976E+02  0.7976E+02
0.4200E+03  0.7958E+02  0.7958E+02
0.4210E+03  0.7940E+02  0.7940E+02
0.4220E+03  0.7922E+02  0.7922E+02
0.4230E+03  0.7905E+02  0.7905E+02
0.4240E+03  0.7888E+02  0.7888E+02
0.4250E+03  0.7872E+02  0.7872E+02
0.4260E+03  0.7856E+02  0.7856E+02
0.4270E+03  0.7840E+02  0.7840E+02
0.4280E+03  0.7826E+02  0.7826E+02
0.4290E+03  0.7811E+02  0.7811E+02
0.4300E+03  0.7797E+02  0.7797E+02
0.4310E+03  0.7784E+02  0.7784E+02
0.4320E+03  0.7771E+02  0.7771E+02
0.4330E+03  0.7759E+02  0.7759E+02
0.4340E+03  0.7747E+02  0.7747E+02
0.4350E+03  0.7737E+02  0.7737E+02
0.4360E+03  0.7726E+02  0.7726E+02
0.4370E+03  0.7716E+02  0.7716E+02
0.4380E+03  0.7707E+02  0.7707E+02
0.4390E+03  0.7698E+02  0.7698E+02
0.4400E+03  0.7690E+02  0.7690E+02
0.4410E+03  0.7683E+02  0.7683E+02
0.4420E+03  0.7676E+02  0.7676E+02
0.4430E+03  0.7670E+02  0.7670E+02
0.4440E+03  0.7664E+02  0.7664E+02
0.4450E+03  0.7659E+02  0.7659E+02
0.4460E+03  0.7654E+02  0.7654E+02
0.4470E+03  0.7650E+02  0.7650E+02
0.4480E+03  0.7647E+02  0.7647E+02
0.4490E+03  0.7643E+02  0.7643E+02
0.4500E+03  0.7641E+02  0.7641E+02
0.4510E+03  0.7638E+02  0.7638E+02
0.4520E+03  0.7637E+02  0.7637E+02
0.4530E+03  0.7636E+02  0.7636E+02
0.4540E+03  0.7635E+02  0.7635E+02
0.4550E+03  0.7634E+02  0.7634E+02
0.4560E+03  0.7634E+02  0.7634E+02
0.4570E+03  0.7635E+02  0.7635E+02
0.4580E+03  0.7636E+02  0.7636E+02
0.4590E+03  0.7638E+02  0.7638E+02
0.4600E+03  0.7639E+02  0.7639E+02
0.4610E+03  0.7642E+02  0.7642E+02
0.4620E+03  0.7644E+02  0.7644E+02
0.4630E+03  0.7647E+02  0.7647E+02
0.4640E+03  0.7650E+02  0.7650E+02
0.4650E+03  0.7653E+02  0.7653E+02
0.4660E+03  0.7657E+02  0.7657E+02
0.4670E+03  0.7662E+02  0.7662E+02
0.4680E+03  0.7666E+02  0.7666E+02
0.4690E+03  0.7671E+02  0.7671E+02
0.4700E+03  0.7676E+02  0.7676E+02
0.4710E+03  0.7682E+02  0.7682E+02
0.4720E+03  0.7688E+02  0.7688E+02
0.4730E+03  0.7694E+02  0.7694E+02
0.4740E+03  0.7700E+02  0.7700E+02
0.4750E+03  0.7707E+02  0.7707E+02
0.4760E+03  0.7714E+02  0.7714E+02
0.4770E+03  0.7722E+02  0.7722E+02
0.4780E+03  0.7729E+02  0.7729E+02
0.4790E+03  0.7737E+02  0.7737E+02
0.4800E+03  0.7745E+02  0.7745E+02
0.4810E+03  0.7753E+02  0.7753E+02
0.4820E+03  0.7762E+02  0.7762E+02
0.4830E+03  0.7771E+02  0.7771E+02
0.4840E+03  0.7780E+02  0.7780E+02
0.4850E+03  0.7789E+02  0.7789E+02
0.4860E+03  0.7798E+02  0.7798E+02
0.4870E+03  0.7808E+02  0.7808E+02
0.4880E+03  0.7817E+02  0.7817E+02
0.4890E+03  0.7827E+02  0.7827E+02
0.4900E+03  0.7838E+02  0.7838E+02
0.4910E+03  0.7848E+02  0.7848E+02
0.4920E+03  0.7859E+02  0.7859E+02
0.4930E+03  0.7869E+02  0.7869E+02
0.4940E+03  0.7880E+02  0.7880E+02
0.4950E+03  0.7891E+02  0.7891E+02
0.4960E+03  0.7902E+02  0.7902E+02
0.4970E+03  0.7913E+02  0.7913E+02
0.4980E+03  0.7924E+02  0.7924E+02
0.4990E+03  0.7936E+02  0.7936E+02
0.5000E+03  0.7947E+02  0.7947E+02
0.5010E+03  0.7959E+02  0.7959E+02
0.5020E+03  0.7971E+02  0.7971E+02
0.5030E+03  0.7983E+02  0.7983E+02
0.5040E+03  0.7995E+02  0.7995E+02
0.5050E+03  0.8007E+02  0.8007E+02
0.5060E+03  0.8019E+02  0.8019E+02
0.5070E+03  0.8031E+02  0.8031E+02
0.5080E+03  0.8043E+02  0.8043E+02
0.5090E+03  0.8055E+02  0.8055E+02
0.5100E+03  0.8068E+02  0.8068E+02
0.5110E+03  0.8080E+02  0.8080E+02
0.5120E+03  0.8093E+02  0.8093E+02
0.5130E+03  0.8105E+02  0.8105E+02
0.5140E+03  0.8117E+02  0.8117E+02
0.5150E+03  0.8130E+02  0.8130E+02
0.5160E+03  0.8142E+02  0.8142E+02
0.5170E+03  0.8155E+02  0.8155E+02
0.5180E+03  0.8167E+02  0.8167E+02
0.5190E+03  0.8180E+02  0.8180E+02
0.5200E+03  0.8192E+02  0.8192E+02
0.5210E+03  0.8204E+02  0.8204E+02
0.5220E+03  0.8217E+02  0.8217E+02
0.5230E+03  0.8229E+02  0.8229E+02
0.5240E+03  0.8242E+02  0.8242E+02
0.5250E+03  0.8254E+02  0.8254E+02
0.5260E+03  0.8266E+02  0.8266E+02
0.5270E+03  0.8279E+02  0.8279E+02
0.5280E+03  0.8291E+02  0.8291E+02
0.5290E+03  0.8303E+02  0.8303E+02
0.5300E+03  0.8315E+02  0.8315E+02
0.5310E+03  0.8327E+02  0.8327E+02
0.5320E+03  0.8339E+02  0.8339E+02
0.5330E+03  0.8351E+02  0.8351E+02
0.5340E+03  0.8363E+02  0.8363E+02
0.5350E+03  0.8375E+02  0.8375E+02
0.5360E+03  0.8387E+02  0.8387E+02
0.5370E+03  0.8399E+02  0.8399E+02
0.5380E+03  0.8410E+02  0.8410E+02
0.5390E+03  0.8422E+02  0.8422E+02
0.5400E+03  0.8433E+02  0.8433E+02
0.5410E+03  0.8445E+02  0.8445E+02
0.5420E+03  0.8456E+02  0.8456E+02
0.5430E+03  0.8467E+02  0.8467E+02
0.5440E+03  0.8477E+02  0.8477E+02
0.5450E+03  0.8488E+02  0.8488E+02
0.5460E+03  0.8499E+02  0.8499E+02
0.5470E+03  0.8510E+02  0.8510E+02
0.5480E+03  0.8520E+02  0.8520E+02
0.5490E+03  0.8531E+02  0.8531E+02
0.5500E+03  0.8541E+02  0.8541E+02
0.5510E+03  0.8551E+02  0.8551E+02
0.5520E+03  0.8561E+02  0.8561E+02
0.5530E+03  0.8571E+02  0.8571E+02
0.5540E+03  0.8581E+02  0.8581E+02
0.5550E+03  0.8591E+02  0.8591E+02
0.5560E+03  0.8600E+02  0.8600E+02
0.5570E+03  0.8609E+02  0.8609E+02
0.5580E+03  0.8619E+02  0.8619E+02
0.5590E+03  0.8628E+02  0.8628E+02
0.5600E+03  0.8637E+02  0.8637E+02
0.5610E+03  0.8645E+02  0.8645E+02
0.5620E+03  0.8654E+02  0.8654E+02
0.5630E+03  0.8662E+02  0.8662E+02
0.5640E+03  0.8670E+02  0.8670E+02
0.5650E+03  0.8678E+02  0.8678E+02
0.5660E+03  0.8686E+02  0.8686E+02
0.5670E+03  0.8694E+02  0.8694E+02
0.5680E+03  0.8702E+02  0.8702E+02
0.5690E+03  0.8709E+02  0.8709E+02
0.5700E+03  0.8717E+02  0.8717E+02
0.5710E+03  0.8724E+02  0.8724E+02
0.5720E+03  0.8731E+02  0.8731E+02
0.5730E+03  0.8737E+02  0.8737E+02
0.5740E+03  0.8744E+02  0.8744E+02
0.5750E+03  0.8750E+02  0.8750E+02
0.5760E+03  0.8756E+02  0.8756E+02
0.5770E+03  0.8763E+02  0.8763E+02
0.5780E+03  0.8769E+02  0.8769E+02
0.5790E+03  0.8774E+02  0.8774E+02
0.5800E+03  0.8780E+02  0.8780E+02
0.5810E+03  0.8786E+02  0.8786E+02
0.5820E+03  0.8791E+02  0.8791E+02
0.5830E+03  0.8796E+02  0.8796E+02
0.5840E+03  0.8801E+02  0.8801E+02
0.5850E+03  0.8806E+02  0.8806E+02
0.5860E+03  0.8811E+02  0.8811E+02
0.5870E+03  0.8815E+02  0.8815E+02
0.5880E+03  0.8820E+02  0.8820E+02
0.5890E+03  0.8824E+02  0.8824E+02
0.5900E+03  0.8828E+02  0.8828E+02
0.5910E+03  0.8832E+02  0.8832E+02
0.5920E+03  0.8836E+02  0.8836E+02
0.5930E+03  0.8840E+02  0.8840E+02
0.5940E+03  0.8844E+02  0.8844E+02
0.5950E+03  0.8847E+02  0.8847E+02
0.5960E+03  0.8851E+02  0.8851E+02
0.5970E+03  0.8854E+02  0.8854E+02
0.5980E+03  0.8856E+02  0.8856E+02
0.5990E+03  0.8859E+02  0.8859E+02
0.6000E+03  0.8862E+02  0.8862E+02
0.6010E+03  0.8864E+02  0.8864E+02
0.6020E+03  0.8867E+02  0.8867E+02
0.6030E+03  0.8869E+02  0.8869E+02
0.6040E+03  0.8871E+02  0.8871E+02
0.6050E+03  0.8873E+02  0.8873E+02
0.6060E+03  0.8875E+02  0.8875E+02
0.6070E+03  0.8876E+02  0.8876E+02
0.6080E+03  0.8878E+02  0.8878E+02
0.6090E+03  0.8880E+02  0.8880E+02
0.6100E+03  0.8881E+02  0.8881E+02
0.6110E+03  0.8882E+02  0.8882E+02
0.6120E+03  0.8883E+02  0.8883E+02
0.6130E+03  0.8884E+02  0.8884E+02
0.6140E+03  0.8885E+02  0.8885E+02
0.6150E+03  0.8886E+02  0.8886E+02
0.6160E+03  0.8886E+02  0.8886E+02
0.6170E+03  0.8887E+02  0.8887E+02
0.6180E+03  0.8887E+02  0.8887E+02
0.6190E+03  0.8887E+02  0.8887E+02
0.6200E+03  0.8887E+02  0.8887E+02
0.6210E+03  0.8887E+02  0.8887E+02
0.6220E+03  0.8886E+02  0.8886E+02
0.6230E+03  0.8886E+02  0.8886E+02
0.6240E+03  0.8886E+02  0.8886E+02
0.6250E+03  0.8885E+02  0.8885E+02
0.6260E+03  0.8884E+02  0.8884E+02
0.6270E+03  0.8884E+02  0.8884E+02
0.6280E+03  0.8883E+02  0.8883E+02
0.6290E+03  0.8882E+02  0.8882E+02
0.6300E+03  0.8881E+02  0.8881E+02
0.6310E+03  0.8879E+02  0.8879E+02
0.6320E+03  0.8878E+02  0.8878E+02
0.6330E+03  0.8876E+02  0.8876E+02
0.6340E+03  0.8875E+02  0.8875E+02
0.6350E+03  0.8874E+02  0.8874E+02
0.6360E+03  0.8872E+02  0.8872E+02
0.6370E+03  0.8870E+02  0.8870E+02
0.6380E+03  0.8868E+02  0.8868E+02
0.6390E+03  0.8866E+02  0.8866E+02
0.6400E+03  0.8864E+02  0.8864E+02
0.6410E+03  0.8862E+02  0.8862E+02
0.6420E+03  0.8859E+02  0.8859E+02
0.6430E+03  0.8857E+02  0.8857E+02
0.6440E+03  0.8855E+02  0.8855E+02
0.6450E+03  0.8853E+02  0.8853E+02
0.6460E+03  0.8850E+02  0.8850E+02
0.6470E+03  0.8848E+02  0.8848E+02
0.6480E+03  0.8845E+02  0.8845E+02
0.6490E+03  0.8843E+02  0.8843E+02
0.6500E+03  0.8840E+02  0.8840E+02
0.6510E+03  0.8837E+02  0.8837E+02
0.6520E+03  0.8834E+02  0.8834E+02
0.6530E+03  0.8831E+02  0.8831E+02
0.6540E+03  0.8828E+02  0.8828E+02
0.6550E+03  0.8825E+02  0.8825E+02
0.6560E+03  0.8822E+02  0.8822E+02
0.6570E+03  0.8819E+02  0.8819E+02
0.6580E+03  0.8816E+02  0.8816E+02
0.6590E+03  0.8813E+02  0.8813E+02
0.6600E+03  0.8810E+02  0.8810E+02
0.6610E+03  0.8807E+02  0.8807E+02
0.6620E+03  0.8804E+02  0.8804E+02
0.6630E+03  0.8800E+02  0.8800E+02
0.6640E+03  0.8797E+02  0.8797E+02
0.6650E+03  0.8793E+02  0.8793E+02
0.6660E+03  0.8789E+02  0.8789E+02
0.6670E+03  0.8786E+02  0.8786E+02
0.6680E+03  0.8782E+02  0.8782E+02
0.6690E+03  0.8779E+02  0.8779E+02
0.6700E+03  0.8775E+02  0.8775E+02
0.6710E+03  0.8771E+02  0.8771E+02
0.6720E+03  0.8767E+02  0.8767E+02
0.6730E+03  0.8763E+02  0.8763E+02
0.6740E+03  0.8759E+02  0.8759E+02
0.6750E+03  0.8755E+02  0.8755E+02
0.6760E+03  0.8750E+02  0.8750E+02
0.6770E+03  0.8746E+02  0.8746E+02
0.6780E+03  0.8742E+02  0.8742E+02
0.6790E+03  0.8738E+02  0.8738E+02
0.6800E+03  0.8734E+02  0.8734E+02
0.6810E+03  0.8729E+02  0.8729E+02
0.6820E+03  0.8725E+02  0.8725E+02
0.6830E+03  0.8721E+02  0.8721E+02
0.6840E+03  0.8717E+02  0.8717E+02
0.6850E+03  0.8712E+02  0.8712E+02
0.6860E+03  0.8708E+02  0.8708E+02
0.6870E+03  0.8704E+02  0.8704E+02
0.6880E+03  0.8699E+02  0.8699E+02
0.6890E+03  0.8694E+02  0.8694E+02
0.6900E+03  0.8690E+02  0.8690E+02
0.6910E+03  0.8686E+02  0.8686E+02
0.6920E+03  0.8681E+02  0.8681E+02
0.6930E+03  0.8677E+02  0.8677E+02
0.6940E+03  0.8672E+02  0.8672E+02
0.6950E+03  0.8667E+02  0.8667E+02
0.6960E+03  0.8663E+02  0.8663E+02
0.6970E+03  0.8658E+02  0.8658E+02
0.6980E+03  0.8654E+02  0.8654E+02
0.6990E+03  0.8650E+02  0.8650E+02
0.7000E+03  0.8645E+02  0.8645E+02
0.7010E+03  0.8641E+02  0.8641E+02
0.7020E+03  0.8637E+02  0.8637E+02
0.7030E+03  0.8633E+02  0.8633E+02
0.7040E+03  0.8629E+02  0.8629E+02
0.7050E+03  0.8625E+02  0.8625E+02
0.7060E+03  0.8620E+02  0.8620E+02
0.7070E+03  0.8616E+02  0.8616E+02
0.7080E+03  0.8611E+02  0.8611E+02
0.7090E+03  0.8607E+02  0.8607E+02
0.7100E+03  0.8603E+02  0.8603E+02
0.7110E+03  0.8599E+02  0.8599E+02
0.7120E+03  0.8595E+02  0.8595E+02
0.7130E+03  0.8591E+02  0.8591E+02
0.7140E+03  0.8586E+02  0.8586E+02
0.7150E+03  0.8582E+02  0.8582E+02
0.7160E+03  0.8578E+02  0.8578E+02
0.7170E+03  0.8574E+02  0.8574E+02
0.7180E+03  0.8570E+02  0.8570E+02
0.7190E+03  0.8566E+02  0.8566E+02
0.7200E+03  0.8562E+02  0.8562E+02
0.7210E+03  0.8558E+02  0.8558E+02
0.7220E+03  0.8554E+02  0.8554E+02
0.7230E+03  0.8550E+02  0.8550E+02
0.7240E+03  0.8546E+02  0.8546E+02
0.7250E+03  0.8542E+02  0.8542E+02
0.7260E+03  0.8538E+02  0.8538E+02
0.7270E+03  0.8534E+02  0.8534E+02
0.7280E+03  0.8530E+02  0.8530E+02
0.7290E+03  0.8526E+02  0.8526E+02
0.7300E+03  0.8521E+02  0.8521E+02
0.7310E+03  0.8517E+02  0.8517E+02
0.7320E+03  0.8513E+02  0.8513E+02
0.7330E+03  0.8509E+02  0.8509E+02
0.7340E+03  0.8504E+02  0.8504E+02
0.7350E+03  0.8501E+02  0.8501E+02
0.7360E+03  0.8497E+02  0.8497E+02
0.7370E+03  0.8493E+02  0.8493E+02
0.7380E+03  0.8489E+02  0.8489E+02
0.7390E+03  0.8485E+02  0.8485E+02
0.7400E+03  0.8482E+02  0.8482E+02
0.7410E+03  0.8478E+02  0.8478E+02
0.7420E+03  0.8475E+02  0.8475E+02
0.7430E+03  0.8471E+02  0.8471E+02
0.7440E+03  0.8467E+02  0.8467E+02
0.7450E+03  0.8464E+02  0.8464E+02
0.7460E+03  0.8460E+02  0.8460E+02
0.7470E+03  0.8457E+02  0.8457E+02
0.7480E+03  0.8453E+02  0.8453E+02
0.7490E+03  0.8450E+02  0.8450E+02
0.7500E+03  0.8447E+02  0.8447E+02
0.7510E+03  0.8443E+02  0.8443E+02
0.7520E+03  0.8440E+02  0.8440E+02
0.7530E+03  0.8436E+02  0.8436E+02
0.7540E+03  0.8433E+02  0.8433E+02
0.7550E+03  0.8430E+02  0.8430E+02
0.7560E+03  0.8427E+02  0.8427E+02
0.7570E+03  0.8424E+02  0.8424E+02
0.7580E+03  0.8420E+02  0.8420E+02
0.7590E+03  0.8417E+02  0.8417E+02
0.7600E+03  0.8414E+02  0.8414E+02
0.7610E+03  0.8411E+02  0.8411E+02
0.7620E+03  0.8408E+02  0.8408E+02
0.7630E+03  0.8405E+02  0.8405E+02
0.7640E+03  0.8402E+02  0.8402E+02
0.7650E+03  0.8398E+02  0.8398E+02
0.7660E+03  0.8395E+02  0.8395E+02
0.7670E+03  0.8392E+02  0.8392E+02
0.7680E+03  0.8389E+02  0.8389E+02
0.7690E+03  0.8387E+02  0.8387E+02
0.7700E+03  0.8384E+02  0.8384E+02
0.7710E+03  0.8382E+02  0.8382E+02
0.7720E+03  0.8379E+02  0.8379E+02
0.7730E+03  0.8376E+02  0.8376E+02
0.7740E+03  0.8372E+02  0.8372E+02
0.7750E+03  0.8369E+02  0.8369E+02
0.7760E+03  0.8367E+02  0.8367E+02
0.7770E+03  0.8364E+02  0.8364E+02
0.7780E+03  0.8362E+02  0.8362E+02
0.7790E+03  0.8359E+02  0.8359E+02
0.7800E+03  0.8356E+02  0.8356E+02
0.7810E+03  0.8353E+02  0.8353E+02
0.7820E+03  0.8349E+02  0.8349E+02
0.7830E+03  0.8346E+02  0.8346E+02
0.7840E+03  0.8343E+02  0.8343E+02
0.7850E+03  0.8340E+02  0.8340E+02
0.7860E+03  0.8338E+02  0.8338E+02
0.7870E+03  0.8335E+02  0.8335E+02
0.7880E+03  0.8333E+02  0.8333E+02
0.7890E+03  0.8330E+02  0.8330E+02
0.7900E+03  0.8328E+02  0.8328E+02
0.7910E+03  0.8326E+02  0.8326E+02
0.7920E+03  0.8325E+02  0.8325E+02
0.7930E+03  0.8322E+02  0.8322E+02
0.7940E+03  0.8320E+02  0.8320E+02
0.7950E+03  0.8318E+02  0.8318E+02
0.7960E+03  0.8316E+02  0.8316E+02
0.7970E+03  0.8314E+02  0.8314E+02
0.7980E+03  0.8311E+02  0.8311E+02
0.7990E+03  0.8309E+02  0.8309E+02
0.8000E+03  0.8307E+02  0.8307E+02
0.8010E+03  0.8305E+02  0.8305E+02
0.8020E+03  0.8303E+02  0.8303E+02
0.8030E+03  0.8300E+02  0.8300E+02
0.8040E+03  0.8296E+02  0.8296E+02
0.8050E+03  0.8294E+02  0.8294E+02
0.8060E+03  0.8292E+02  0.8292E+02
0.8070E+03  0.8290E+02  0.8290E+02
0.8080E+03  0.8288E+02  0.8288E+02
0.8090E+03  0.8285E+02  0.8285E+02
0.8100E+03  0.8283E+02  0.8283E+02
0.8110E+03  0.8282E+02  0.8282E+02
0.8120E+03  0.8280E+02  0.8280E+02
0.8130E+03  0.8278E+02  0.8278E+02
0.8140E+03  0.8277E+02  0.8277E+02
0.8150E+03  0.8276E+02  0.8276E+02
0.8160E+03  0.8274E+02  0.8274E+02
0.8170E+03  0.8273E+02  0.8273E+02
0.8180E+03  0.8271E+02  0.8271E+02
0.8190E+03  0.8270E+02  0.8270E+02
0.8200E+03  0.8269E+02  0.8269E+02
0.8210E+03  0.8267E+02  0.8267E+02
0.8220E+03  0.8266E+02  0.8266E+02
0.8230E+03  0.8265E+02  0.8265E+02
0.8240E+03  0.8264E+02  0.8264E+02
0.8250E+03  0.8262E+02  0.8262E+02
0.8260E+03  0.8262E+02  0.8262E+02
0.8270E+03  0.8261E+02  0.8261E+02
0.8280E+03  0.8260E+02  0.8260E+02
0.8290E+03  0.8259E+02  0.8259E+02
0.8300E+03  0.8258E+02  0.8258E+02
0.8310E+03  0.8256E+02  0.8256E+02
0.8320E+03  0.8254E+02  0.8254E+02
0.8330E+03  0.8253E+02  0.8253E+02
0.8340E+03  0.8252E+02  0.8252E+02
0.8350E+03  0.8251E+02  0.8251E+02
0.8360E+03  0.8250E+02  0.8250E+02
0.8370E+03  0.8249E+02  0.8249E+02
0.8380E+03  0.8247E+02  0.8247E+02
0.8390E+03  0.8246E+02  0.8246E+02
0.8400E+03  0.8245E+02  0.8245E+02
0.8410E+03  0.8244E+02  0.8244E+02
0.8420E+03  0.8243E+02  0.8243E+02
0.8430E+03  0.8243E+02  0.8243E+02
0.8440E+03  0.8243E+02  0.8243E+02
0.8450E+03  0.8242E+02  0.8242E+02
0.8460E+03  0.8241E+02  0.8241E+02
0.8470E+03  0.8240E+02  0.8240E+02
0.8480E+03  0.8240E+02  0.8240E+02
0.8490E+03  0.8239E+02  0.8239E+02
0.8500E+03  0.8238E+02  0.8238E+02
0.8510E+03  0.8238E+02  0.8238E+02
0.8520E+03  0.8236E+02  0.8236E+02
0.8530E+03  0.8234E+02  0.8234E+02
0.8540E+03  0.8233E+02  0.8233E+02
0.8550E+03  0.8233E+02  0.8233E+02
0.8560E+03  0.8231E+02  0.8231E+02
0.8570E+03  0.8230E+02  0.8230E+02
0.8580E+03  0.8229E+02  0.8229E+02
0.8590E+03  0.8227E+02  0.8227E+02
0.8600E+03  0.8226E+02  0.8226E+02
0.8610E+03  0.8225E+02  0.8225E+02
0.8620E+03  0.8223E+02  0.8223E+02
0.8630E+03  0.8221E+02  0.8221E+02
0.8640E+03  0.8220E+02  0.8220E+02
0.8650E+03  0.8220E+02  0.8220E+02
0.8660E+03  0.8219E+02  0.8219E+02
0.8670E+03  0.8219E+02  0.8219E+02
0.8680E+03  0.8218E+02  0.8218E+02
0.8690E+03  0.8217E+02  0.8217E+02
0.8700E+03  0.8216E+02  0.8216E+02
0.8710E+03  0.8216E+02  0.8216E+02
0.8720E+03  0.8215E+02  0.8215E+02
0.8730E+03  0.8214E+02  0.8214E+02
0.8740E+03  0.8213E+02  0.8213E+02
0.8750E+03  0.8212E+02  0.8212E+02
0.8760E+03  0.8212E+02  0.8212E+02
0.8770E+03  0.8211E+02  0.8211E+02
0.8780E+03  0.8210E+02  0.8210E+02
0.8790E+03  0.8209E+02  0.8209E+02
0.8800E+03  0.8208E+02  0.8208E+02
0.8810E+03  0.8207E+02  0.8207E+02
0.8820E+03  0.8207E+02  0.8207E+02
0.8830E+03  0.8206E+02  0.8206E+02
0.8840E+03  0.8205E+02  0.8205E+02
0.8850E+03  0.8204E+02  0.8204E+02
0.8860E+03  0.8203E+02  0.8203E+02
0.8870E+03  0.8202E+02  0.8202E+02
0.8880E+03  0.8202E+02  0.8202E+02
0.8890E+03  0.8201E+02  0.8201E+02
0.8900E+03  0.8200E+02  0.8200E+02
0.8910E+03  0.8199E+02  0.8199E+02
0.8920E+03  0.8198E+02  0.8198E+02
0.8930E+03  0.8197E+02  0.8197E+02
0.8940E+03  0.8196E+02  0.8196E+02
0.8950E+03  0.8195E+02  0.8195E+02
0.8960E+03  0.8195E+02  0.8195E+02
0.8970E+03  0.8194E+02  0.8194E+02
0.8980E+03  0.8193E+02  0.8193E+02
0.8990E+03  0.8192E+02  0.8192E+02
0.9000E+03  0.8191E+02  0.8191E+02
0.9010E+03  0.8191E+02  0.8191E+02
0.9020E+03  0.8190E+02  0.8190E+02
0.9030E+03  0.8189E+02  0.8189E+02
0.9040E+03  0.8188E+02  0.8188E+02
0.9050E+03  0.8187E+02  0.8187E+02
0.9060E+03  0.8187E+02  0.8187E+02
0.9070E+03  0.8186E+02  0.8186E+02
0.9080E+03  0.8185E+02  0.8185E+02
0.9090E+03  0.8184E+02  0.8184E+02
0.9100E+03  0.8183E+02  0.8183E+02
0.9110E+03  0.8182E+02  0.8182E+02
0.9120E+03  0.8182E+02  0.8182E+02
0.9130E+03  0.8181E+02  0.8181E+02
0.9140E+03  0.8180E+02  0.8180E+02
0.9150E+03  0.8179E+02  0.8179E+02
0.9160E+03  0.8178E+02  0.8178E+02
0.9170E+03  0.8177E+02  0.8177E+02
0.9180E+03  0.8176E+02  0.8176E+02
0.9190E+03  0.8175E+02  0.8175E+02
0.9200E+03  0.8174E+02  0.8174E+02
0.9210E+03  0.8173E+02  0.8173E+02
0.9220E+03  0.8172E+02  0.8172E+02
0.9230E+03  0.8171E+02  0.8171E+02
0.9240E+03  0.8170E+02  0.8170E+02
0.9250E+03  0.8169E+02  0.8169E+02
0.9260E+03  0.8168E+02  0.8168E+02
0.9270E+03  0.8167E+02  0.8167E+02
0.9280E+03  0.8166E+02  0.8166E+02
0.9290E+03  0.8165E+02  0.8165E+02
0.9300E+03  0.8164E+02  0.8164E+02
0.9310E+03  0.8163E+02  0.8163E+02
0.9320E+03  0.8161E+02  0.8161E+02
0.9330E+03  0.8160E+02  0.8160E+02
0.9340E+03  0.8159E+02  0.8159E+02
0.9350E+03  0.8158E+02  0.8158E+02
0.9360E+03  0.8156E+02  0.8156E+02
0.9370E+03  0.8155E+02  0.8155E+02
0.9380E+03  0.8154E+02  0.8154E+02
0.9390E+03  0.8153E+02  0.8153E+02
0.9400E+03  0.8151E+02  0.8151E+02
0.9410E+03  0.8150E+02  0.8150E+02
0.9420E+03  0.8148E+02  0.8148E+02
0.9430E+03  0.8147E+02  0.8147E+02
0.9440E+03  0.8146E+02  0.8146E+02
0.9450E+03  0.8144E+02  0.8144E+02
0.9460E+03  0.8143E+02  0.8143E+02
0.9470E+03  0.8141E+02  0.8141E+02
0.9480E+03  0.8140E+02  0.8140E+02
0.9490E+03  0.8138E+02  0.8138E+02
0.9500E+03  0.8137E+02  0.8137E+02
0.9510E+03  0.8135E+02  0.8135E+02
0.9520E+03  0.8134E+02  0.8134E+02
0.9530E+03  0.8132E+02  0.8132E+02
0.9540E+03  0.8130E+02  0.8130E+02
0.9550E+03  0.8129E+02  0.8129E+02
0.9560E+03  0.8127E+02  0.8127E+02
0.9570E+03  0.8125E+02  0.8125E+02
0.9580E+03  0.8124E+02  0.8124E+02
0.9590E+03  0.8122E+02  0.8122E+02
0.9600E+03  0.8120E+02  0.8120E+02
0.9610E+03  0.8118E+02  0.8118E+02
0.9620E+03  0.8117E+02  0.8117E+02
0.9630E+03  0.8115E+02  0.8115E+02
0.9640E+03  0.8113E+02  0.8113E+02
0.9650E+03  0.8111E+02  0.8111E+02
0.9660E+03  0.8109E+02  0.8109E+02
0.9670E+03  0.8108E+02  0.8108E+02
0.9680E+03  0.8106E+02  0.8106E+02
0.9690E+03  0.8104E+02  0.8104E+02
0.9700E+03  0.8102E+02  0.8102E+02
0.9710E+03  0.8100E+02  0.8100E+02
0.9720E+03  0.8098E+02  0.8098E+02
0.9730E+03  0.8096E+02  0.8096E+02
0.9740E+03  0.8093E+02  0.8093E+02
0.9750E+03  0.8091E+02  0.8091E+02
0.9760E+03  0.8089E+02  0.8089E+02
0.9770E+03  0.8087E+02  0.8087E+02
0.9780E+03  0.8085E+02  0.8085E+02
0.9790E+03  0.8082E+02  0.8082E+02
0.9800E+03  0.8080E+02  0.8080E+02
0.9810E+03  0.8078E+02  0.8078E+02
0.9820E+03  0.8075E+02  0.8075E+02
0.9830E+03  0.8073E+02  0.8073E+02
0.9840E+03  0.8071E+02  0.8071E+02
0.9850E+03  0.8068E+02  0.8068E+02
0.9860E+03  0.8066E+02  0.8066E+02
0.9870E+03  0.8063E+02  0.8063E+02
0.9880E+03  0.8061E+02  0.8061E+02
0.9890E+03  0.8058E+02  0.8058E+02
0.9900E+03  0.8055E+02  0.8055E+02
0.9910E+03  0.8053E+02  0.8053E+02
0.9920E+03  0.8050E+02  0.8050E+02
0.9930E+03  0.8047E+02  0.8047E+02
0.9940E+03  0.8045E+02  0.8045E+02
0.9950E+03  0.8042E+02  0.8042E+02
0.9960E+03  0.8039E+02  0.8039E+02
0.9970E+03  0.8036E+02  0.8036E+02
0.9980E+03  0.8033E+02  0.8033E+02
0.9990E+03  0.8030E+02  0.8030E+02
0.1000E+04  0.8028E+02  0.8028E+02
