400.000000 1.882369 0.000004
401.000000 1.882368 0.000868
402.000000 1.882368 0.001730
403.000000 1.882367 0.002592
404.000000 1.882366 0.003454
405.000000 1.882365 0.004315
406.000000 1.882364 0.005176
407.000000 1.882363 0.006038
408.000000 1.882363 0.006901
409.000000 1.882362 0.007764
410.000000 1.882361 0.008628
411.000000 1.882360 0.009492
412.000000 1.882359 0.010355
413.000000 1.882358 0.011217
414.000000 1.882358 0.012075
415.000000 1.882357 0.012930
416.000000 1.882356 0.013785
417.000000 1.882355 0.014644
418.000000 1.882354 0.015513
419.000000 1.882353 0.016396
420.000000 1.882353 0.017287
421.000000 1.882352 0.018171
422.000000 1.882351 0.019032
423.000000 1.882350 0.019854
424.000000 1.882349 0.020621
425.000000 1.882348 0.021343
426.000000 1.882348 0.022041
427.000000 1.882347 0.022734
428.000000 1.882346 0.023445
429.000000 1.882345 0.024184
430.000000 1.882344 0.024930
431.000000 1.882343 0.025659
432.000000 1.882343 0.026345
433.000000 1.882342 0.026964
434.000000 1.882341 0.027512
435.000000 1.882340 0.028011
436.000000 1.882339 0.028484
437.000000 1.882338 0.028954
438.000000 1.882338 0.029440
439.000000 1.882337 0.029944
440.000000 1.882336 0.030457
441.000000 1.882335 0.030970
442.000000 1.882334 0.031476
443.000000 1.882333 0.031971
444.000000 1.882333 0.032463
445.000000 1.882332 0.032963
446.000000 1.882331 0.033483
447.000000 1.882330 0.034032
448.000000 1.882329 0.034599
449.000000 1.882328 0.035149
450.000000 1.882328 0.035647
451.000000 1.882327 0.036057
452.000000 1.882326 0.036350
453.000000 1.882325 0.036544
454.000000 1.882324 0.036673
455.000000 1.882323 0.036772
456.000000 1.882323 0.036877
457.000000 1.882322 0.037011
458.000000 1.882321 0.037168
459.000000 1.882320 0.037340
460.000000 1.882319 0.037517
461.000000 1.882318 0.037691
462.000000 1.882318 0.037859
463.000000 1.882317 0.038020
464.000000 1.882316 0.038175
465.000000 1.882315 0.038325
466.000000 1.882314 0.038471
467.000000 1.882313 0.038618
468.000000 1.882313 0.038772
469.000000 1.882312 0.038941
470.000000 1.882311 0.039131
471.000000 1.882310 0.039338
472.000000 1.882309 0.039538
473.000000 1.882308 0.039704
474.000000 1.882308 0.039809
475.000000 1.882307 0.039828
476.000000 1.882306 0.039764
477.000000 1.882305 0.039644
478.000000 1.882304 0.039496
479.000000 1.882303 0.039345
480.000000 1.882303 0.039214
481.000000 1.882302 0.039104
482.000000 1.882301 0.039005
483.000000 1.882300 0.038911
484.000000 1.882299 0.038814
485.000000 1.882298 0.038711
486.000000 1.882298 0.038603
487.000000 1.882297 0.038494
488.000000 1.882296 0.038388
489.000000 1.882295 0.038287
490.000000 1.882294 0.038189
491.000000 1.882293 0.038089
492.000000 1.882293 0.037981
493.000000 1.882292 0.037859
494.000000 1.882291 0.037721
495.000000 1.882290 0.037572
496.000000 1.882289 0.037421
497.000000 1.882288 0.037278
498.000000 1.882288 0.037152
499.000000 1.882287 0.037041
500.000000 1.882286 0.036925
501.000000 1.882285 0.036785
502.000000 1.882284 0.036599
503.000000 1.882283 0.036350
504.000000 1.882283 0.036042
505.000000 1.882282 0.035694
506.000000 1.882281 0.035327
507.000000 1.882280 0.034960
508.000000 1.882279 0.034608
509.000000 1.882278 0.034271
510.000000 1.882277 0.033942
511.000000 1.882277 0.033617
512.000000 1.882276 0.033289
513.000000 1.882275 0.032958
514.000000 1.882274 0.032623
515.000000 1.882273 0.032286
516.000000 1.882272 0.031949
517.000000 1.882272 0.031612
518.000000 1.882271 0.031277
519.000000 1.882270 0.030943
520.000000 1.882269 0.030609
521.000000 1.882268 0.030274
522.000000 1.882267 0.029940
523.000000 1.882267 0.029605
524.000000 1.882266 0.029271
525.000000 1.882265 0.028936
526.000000 1.882264 0.028601
527.000000 1.882263 0.028266
528.000000 1.882262 0.027931
529.000000 1.882262 0.027597
530.000000 1.882261 0.027262
531.000000 1.882260 0.026927
532.000000 1.882259 0.026592
533.000000 1.882258 0.026258
534.000000 1.882257 0.025923
535.000000 1.882257 0.025588
536.000000 1.882256 0.025254
537.000000 1.882255 0.024919
538.000000 1.882254 0.024584
539.000000 1.882253 0.024249
540.000000 1.882252 0.023915
541.000000 1.882252 0.023580
542.000000 1.882251 0.023245
543.000000 1.882250 0.022910
544.000000 1.882249 0.022576
545.000000 1.882248 0.022241
546.000000 1.882247 0.021906
547.000000 1.882247 0.021572
548.000000 1.882246 0.021237
549.000000 1.882245 0.020902
550.000000 1.882244 0.020567
551.000000 1.882243 0.020233
552.000000 1.882242 0.019898
553.000000 1.882242 0.019563
554.000000 1.882241 0.019228
555.000000 1.882240 0.018894
556.000000 1.882239 0.018559
557.000000 1.882238 0.018225
558.000000 1.882237 0.017890
559.000000 1.882237 0.017554
560.000000 1.882236 0.017219
561.000000 1.882235 0.016884
562.000000 1.882234 0.016550
563.000000 1.882233 0.016216
564.000000 1.882232 0.015883
565.000000 1.882232 0.015550
566.000000 1.882231 0.015216
567.000000 1.882230 0.014879
568.000000 1.882229 0.014539
569.000000 1.882228 0.014197
570.000000 1.882227 0.013857
571.000000 1.882227 0.013524
572.000000 1.882226 0.013202
573.000000 1.882225 0.012892
574.000000 1.882224 0.012595
575.000000 1.882223 0.012304
576.000000 1.882222 0.012018
577.000000 1.882222 0.011731
578.000000 1.882221 0.011442
579.000000 1.882220 0.011150
580.000000 1.882219 0.010855
581.000000 1.882218 0.010556
582.000000 1.882217 0.010255
583.000000 1.882217 0.009953
584.000000 1.882216 0.009654
585.000000 1.882215 0.009363
586.000000 1.882214 0.009083
587.000000 1.882213 0.008818
588.000000 1.882212 0.008564
589.000000 1.882212 0.008316
590.000000 1.882211 0.008070
591.000000 1.882210 0.007820
592.000000 1.882209 0.007564
593.000000 1.882208 0.007307
594.000000 1.882207 0.007053
595.000000 1.882207 0.006805
596.000000 1.882206 0.006569
597.000000 1.882205 0.006343
598.000000 1.882204 0.006125
599.000000 1.882203 0.005911
600.000000 1.882202 0.005698
601.000000 1.882202 0.005484
602.000000 1.882201 0.005267
603.000000 1.882200 0.005047
604.000000 1.882199 0.004823
605.000000 1.882198 0.004595
606.000000 1.882197 0.004363
607.000000 1.882197 0.004134
608.000000 1.882196 0.003914
609.000000 1.882195 0.003710
610.000000 1.882194 0.003526
611.000000 1.882193 0.003360
612.000000 1.882192 0.003208
613.000000 1.882192 0.003061
614.000000 1.882191 0.002915
615.000000 1.882190 0.002763
616.000000 1.882189 0.002608
617.000000 1.882188 0.002449
618.000000 1.882187 0.002288
619.000000 1.882187 0.002128
620.000000 1.882186 0.001968
621.000000 1.882185 0.001809
622.000000 1.882184 0.001653
623.000000 1.882183 0.001499
624.000000 1.882182 0.001349
625.000000 1.882182 0.001200
626.000000 1.882181 0.001047
627.000000 1.882180 0.000886
628.000000 1.882179 0.000714
629.000000 1.882178 0.000530
630.000000 1.882177 0.000348
631.000000 1.882177 0.000183
632.000000 1.882176 0.000052
633.000000 1.882175 -0.000029
634.000000 1.882174 -0.000060
635.000000 1.882173 -0.000056
636.000000 1.882172 -0.000032
637.000000 1.882172 -0.000005
638.000000 1.882171 0.000012
639.000000 1.882170 0.000017
640.000000 1.882169 0.000013
641.000000 1.882168 0.000006
642.000000 1.882167 -0.000001
643.000000 1.882167 -0.000004
644.000000 1.882166 -0.000004
645.000000 1.882165 -0.000003
646.000000 1.882164 -0.000001
647.000000 1.882163 0.000001
648.000000 1.882162 0.000001
649.000000 1.882162 0.000001
650.000000 1.882161 0.000001
651.000000 1.882160 0.000000
652.000000 1.882159 -0.000000
653.000000 1.882158 -0.000000
654.000000 1.882157 -0.000000
655.000000 1.882157 -0.000000
656.000000 1.882156 0.000000
657.000000 1.882155 0.000000
658.000000 1.882154 0.000000
659.000000 1.882153 0.000000
660.000000 1.882152 0.000000
661.000000 1.882152 -0.000000
662.000000 1.882151 -0.000000
663.000000 1.882150 -0.000000
664.000000 1.882149 -0.000000
665.000000 1.882148 -0.000000
666.000000 1.882147 0.000000
667.000000 1.882147 0.000000
668.000000 1.882146 0.000000
669.000000 1.882145 0.000000
670.000000 1.882144 -0.000000
671.000000 1.882143 -0.000000
672.000000 1.882142 -0.000000
673.000000 1.882142 -0.000000
674.000000 1.882141 -0.000000
675.000000 1.882140 0.000000
676.000000 1.882139 0.000000
677.000000 1.882138 0.000000
678.000000 1.882137 0.000000
679.000000 1.882137 0.000000
680.000000 1.882136 0.000000
681.000000 1.882135 -0.000000
682.000000 1.882134 0.000000
683.000000 1.882133 0.000000
684.000000 1.882132 0.000000
685.000000 1.882132 0.000000
686.000000 1.882131 0.000000
687.000000 1.882130 0.000000
688.000000 1.882129 0.000000
689.000000 1.882128 0.000000
690.000000 1.882127 0.000000
691.000000 1.882127 0.000000
692.000000 1.882126 0.000000
693.000000 1.882125 0.000000
694.000000 1.882124 0.000000
695.000000 1.882123 0.000000
696.000000 1.882122 0.000000
697.000000 1.882122 0.000000
698.000000 1.882121 0.000000
699.000000 1.882120 0.000000
700.000000 1.882119 0.000000
701.000000 1.882118 0.000000
702.000000 1.882117 0.000000
703.000000 1.882117 0.000000
704.000000 1.882116 0.000000
705.000000 1.882115 0.000000
706.000000 1.882114 0.000000
707.000000 1.882113 0.000000
708.000000 1.882112 0.000000
709.000000 1.882112 0.000000
710.000000 1.882111 0.000000
711.000000 1.882110 0.000000
712.000000 1.882109 0.000000
713.000000 1.882108 0.000000
714.000000 1.882107 0.000000
715.000000 1.882107 0.000000
716.000000 1.882106 0.000000
717.000000 1.882105 0.000000
718.000000 1.882104 0.000000
719.000000 1.882103 0.000000
720.000000 1.882102 0.000000
721.000000 1.882102 0.000000
722.000000 1.882101 0.000000
723.000000 1.882100 0.000000
724.000000 1.882099 0.000000
725.000000 1.882098 0.000000
726.000000 1.882097 0.000000
727.000000 1.882097 0.000000
728.000000 1.882096 0.000000
729.000000 1.882095 0.000000
730.000000 1.882094 0.000000
731.000000 1.882093 0.000000
732.000000 1.882092 0.000000
733.000000 1.882092 0.000000
734.000000 1.882091 0.000000
735.000000 1.882090 0.000000
736.000000 1.882089 0.000000
737.000000 1.882088 0.000000
738.000000 1.882087 0.000000
739.000000 1.882087 0.000000
740.000000 1.882086 0.000000
741.000000 1.882085 0.000000
742.000000 1.882084 0.000000
743.000000 1.882083 0.000000
744.000000 1.882082 0.000000
745.000000 1.882082 0.000000
746.000000 1.882081 0.000000
747.000000 1.882080 0.000000
748.000000 1.882079 0.000000
749.000000 1.882078 0.000000
750.000000 1.882077 0.000000
751.000000 1.882076 0.000000
752.000000 1.882076 0.000000
753.000000 1.882075 0.000000
754.000000 1.882074 0.000000
755.000000 1.882073 0.000000
756.000000 1.882072 0.000000
757.000000 1.882071 0.000000
758.000000 1.882071 0.000000
759.000000 1.882070 0.000000
760.000000 1.882069 0.000000
761.000000 1.882068 0.000000
762.000000 1.882067 0.000000
763.000000 1.882066 0.000000
764.000000 1.882066 0.000000
765.000000 1.882065 0.000000
766.000000 1.882064 0.000000
767.000000 1.882063 0.000000
768.000000 1.882062 0.000000
769.000000 1.882061 0.000000
770.000000 1.882061 0.000000
771.000000 1.882060 0.000000
772.000000 1.882059 0.000000
773.000000 1.882058 0.000000
774.000000 1.882057 0.000000
775.000000 1.882056 0.000000
776.000000 1.882056 0.000000
777.000000 1.882055 0.000000
778.000000 1.882054 0.000000
779.000000 1.882053 0.000000
780.000000 1.882052 0.000000
781.000000 1.882051 0.000000
782.000000 1.882051 0.000000
783.000000 1.882050 0.000000
784.000000 1.882049 0.000000
785.000000 1.882048 0.000000
786.000000 1.882047 0.000000
787.000000 1.882046 0.000000
788.000000 1.882046 0.000000
789.000000 1.882045 0.000000
790.000000 1.882044 0.000000
791.000000 1.882043 0.000000
792.000000 1.882042 0.000000
793.000000 1.882041 0.000000
794.000000 1.882041 0.000000
795.000000 1.882040 0.000000
796.000000 1.882039 0.000000
797.000000 1.882038 0.000000
798.000000 1.882037 0.000000
799.000000 1.882036 0.000000
800.000000 1.882036 0.000000
801.000000 1.882035 0.000000
802.000000 1.882034 0.000000
803.000000 1.882033 0.000000
804.000000 1.882032 0.000000
805.000000 1.882031 0.000000
806.000000 1.882031 0.000000
807.000000 1.882030 0.000000
808.000000 1.882029 0.000000
809.000000 1.882028 0.000000
810.000000 1.882027 0.000000
811.000000 1.882026 0.000000
812.000000 1.882026 0.000000
813.000000 1.882025 0.000000
814.000000 1.882024 0.000000
815.000000 1.882023 0.000000
816.000000 1.882022 0.000000
817.000000 1.882021 0.000000
818.000000 1.882021 0.000000
819.000000 1.882020 0.000000
820.000000 1.882019 0.000000
821.000000 1.882018 0.000000
822.000000 1.882017 0.000000
823.000000 1.882016 0.000000
824.000000 1.882016 0.000000
825.000000 1.882015 0.000000
826.000000 1.882014 0.000000
827.000000 1.882013 0.000000
828.000000 1.882012 0.000000
829.000000 1.882011 0.000000
830.000000 1.882011 0.000000
831.000000 1.882010 0.000000
832.000000 1.882009 0.000000
833.000000 1.882008 0.000000
834.000000 1.882007 0.000000
835.000000 1.882006 0.000000
836.000000 1.882006 0.000000
837.000000 1.882005 0.000000
838.000000 1.882004 0.000000
839.000000 1.882003 0.000000
840.000000 1.882002 0.000000
841.000000 1.882001 0.000000
842.000000 1.882001 0.000000
843.000000 1.882000 0.000000
844.000000 1.881999 0.000000
845.000000 1.881998 0.000000
846.000000 1.881997 0.000000
847.000000 1.881996 0.000000
848.000000 1.881996 0.000000
849.000000 1.881995 0.000000
850.000000 1.881994 0.000000
851.000000 1.881993 0.000000
852.000000 1.881992 0.000000
853.000000 1.881991 0.000000
854.000000 1.881991 0.000000
855.000000 1.881990 0.000000
856.000000 1.881989 0.000000
857.000000 1.881988 0.000000
858.000000 1.881987 0.000000
859.000000 1.881986 0.000000
860.000000 1.881986 0.000000
861.000000 1.881985 0.000000
862.000000 1.881984 0.000000
863.000000 1.881983 0.000000
864.000000 1.881982 0.000000
865.000000 1.881981 0.000000
866.000000 1.881981 0.000000
867.000000 1.881980 0.000000
868.000000 1.881979 0.000000
869.000000 1.881978 0.000000
870.000000 1.881977 0.000000
871.000000 1.881977 0.000000
872.000000 1.881976 0.000000
873.000000 1.881975 0.000000
874.000000 1.881974 0.000000
875.000000 1.881974 0.000000
876.000000 1.881973 0.000000
877.000000 1.881973 0.000000
878.000000 1.881973 0.000000
879.000000 1.881972 0.000000
880.000000 1.881972 0.000000
881.000000 1.881972 0.000000
882.000000 1.881971 0.000000
883.000000 1.881971 0.000000
884.000000 1.881970 0.000000
885.000000 1.881970 0.000000
886.000000 1.881970 0.000000
887.000000 1.881969 0.000000
888.000000 1.881969 0.000000
889.000000 1.881969 0.000000
890.000000 1.881969 0.000000
891.000000 1.881969 0.000000
892.000000 1.881969 0.000000
893.000000 1.881969 0.000000
894.000000 1.881969 0.000000
895.000000 1.881969 0.000000
896.000000 1.881969 0.000000
897.000000 1.881969 0.000000
898.000000 1.881969 0.000000
899.000000 1.881969 0.000000
900.000000 1.881969 0.000000
901.000000 1.881969 0.000000
902.000000 1.881969 0.000000
903.000000 1.881969 0.000000
904.000000 1.881969 0.000000
905.000000 1.881969 0.000000
906.000000 1.881969 0.000000
907.000000 1.881969 0.000000
908.000000 1.881969 0.000000
909.000000 1.881969 0.000000
910.000000 1.881969 0.000000
911.000000 1.881969 0.000000
912.000000 1.881969 0.000000
913.000000 1.881969 0.000000
914.000000 1.881969 0.000000
915.000000 1.881969 0.000000
916.000000 1.881969 0.000000
917.000000 1.881969 0.000000
918.000000 1.881969 0.000000
919.000000 1.881969 0.000000
920.000000 1.881969 0.000000
921.000000 1.881969 0.000000
922.000000 1.881969 0.000000
923.000000 1.881969 0.000000
924.000000 1.881969 0.000000
925.000000 1.881969 0.000000
926.000000 1.881969 0.000000
927.000000 1.881969 0.000000
928.000000 1.881969 0.000000
929.000000 1.881969 0.000000
930.000000 1.881969 0.000000
931.000000 1.881969 0.000000
932.000000 1.881969 0.000000
933.000000 1.881969 0.000000
934.000000 1.881969 0.000000
935.000000 1.881969 0.000000
936.000000 1.881969 0.000000
937.000000 1.881969 0.000000
938.000000 1.881969 0.000000
939.000000 1.881969 0.000000
940.000000 1.881969 0.000000
941.000000 1.881969 0.000000
942.000000 1.881969 0.000000
943.000000 1.881969 0.000000
944.000000 1.881969 0.000000
945.000000 1.881969 0.000000
946.000000 1.881969 0.000000
947.000000 1.881969 0.000000
948.000000 1.881969 0.000000
949.000000 1.881969 0.000000
950.000000 1.881969 0.000000
951.000000 1.881969 0.000000
952.000000 1.881969 0.000000
953.000000 1.881969 0.000000
954.000000 1.881969 0.000000
955.000000 1.881969 0.000000
956.000000 1.881969 0.000000
957.000000 1.881969 0.000000
958.000000 1.881969 0.000000
959.000000 1.881969 0.000000
960.000000 1.881969 0.000000
961.000000 1.881969 0.000000
962.000000 1.881969 0.000000
963.000000 1.881969 0.000000
964.000000 1.881969 0.000000
965.000000 1.881969 0.000000
966.000000 1.881969 0.000000
967.000000 1.881969 0.000000
968.000000 1.881969 0.000000
969.000000 1.881969 0.000000
970.000000 1.881969 0.000000
971.000000 1.881969 0.000000
972.000000 1.881969 0.000000
973.000000 1.881969 0.000000
974.000000 1.881969 0.000000
975.000000 1.881969 0.000000
976.000000 1.881969 0.000000
977.000000 1.881969 0.000000
978.000000 1.881969 0.000000
979.000000 1.881969 0.000000
980.000000 1.881969 0.000000
981.000000 1.881969 0.000000
982.000000 1.881969 0.000000
983.000000 1.881969 0.000000
984.000000 1.881969 0.000000
985.000000 1.881969 0.000000
986.000000 1.881969 0.000000
987.000000 1.881969 0.000000
988.000000 1.881969 0.000000
989.000000 1.881969 0.000000
990.000000 1.881969 0.000000
991.000000 1.881969 0.000000
992.000000 1.881969 0.000000
993.000000 1.881969 0.000000
994.000000 1.881969 0.000000
995.000000 1.881969 0.000000
996.000000 1.881969 0.000000
997.000000 1.881969 0.000000
998.000000 1.881969 0.000000
999.000000 1.881969 0.000000
1000.000000 1.881969 0.000000
