0.4000E+03  0.1882E+01  0.1865E+01
0.4010E+03  0.1882E+01  0.1869E+01
0.4020E+03  0.1882E+01  0.1878E+01
0.4030E+03  0.1882E+01  0.1881E+01
0.4040E+03  0.1882E+01  0.1882E+01
0.4050E+03  0.1882E+01  0.1882E+01
0.4060E+03  0.1882E+01  0.1881E+01
0.4070E+03  0.1882E+01  0.1881E+01
0.4080E+03  0.1882E+01  0.1881E+01
0.4090E+03  0.1882E+01  0.1882E+01
0.4100E+03  0.1882E+01  0.1882E+01
0.4110E+03  0.1882E+01  0.1882E+01
0.4120E+03  0.1882E+01  0.1882E+01
0.4130E+03  0.1882E+01  0.1882E+01
0.4140E+03  0.1882E+01  0.1882E+01
0.4150E+03  0.1882E+01  0.1882E+01
0.4160E+03  0.1882E+01  0.1882E+01
0.4170E+03  0.1882E+01  0.1882E+01
0.4180E+03  0.1882E+01  0.1882E+01
0.4190E+03  0.1882E+01  0.1882E+01
0.4200E+03  0.1882E+01  0.1882E+01
0.4210E+03  0.1882E+01  0.1882E+01
0.4220E+03  0.1882E+01  0.1882E+01
0.4230E+03  0.1882E+01  0.1882E+01
0.4240E+03  0.1882E+01  0.1882E+01
0.4250E+03  0.1882E+01  0.1882E+01
0.4260E+03  0.1882E+01  0.1882E+01
0.4270E+03  0.1882E+01  0.1882E+01
0.4280E+03  0.1882E+01  0.1882E+01
0.4290E+03  0.1882E+01  0.1882E+01
0.4300E+03  0.1882E+01  0.1882E+01
0.4310E+03  0.1882E+01  0.1882E+01
0.4320E+03  0.1882E+01  0.1882E+01
0.4330E+03  0.1882E+01  0.1882E+01
0.4340E+03  0.1882E+01  0.1882E+01
0.4350E+03  0.1882E+01  0.1882E+01
0.4360E+03  0.1882E+01  0.1882E+01
0.4370E+03  0.1882E+01  0.1882E+01
0.4380E+03  0.1882E+01  0.1882E+01
0.4390E+03  0.1882E+01  0.1882E+01
0.4400E+03  0.1882E+01  0.1882E+01
0.4410E+03  0.1882E+01  0.1882E+01
0.4420E+03  0.1882E+01  0.1882E+01
0.4430E+03  0.1882E+01  0.1882E+01
0.4440E+03  0.1882E+01  0.1882E+01
0.4450E+03  0.1882E+01  0.1882E+01
0.4460E+03  0.1882E+01  0.1882E+01
0.4470E+03  0.1882E+01  0.1882E+01
0.4480E+03  0.1882E+01  0.1882E+01
0.4490E+03  0.1882E+01  0.1882E+01
0.4500E+03  0.1882E+01  0.1882E+01
0.4510E+03  0.1882E+01  0.1882E+01
0.4520E+03  0.1882E+01  0.1882E+01
0.4530E+03  0.1882E+01  0.1882E+01
0.4540E+03  0.1882E+01  0.1882E+01
0.4550E+03  0.1882E+01  0.1882E+01
0.4560E+03  0.1882E+01  0.1882E+01
0.4570E+03  0.1882E+01  0.1882E+01
0.4580E+03  0.1882E+01  0.1882E+01
0.4590E+03  0.1882E+01  0.1882E+01
0.4600E+03  0.1882E+01  0.1882E+01
0.4610E+03  0.1882E+01  0.1882E+01
0.4620E+03  0.1882E+01  0.1882E+01
0.4630E+03  0.1882E+01  0.1882E+01
0.4640E+03  0.1882E+01  0.1882E+01
0.4650E+03  0.1882E+01  0.1882E+01
0.4660E+03  0.1882E+01  0.1882E+01
0.4670E+03  0.1882E+01  0.1882E+01
0.4680E+03  0.1882E+01  0.1882E+01
0.4690E+03  0.1882E+01  0.1882E+01
0.4700E+03  0.1882E+01  0.1882E+01
0.4710E+03  0.1882E+01  0.1882E+01
0.4720E+03  0.1882E+01  0.1882E+01
0.4730E+03  0.1882E+01  0.1882E+01
0.4740E+03  0.1882E+01  0.1882E+01
0.4750E+03  0.1882E+01  0.1882E+01
0.4760E+03  0.1882E+01  0.1882E+01
0.4770E+03  0.1882E+01  0.1882E+01
0.4780E+03  0.1882E+01  0.1882E+01
0.4790E+03  0.1882E+01  0.1882E+01
0.4800E+03  0.1882E+01  0.1882E+01
0.4810E+03  0.1882E+01  0.1882E+01
0.4820E+03  0.1882E+01  0.1882E+01
0.4830E+03  0.1882E+01  0.1882E+01
0.4840E+03  0.1882E+01  0.1882E+01
0.4850E+03  0.1882E+01  0.1882E+01
0.4860E+03  0.1882E+01  0.1882E+01
0.4870E+03  0.1882E+01  0.1882E+01
0.4880E+03  0.1882E+01  0.1882E+01
0.4890E+03  0.1882E+01  0.1882E+01
0.4900E+03  0.1882E+01  0.1882E+01
0.4910E+03  0.1882E+01  0.1882E+01
0.4920E+03  0.1882E+01  0.1882E+01
0.4930E+03  0.1882E+01  0.1882E+01
0.4940E+03  0.1882E+01  0.1882E+01
0.4950E+03  0.1882E+01  0.1882E+01
0.4960E+03  0.1882E+01  0.1882E+01
0.4970E+03  0.1882E+01  0.1882E+01
0.4980E+03  0.1882E+01  0.1882E+01
0.4990E+03  0.1882E+01  0.1882E+01
0.5000E+03  0.1882E+01  0.1882E+01
0.5010E+03  0.1882E+01  0.1882E+01
0.5020E+03  0.1882E+01  0.1882E+01
0.5030E+03  0.1882E+01  0.1882E+01
0.5040E+03  0.1882E+01  0.1882E+01
0.5050E+03  0.1882E+01  0.1882E+01
0.5060E+03  0.1882E+01  0.1882E+01
0.5070E+03  0.1882E+01  0.1882E+01
0.5080E+03  0.1882E+01  0.1882E+01
0.5090E+03  0.1882E+01  0.1882E+01
0.5100E+03  0.1882E+01  0.1882E+01
0.5110E+03  0.1882E+01  0.1882E+01
0.5120E+03  0.1882E+01  0.1882E+01
0.5130E+03  0.1882E+01  0.1882E+01
0.5140E+03  0.1882E+01  0.1882E+01
0.5150E+03  0.1882E+01  0.1882E+01
0.5160E+03  0.1882E+01  0.1882E+01
0.5170E+03  0.1882E+01  0.1882E+01
0.5180E+03  0.1882E+01  0.1882E+01
0.5190E+03  0.1882E+01  0.1882E+01
0.5200E+03  0.1882E+01  0.1882E+01
0.5210E+03  0.1882E+01  0.1882E+01
0.5220E+03  0.1882E+01  0.1882E+01
0.5230E+03  0.1882E+01  0.1882E+01
0.5240E+03  0.1882E+01  0.1882E+01
0.5250E+03  0.1882E+01  0.1882E+01
0.5260E+03  0.1882E+01  0.1882E+01
0.5270E+03  0.1882E+01  0.1882E+01
0.5280E+03  0.1882E+01  0.1882E+01
0.5290E+03  0.1882E+01  0.1882E+01
0.5300E+03  0.1882E+01  0.1882E+01
0.5310E+03  0.1882E+01  0.1882E+01
0.5320E+03  0.1882E+01  0.1882E+01
0.5330E+03  0.1882E+01  0.1882E+01
0.5340E+03  0.1882E+01  0.1882E+01
0.5350E+03  0.1882E+01  0.1882E+01
0.5360E+03  0.1882E+01  0.1882E+01
0.5370E+03  0.1882E+01  0.1882E+01
0.5380E+03  0.1882E+01  0.1882E+01
0.5390E+03  0.1882E+01  0.1882E+01
0.5400E+03  0.1882E+01  0.1882E+01
0.5410E+03  0.1882E+01  0.1882E+01
0.5420E+03  0.1882E+01  0.1882E+01
0.5430E+03  0.1882E+01  0.1882E+01
0.5440E+03  0.1882E+01  0.1882E+01
0.5450E+03  0.1882E+01  0.1882E+01
0.5460E+03  0.1882E+01  0.1882E+01
0.5470E+03  0.1882E+01  0.1882E+01
0.5480E+03  0.1882E+01  0.1882E+01
0.5490E+03  0.1882E+01  0.1882E+01
0.5500E+03  0.1882E+01  0.1882E+01
0.5510E+03  0.1882E+01  0.1882E+01
0.5520E+03  0.1882E+01  0.1882E+01
0.5530E+03  0.1882E+01  0.1882E+01
0.5540E+03  0.1882E+01  0.1882E+01
0.5550E+03  0.1882E+01  0.1882E+01
0.5560E+03  0.1882E+01  0.1882E+01
0.5570E+03  0.1882E+01  0.1882E+01
0.5580E+03  0.1882E+01  0.1882E+01
0.5590E+03  0.1882E+01  0.1882E+01
0.5600E+03  0.1882E+01  0.1882E+01
0.5610E+03  0.1882E+01  0.1882E+01
0.5620E+03  0.1882E+01  0.1882E+01
0.5630E+03  0.1882E+01  0.1882E+01
0.5640E+03  0.1882E+01  0.1882E+01
0.5650E+03  0.1882E+01  0.1882E+01
0.5660E+03  0.1882E+01  0.1882E+01
0.5670E+03  0.1882E+01  0.1882E+01
0.5680E+03  0.1882E+01  0.1882E+01
0.5690E+03  0.1882E+01  0.1882E+01
0.5700E+03  0.1882E+01  0.1882E+01
0.5710E+03  0.1882E+01  0.1882E+01
0.5720E+03  0.1882E+01  0.1882E+01
0.5730E+03  0.1882E+01  0.1882E+01
0.5740E+03  0.1882E+01  0.1882E+01
0.5750E+03  0.1882E+01  0.1882E+01
0.5760E+03  0.1882E+01  0.1882E+01
0.5770E+03  0.1882E+01  0.1882E+01
0.5780E+03  0.1882E+01  0.1882E+01
0.5790E+03  0.1882E+01  0.1882E+01
0.5800E+03  0.1882E+01  0.1882E+01
0.5810E+03  0.1882E+01  0.1882E+01
0.5820E+03  0.1882E+01  0.1882E+01
0.5830E+03  0.1882E+01  0.1882E+01
0.5840E+03  0.1882E+01  0.1882E+01
0.5850E+03  0.1882E+01  0.1882E+01
0.5860E+03  0.1882E+01  0.1882E+01
0.5870E+03  0.1882E+01  0.1882E+01
0.5880E+03  0.1882E+01  0.1882E+01
0.5890E+03  0.1882E+01  0.1882E+01
0.5900E+03  0.1882E+01  0.1882E+01
0.5910E+03  0.1882E+01  0.1882E+01
0.5920E+03  0.1882E+01  0.1882E+01
0.5930E+03  0.1882E+01  0.1882E+01
0.5940E+03  0.1882E+01  0.1882E+01
0.5950E+03  0.1882E+01  0.1882E+01
0.5960E+03  0.1882E+01  0.1882E+01
0.5970E+03  0.1882E+01  0.1882E+01
0.5980E+03  0.1882E+01  0.1882E+01
0.5990E+03  0.1882E+01  0.1882E+01
0.6000E+03  0.1882E+01  0.1882E+01
0.6010E+03  0.1882E+01  0.1882E+01
0.6020E+03  0.1882E+01  0.1882E+01
0.6030E+03  0.1882E+01  0.1882E+01
0.6040E+03  0.1882E+01  0.1882E+01
0.6050E+03  0.1882E+01  0.1882E+01
0.6060E+03  0.1882E+01  0.1882E+01
0.6070E+03  0.1882E+01  0.1882E+01
0.6080E+03  0.1882E+01  0.1882E+01
0.6090E+03  0.1882E+01  0.1882E+01
0.6100E+03  0.1882E+01  0.1882E+01
0.6110E+03  0.1882E+01  0.1882E+01
0.6120E+03  0.1882E+01  0.1882E+01
0.6130E+03  0.1882E+01  0.1882E+01
0.6140E+03  0.1882E+01  0.1882E+01
0.6150E+03  0.1882E+01  0.1882E+01
0.6160E+03  0.1882E+01  0.1882E+01
0.6170E+03  0.1882E+01  0.1882E+01
0.6180E+03  0.1882E+01  0.1882E+01
0.6190E+03  0.1882E+01  0.1882E+01
0.6200E+03  0.1882E+01  0.1882E+01
0.6210E+03  0.1882E+01  0.1882E+01
0.6220E+03  0.1882E+01  0.1882E+01
0.6230E+03  0.1882E+01  0.1882E+01
0.6240E+03  0.1882E+01  0.1882E+01
0.6250E+03  0.1882E+01  0.1882E+01
0.6260E+03  0.1882E+01  0.1882E+01
0.6270E+03  0.1882E+01  0.1882E+01
0.6280E+03  0.1882E+01  0.1882E+01
0.6290E+03  0.1882E+01  0.1882E+01
0.6300E+03  0.1882E+01  0.1882E+01
0.6310E+03  0.1882E+01  0.1882E+01
0.6320E+03  0.1882E+01  0.1882E+01
0.6330E+03  0.1882E+01  0.1882E+01
0.6340E+03  0.1882E+01  0.1882E+01
0.6350E+03  0.1882E+01  0.1882E+01
0.6360E+03  0.1882E+01  0.1888E+01
0.6370E+03  0.1882E+01  0.1894E+01
0.6380E+03  0.1882E+01  0.1899E+01
0.6390E+03  0.1882E+01  0.1904E+01
0.6400E+03  0.1882E+01  0.1909E+01
0.6410E+03  0.1882E+01  0.1914E+01
0.6420E+03  0.1882E+01  0.1917E+01
0.6430E+03  0.1882E+01  0.1922E+01
0.6440E+03  0.1882E+01  0.1926E+01
0.6450E+03  0.1882E+01  0.1931E+01
0.6460E+03  0.1882E+01  0.1934E+01
0.6470E+03  0.1882E+01  0.1939E+01
0.6480E+03  0.1882E+01  0.1942E+01
0.6490E+03  0.1882E+01  0.1946E+01
0.6500E+03  0.1882E+01  0.1949E+01
0.6510E+03  0.1882E+01  0.1952E+01
0.6520E+03  0.1882E+01  0.1955E+01
0.6530E+03  0.1882E+01  0.1958E+01
0.6540E+03  0.1882E+01  0.1961E+01
0.6550E+03  0.1882E+01  0.1964E+01
0.6560E+03  0.1882E+01  0.1967E+01
0.6570E+03  0.1882E+01  0.1970E+01
0.6580E+03  0.1882E+01  0.1973E+01
0.6590E+03  0.1882E+01  0.1976E+01
0.6600E+03  0.1882E+01  0.1979E+01
0.6610E+03  0.1882E+01  0.1982E+01
0.6620E+03  0.1882E+01  0.1986E+01
0.6630E+03  0.1882E+01  0.1987E+01
0.6640E+03  0.1882E+01  0.1990E+01
0.6650E+03  0.1882E+01  0.1777E+01
0.6660E+03  0.1882E+01  0.1777E+01
0.6670E+03  0.1882E+01  0.1778E+01
0.6680E+03  0.1882E+01  0.1780E+01
0.6690E+03  0.1882E+01  0.1780E+01
0.6700E+03  0.1882E+01  0.1782E+01
0.6710E+03  0.1882E+01  0.1783E+01
0.6720E+03  0.1882E+01  0.1785E+01
0.6730E+03  0.1882E+01  0.1786E+01
0.6740E+03  0.1882E+01  0.1788E+01
0.6750E+03  0.1882E+01  0.1789E+01
0.6760E+03  0.1882E+01  0.1792E+01
0.6770E+03  0.1882E+01  0.1794E+01
0.6780E+03  0.1882E+01  0.1795E+01
0.6790E+03  0.1882E+01  0.1797E+01
0.6800E+03  0.1882E+01  0.1798E+01
0.6810E+03  0.1882E+01  0.1801E+01
0.6820E+03  0.1882E+01  0.1803E+01
0.6830E+03  0.1882E+01  0.1804E+01
0.6840E+03  0.1882E+01  0.1806E+01
0.6850E+03  0.1882E+01  0.1809E+01
0.6860E+03  0.1882E+01  0.1810E+01
0.6870E+03  0.1882E+01  0.1811E+01
0.6880E+03  0.1882E+01  0.1814E+01
0.6890E+03  0.1882E+01  0.1817E+01
0.6900E+03  0.1882E+01  0.1818E+01
0.6910E+03  0.1882E+01  0.1820E+01
0.6920E+03  0.1882E+01  0.1822E+01
0.6930E+03  0.1882E+01  0.1824E+01
0.6940E+03  0.1882E+01  0.1826E+01
0.6950E+03  0.1882E+01  0.1829E+01
0.6960E+03  0.1882E+01  0.1830E+01
0.6970E+03  0.1882E+01  0.1833E+01
0.6980E+03  0.1882E+01  0.1834E+01
0.6990E+03  0.1882E+01  0.1835E+01
0.7000E+03  0.1882E+01  0.1838E+01
0.7010E+03  0.1882E+01  0.1839E+01
0.7020E+03  0.1882E+01  0.1840E+01
0.7030E+03  0.1882E+01  0.1841E+01
0.7040E+03  0.1882E+01  0.1842E+01
0.7050E+03  0.1882E+01  0.1844E+01
0.7060E+03  0.1882E+01  0.1846E+01
0.7070E+03  0.1882E+01  0.1847E+01
0.7080E+03  0.1882E+01  0.1850E+01
0.7090E+03  0.1882E+01  0.1851E+01
0.7100E+03  0.1882E+01  0.1852E+01
0.7110E+03  0.1882E+01  0.1853E+01
0.7120E+03  0.1882E+01  0.1854E+01
0.7130E+03  0.1882E+01  0.1855E+01
0.7140E+03  0.1882E+01  0.1858E+01
0.7150E+03  0.1882E+01  0.1859E+01
0.7160E+03  0.1882E+01  0.1860E+01
0.7170E+03  0.1882E+01  0.1861E+01
0.7180E+03  0.1882E+01  0.1862E+01
0.7190E+03  0.1882E+01  0.1863E+01
0.7200E+03  0.1882E+01  0.1864E+01
0.7210E+03  0.1882E+01  0.1865E+01
0.7220E+03  0.1882E+01  0.1866E+01
0.7230E+03  0.1882E+01  0.1867E+01
0.7240E+03  0.1882E+01  0.1868E+01
0.7250E+03  0.1882E+01  0.1869E+01
0.7260E+03  0.1882E+01  0.1870E+01
0.7270E+03  0.1882E+01  0.1871E+01
0.7280E+03  0.1882E+01  0.1872E+01
0.7290E+03  0.1882E+01  0.1873E+01
0.7300E+03  0.1882E+01  0.1875E+01
0.7310E+03  0.1882E+01  0.1876E+01
0.7320E+03  0.1882E+01  0.1877E+01
0.7330E+03  0.1882E+01  0.1878E+01
0.7340E+03  0.1882E+01  0.1880E+01
0.7350E+03  0.1882E+01  0.1880E+01
0.7360E+03  0.1882E+01  0.1881E+01
0.7370E+03  0.1882E+01  0.1882E+01
0.7380E+03  0.1882E+01  0.1882E+01
0.7390E+03  0.1882E+01  0.1882E+01
0.7400E+03  0.1882E+01  0.1882E+01
0.7410E+03  0.1882E+01  0.1882E+01
0.7420E+03  0.1882E+01  0.1882E+01
0.7430E+03  0.1882E+01  0.1882E+01
0.7440E+03  0.1882E+01  0.1882E+01
0.7450E+03  0.1882E+01  0.1882E+01
0.7460E+03  0.1882E+01  0.1882E+01
0.7470E+03  0.1882E+01  0.1882E+01
0.7480E+03  0.1882E+01  0.1882E+01
0.7490E+03  0.1882E+01  0.1882E+01
0.7500E+03  0.1882E+01  0.1882E+01
0.7510E+03  0.1882E+01  0.1882E+01
0.7520E+03  0.1882E+01  0.1882E+01
0.7530E+03  0.1882E+01  0.1882E+01
0.7540E+03  0.1882E+01  0.1882E+01
0.7550E+03  0.1882E+01  0.1882E+01
0.7560E+03  0.1882E+01  0.1882E+01
0.7570E+03  0.1882E+01  0.1882E+01
0.7580E+03  0.1882E+01  0.1882E+01
0.7590E+03  0.1882E+01  0.1882E+01
0.7600E+03  0.1882E+01  0.1882E+01
0.7610E+03  0.1882E+01  0.1882E+01
0.7620E+03  0.1882E+01  0.1882E+01
0.7630E+03  0.1882E+01  0.1882E+01
0.7640E+03  0.1882E+01  0.1882E+01
0.7650E+03  0.1882E+01  0.1882E+01
0.7660E+03  0.1882E+01  0.1882E+01
0.7670E+03  0.1882E+01  0.1882E+01
0.7680E+03  0.1882E+01  0.1882E+01
0.7690E+03  0.1882E+01  0.1882E+01
0.7700E+03  0.1882E+01  0.1882E+01
0.7710E+03  0.1882E+01  0.1882E+01
0.7720E+03  0.1882E+01  0.1882E+01
0.7730E+03  0.1882E+01  0.1882E+01
0.7740E+03  0.1882E+01  0.1882E+01
0.7750E+03  0.1882E+01  0.1882E+01
0.7760E+03  0.1882E+01  0.1882E+01
0.7770E+03  0.1882E+01  0.1882E+01
0.7780E+03  0.1882E+01  0.1882E+01
0.7790E+03  0.1882E+01  0.1882E+01
0.7800E+03  0.1882E+01  0.1882E+01
0.7810E+03  0.1882E+01  0.1882E+01
0.7820E+03  0.1882E+01  0.1882E+01
0.7830E+03  0.1882E+01  0.1882E+01
0.7840E+03  0.1882E+01  0.1882E+01
0.7850E+03  0.1882E+01  0.1882E+01
0.7860E+03  0.1882E+01  0.1882E+01
0.7870E+03  0.1882E+01  0.1882E+01
0.7880E+03  0.1882E+01  0.1882E+01
0.7890E+03  0.1882E+01  0.1882E+01
0.7900E+03  0.1882E+01  0.1882E+01
0.7910E+03  0.1882E+01  0.1882E+01
0.7920E+03  0.1882E+01  0.1882E+01
0.7930E+03  0.1882E+01  0.1882E+01
0.7940E+03  0.1882E+01  0.1882E+01
0.7950E+03  0.1882E+01  0.1882E+01
0.7960E+03  0.1882E+01  0.1882E+01
0.7970E+03  0.1882E+01  0.1882E+01
0.7980E+03  0.1882E+01  0.1882E+01
0.7990E+03  0.1882E+01  0.1882E+01
0.8000E+03  0.1882E+01  0.1882E+01
0.8010E+03  0.1882E+01  0.1882E+01
0.8020E+03  0.1882E+01  0.1882E+01
0.8030E+03  0.1882E+01  0.1882E+01
0.8040E+03  0.1882E+01  0.1882E+01
0.8050E+03  0.1882E+01  0.1882E+01
0.8060E+03  0.1882E+01  0.1882E+01
0.8070E+03  0.1882E+01  0.1882E+01
0.8080E+03  0.1882E+01  0.1882E+01
0.8090E+03  0.1882E+01  0.1882E+01
0.8100E+03  0.1882E+01  0.1882E+01
0.8110E+03  0.1882E+01  0.1882E+01
0.8120E+03  0.1882E+01  0.1882E+01
0.8130E+03  0.1882E+01  0.1882E+01
0.8140E+03  0.1882E+01  0.1882E+01
0.8150E+03  0.1882E+01  0.1882E+01
0.8160E+03  0.1882E+01  0.1882E+01
0.8170E+03  0.1882E+01  0.1882E+01
0.8180E+03  0.1882E+01  0.1882E+01
0.8190E+03  0.1882E+01  0.1882E+01
0.8200E+03  0.1882E+01  0.1882E+01
0.8210E+03  0.1882E+01  0.1882E+01
0.8220E+03  0.1882E+01  0.1882E+01
0.8230E+03  0.1882E+01  0.1882E+01
0.8240E+03  0.1882E+01  0.1882E+01
0.8250E+03  0.1882E+01  0.1882E+01
0.8260E+03  0.1882E+01  0.1882E+01
0.8270E+03  0.1882E+01  0.1882E+01
0.8280E+03  0.1882E+01  0.1882E+01
0.8290E+03  0.1882E+01  0.1882E+01
0.8300E+03  0.1882E+01  0.1882E+01
0.8310E+03  0.1882E+01  0.1882E+01
0.8320E+03  0.1882E+01  0.1882E+01
0.8330E+03  0.1882E+01  0.1882E+01
0.8340E+03  0.1882E+01  0.1882E+01
0.8350E+03  0.1882E+01  0.1882E+01
0.8360E+03  0.1882E+01  0.1882E+01
0.8370E+03  0.1882E+01  0.1882E+01
0.8380E+03  0.1882E+01  0.1882E+01
0.8390E+03  0.1882E+01  0.1882E+01
0.8400E+03  0.1882E+01  0.1882E+01
0.8410E+03  0.1882E+01  0.1882E+01
0.8420E+03  0.1882E+01  0.1882E+01
0.8430E+03  0.1882E+01  0.1881E+01
0.8440E+03  0.1882E+01  0.1881E+01
0.8450E+03  0.1882E+01  0.1880E+01
0.8460E+03  0.1882E+01  0.1880E+01
0.8470E+03  0.1882E+01  0.1880E+01
0.8480E+03  0.1882E+01  0.1879E+01
0.8490E+03  0.1882E+01  0.1879E+01
0.8500E+03  0.1882E+01  0.1878E+01
0.8510E+03  0.1882E+01  0.1878E+01
0.8520E+03  0.1882E+01  0.1878E+01
0.8530E+03  0.1882E+01  0.1878E+01
0.8540E+03  0.1882E+01  0.1878E+01
0.8550E+03  0.1882E+01  0.1877E+01
0.8560E+03  0.1882E+01  0.1877E+01
0.8570E+03  0.1882E+01  0.1877E+01
0.8580E+03  0.1882E+01  0.1877E+01
0.8590E+03  0.1882E+01  0.1877E+01
0.8600E+03  0.1882E+01  0.1877E+01
0.8610E+03  0.1882E+01  0.1877E+01
0.8620E+03  0.1882E+01  0.1877E+01
0.8630E+03  0.1882E+01  0.1877E+01
0.8640E+03  0.1882E+01  0.1877E+01
0.8650E+03  0.1882E+01  0.1877E+01
0.8660E+03  0.1882E+01  0.1876E+01
0.8670E+03  0.1882E+01  0.1876E+01
0.8680E+03  0.1882E+01  0.1876E+01
0.8690E+03  0.1882E+01  0.1875E+01
0.8700E+03  0.1882E+01  0.1875E+01
0.8710E+03  0.1882E+01  0.1875E+01
0.8720E+03  0.1882E+01  0.1875E+01
0.8730E+03  0.1882E+01  0.1874E+01
0.8740E+03  0.1882E+01  0.1874E+01
0.8750E+03  0.1882E+01  0.1874E+01
0.8760E+03  0.1882E+01  0.1874E+01
0.8770E+03  0.1882E+01  0.1874E+01
0.8780E+03  0.1882E+01  0.1873E+01
0.8790E+03  0.1882E+01  0.1873E+01
0.8800E+03  0.1882E+01  0.1873E+01
0.8810E+03  0.1882E+01  0.1873E+01
0.8820E+03  0.1882E+01  0.1873E+01
0.8830E+03  0.1882E+01  0.1873E+01
0.8840E+03  0.1882E+01  0.1873E+01
0.8850E+03  0.1882E+01  0.1873E+01
0.8860E+03  0.1882E+01  0.1872E+01
0.8870E+03  0.1882E+01  0.1872E+01
0.8880E+03  0.1882E+01  0.1872E+01
0.8890E+03  0.1882E+01  0.1872E+01
0.8900E+03  0.1882E+01  0.1872E+01
0.8910E+03  0.1882E+01  0.1872E+01
0.8920E+03  0.1882E+01  0.1872E+01
0.8930E+03  0.1882E+01  0.1872E+01
0.8940E+03  0.1882E+01  0.1872E+01
0.8950E+03  0.1882E+01  0.1872E+01
0.8960E+03  0.1882E+01  0.1871E+01
0.8970E+03  0.1882E+01  0.1871E+01
0.8980E+03  0.1882E+01  0.1871E+01
0.8990E+03  0.1882E+01  0.1871E+01
0.9000E+03  0.1882E+01  0.1871E+01
0.9010E+03  0.1882E+01  0.1871E+01
0.9020E+03  0.1882E+01  0.1871E+01
0.9030E+03  0.1882E+01  0.1871E+01
0.9040E+03  0.1882E+01  0.1871E+01
0.9050E+03  0.1882E+01  0.1871E+01
0.9060E+03  0.1882E+01  0.1871E+01
0.9070E+03  0.1882E+01  0.1871E+01
0.9080E+03  0.1882E+01  0.1871E+01
0.9090E+03  0.1882E+01  0.1871E+01
0.9100E+03  0.1882E+01  0.1871E+01
0.9110E+03  0.1882E+01  0.1871E+01
0.9120E+03  0.1882E+01  0.1871E+01
0.9130E+03  0.1882E+01  0.1871E+01
0.9140E+03  0.1882E+01  0.1871E+01
0.9150E+03  0.1882E+01  0.1871E+01
0.9160E+03  0.1882E+01  0.1871E+01
0.9170E+03  0.1882E+01  0.1871E+01
0.9180E+03  0.1882E+01  0.1871E+01
0.9190E+03  0.1882E+01  0.1871E+01
0.9200E+03  0.1882E+01  0.1871E+01
0.9210E+03  0.1882E+01  0.1871E+01
0.9220E+03  0.1882E+01  0.1871E+01
0.9230E+03  0.1882E+01  0.1871E+01
0.9240E+03  0.1882E+01  0.1871E+01
0.9250E+03  0.1882E+01  0.1872E+01
0.9260E+03  0.1882E+01  0.1872E+01
0.9270E+03  0.1882E+01  0.1872E+01
0.9280E+03  0.1882E+01  0.1872E+01
0.9290E+03  0.1882E+01  0.1872E+01
0.9300E+03  0.1882E+01  0.1872E+01
0.9310E+03  0.1882E+01  0.1872E+01
0.9320E+03  0.1882E+01  0.1873E+01
0.9330E+03  0.1882E+01  0.1873E+01
0.9340E+03  0.1882E+01  0.1873E+01
0.9350E+03  0.1882E+01  0.1873E+01
0.9360E+03  0.1882E+01  0.1874E+01
0.9370E+03  0.1882E+01  0.1874E+01
0.9380E+03  0.1882E+01  0.1874E+01
0.9390E+03  0.1882E+01  0.1874E+01
0.9400E+03  0.1882E+01  0.1874E+01
0.9410E+03  0.1882E+01  0.1875E+01
0.9420E+03  0.1882E+01  0.1875E+01
0.9430E+03  0.1882E+01  0.1875E+01
0.9440E+03  0.1882E+01  0.1875E+01
0.9450E+03  0.1882E+01  0.1876E+01
0.9460E+03  0.1882E+01  0.1876E+01
0.9470E+03  0.1882E+01  0.1876E+01
0.9480E+03  0.1882E+01  0.1877E+01
0.9490E+03  0.1882E+01  0.1877E+01
0.9500E+03  0.1882E+01  0.1877E+01
0.9510E+03  0.1882E+01  0.1878E+01
0.9520E+03  0.1882E+01  0.1878E+01
0.9530E+03  0.1882E+01  0.1878E+01
0.9540E+03  0.1882E+01  0.1879E+01
0.9550E+03  0.1882E+01  0.1879E+01
0.9560E+03  0.1882E+01  0.1880E+01
0.9570E+03  0.1882E+01  0.1880E+01
0.9580E+03  0.1882E+01  0.1880E+01
0.9590E+03  0.1882E+01  0.1881E+01
0.9600E+03  0.1882E+01  0.1881E+01
0.9610E+03  0.1882E+01  0.1882E+01
0.9620E+03  0.1882E+01  0.1882E+01
0.9630E+03  0.1882E+01  0.1882E+01
0.9640E+03  0.1882E+01  0.1882E+01
0.9650E+03  0.1882E+01  0.1882E+01
0.9660E+03  0.1882E+01  0.1882E+01
0.9670E+03  0.1882E+01  0.1882E+01
0.9680E+03  0.1882E+01  0.1882E+01
0.9690E+03  0.1882E+01  0.1882E+01
0.9700E+03  0.1882E+01  0.1882E+01
0.9710E+03  0.1882E+01  0.1882E+01
0.9720E+03  0.1882E+01  0.1882E+01
0.9730E+03  0.1882E+01  0.1882E+01
0.9740E+03  0.1882E+01  0.1882E+01
0.9750E+03  0.1882E+01  0.1882E+01
0.9760E+03  0.1882E+01  0.1882E+01
0.9770E+03  0.1882E+01  0.1882E+01
0.9780E+03  0.1882E+01  0.1882E+01
0.9790E+03  0.1882E+01  0.1882E+01
0.9800E+03  0.1882E+01  0.1882E+01
0.9810E+03  0.1882E+01  0.1882E+01
0.9820E+03  0.1882E+01  0.1883E+01
0.9830E+03  0.1882E+01  0.1883E+01
0.9840E+03  0.1882E+01  0.1883E+01
0.9850E+03  0.1882E+01  0.1883E+01
0.9860E+03  0.1882E+01  0.1883E+01
0.9870E+03  0.1882E+01  0.1883E+01
0.9880E+03  0.1882E+01  0.1883E+01
0.9890E+03  0.1882E+01  0.1883E+01
0.9900E+03  0.1882E+01  0.1883E+01
0.9910E+03  0.1882E+01  0.1883E+01
0.9920E+03  0.1882E+01  0.1883E+01
0.9930E+03  0.1882E+01  0.1883E+01
0.9940E+03  0.1882E+01  0.1883E+01
0.9950E+03  0.1882E+01  0.1883E+01
0.9960E+03  0.1882E+01  0.1883E+01
0.9970E+03  0.1882E+01  0.1883E+01
0.9980E+03  0.1882E+01  0.1884E+01
0.9990E+03  0.1882E+01  0.1884E+01
0.1000E+04  0.1882E+01  0.1884E+01
