0.4000E+03  0.1865E+01  0.1703E-02
0.4010E+03  0.1869E+01  0.2188E-02
0.4020E+03  0.1878E+01  0.2084E-02
0.4030E+03  0.1881E+01  0.2667E-02
0.4040E+03  0.1882E+01  0.3474E-02
0.4050E+03  0.1882E+01  0.4414E-02
0.4060E+03  0.1881E+01  0.5401E-02
0.4070E+03  0.1881E+01  0.6314E-02
0.4080E+03  0.1881E+01  0.7141E-02
0.4090E+03  0.1882E+01  0.7979E-02
0.4100E+03  0.1882E+01  0.8791E-02
0.4110E+03  0.1882E+01  0.9676E-02
0.4120E+03  0.1882E+01  0.1055E-01
0.4130E+03  0.1882E+01  0.1140E-01
0.4140E+03  0.1882E+01  0.1226E-01
0.4150E+03  0.1882E+01  0.1312E-01
0.4160E+03  0.1882E+01  0.1395E-01
0.4170E+03  0.1882E+01  0.1478E-01
0.4180E+03  0.1882E+01  0.1560E-01
0.4190E+03  0.1882E+01  0.1644E-01
0.4200E+03  0.1882E+01  0.1724E-01
0.4210E+03  0.1882E+01  0.1804E-01
0.4220E+03  0.1882E+01  0.1884E-01
0.4230E+03  0.1882E+01  0.1961E-01
0.4240E+03  0.1882E+01  0.2038E-01
0.4250E+03  0.1882E+01  0.2112E-01
0.4260E+03  0.1882E+01  0.2187E-01
0.4270E+03  0.1882E+01  0.2261E-01
0.4280E+03  0.1882E+01  0.2331E-01
0.4290E+03  0.1882E+01  0.2404E-01
0.4300E+03  0.1882E+01  0.2474E-01
0.4310E+03  0.1882E+01  0.2541E-01
0.4320E+03  0.1882E+01  0.2608E-01
0.4330E+03  0.1882E+01  0.2672E-01
0.4340E+03  0.1882E+01  0.2736E-01
0.4350E+03  0.1882E+01  0.2794E-01
0.4360E+03  0.1882E+01  0.2855E-01
0.4370E+03  0.1882E+01  0.2914E-01
0.4380E+03  0.1882E+01  0.2969E-01
0.4390E+03  0.1882E+01  0.3025E-01
0.4400E+03  0.1882E+01  0.3078E-01
0.4410E+03  0.1882E+01  0.3127E-01
0.4420E+03  0.1882E+01  0.3177E-01
0.4430E+03  0.1882E+01  0.3224E-01
0.4440E+03  0.1882E+01  0.3270E-01
0.4450E+03  0.1882E+01  0.3314E-01
0.4460E+03  0.1882E+01  0.3357E-01
0.4470E+03  0.1882E+01  0.3398E-01
0.4480E+03  0.1882E+01  0.3435E-01
0.4490E+03  0.1882E+01  0.3476E-01
0.4500E+03  0.1882E+01  0.3510E-01
0.4510E+03  0.1882E+01  0.3547E-01
0.4520E+03  0.1882E+01  0.3578E-01
0.4530E+03  0.1882E+01  0.3608E-01
0.4540E+03  0.1882E+01  0.3637E-01
0.4550E+03  0.1882E+01  0.3667E-01
0.4560E+03  0.1882E+01  0.3693E-01
0.4570E+03  0.1882E+01  0.3717E-01
0.4580E+03  0.1882E+01  0.3740E-01
0.4590E+03  0.1882E+01  0.3760E-01
0.4600E+03  0.1882E+01  0.3783E-01
0.4610E+03  0.1882E+01  0.3800E-01
0.4620E+03  0.1882E+01  0.3819E-01
0.4630E+03  0.1882E+01  0.3836E-01
0.4640E+03  0.1882E+01  0.3852E-01
0.4650E+03  0.1882E+01  0.3867E-01
0.4660E+03  0.1882E+01  0.3880E-01
0.4670E+03  0.1882E+01  0.3889E-01
0.4680E+03  0.1882E+01  0.3901E-01
0.4690E+03  0.1882E+01  0.3909E-01
0.4700E+03  0.1882E+01  0.3917E-01
0.4710E+03  0.1882E+01  0.3922E-01
0.4720E+03  0.1882E+01  0.3927E-01
0.4730E+03  0.1882E+01  0.3932E-01
0.4740E+03  0.1882E+01  0.3936E-01
0.4750E+03  0.1882E+01  0.3937E-01
0.4760E+03  0.1882E+01  0.3937E-01
0.4770E+03  0.1882E+01  0.3933E-01
0.4780E+03  0.1882E+01  0.3933E-01
0.4790E+03  0.1882E+01  0.3929E-01
0.4800E+03  0.1882E+01  0.3925E-01
0.4810E+03  0.1882E+01  0.3921E-01
0.4820E+03  0.1882E+01  0.3913E-01
0.4830E+03  0.1882E+01  0.3905E-01
0.4840E+03  0.1882E+01  0.3897E-01
0.4850E+03  0.1882E+01  0.3888E-01
0.4860E+03  0.1882E+01  0.3879E-01
0.4870E+03  0.1882E+01  0.3867E-01
0.4880E+03  0.1882E+01  0.3857E-01
0.4890E+03  0.1882E+01  0.3844E-01
0.4900E+03  0.1882E+01  0.3827E-01
0.4910E+03  0.1882E+01  0.3814E-01
0.4920E+03  0.1882E+01  0.3796E-01
0.4930E+03  0.1882E+01  0.3782E-01
0.4940E+03  0.1882E+01  0.3764E-01
0.4950E+03  0.1882E+01  0.3746E-01
0.4960E+03  0.1882E+01  0.3727E-01
0.4970E+03  0.1882E+01  0.3708E-01
0.4980E+03  0.1882E+01  0.3689E-01
0.4990E+03  0.1882E+01  0.3666E-01
0.5000E+03  0.1882E+01  0.3646E-01
0.5010E+03  0.1882E+01  0.3623E-01
0.5020E+03  0.1882E+01  0.3599E-01
0.5030E+03  0.1882E+01  0.3575E-01
0.5040E+03  0.1882E+01  0.3550E-01
0.5050E+03  0.1882E+01  0.3525E-01
0.5060E+03  0.1882E+01  0.3500E-01
0.5070E+03  0.1882E+01  0.3474E-01
0.5080E+03  0.1882E+01  0.3448E-01
0.5090E+03  0.1882E+01  0.3422E-01
0.5100E+03  0.1882E+01  0.3392E-01
0.5110E+03  0.1882E+01  0.3365E-01
0.5120E+03  0.1882E+01  0.3334E-01
0.5130E+03  0.1882E+01  0.3306E-01
0.5140E+03  0.1882E+01  0.3278E-01
0.5150E+03  0.1882E+01  0.3247E-01
0.5160E+03  0.1882E+01  0.3218E-01
0.5170E+03  0.1882E+01  0.3185E-01
0.5180E+03  0.1882E+01  0.3156E-01
0.5190E+03  0.1882E+01  0.3123E-01
0.5200E+03  0.1882E+01  0.3092E-01
0.5210E+03  0.1882E+01  0.3062E-01
0.5220E+03  0.1882E+01  0.3027E-01
0.5230E+03  0.1882E+01  0.2996E-01
0.5240E+03  0.1882E+01  0.2961E-01
0.5250E+03  0.1882E+01  0.2929E-01
0.5260E+03  0.1882E+01  0.2897E-01
0.5270E+03  0.1882E+01  0.2860E-01
0.5280E+03  0.1882E+01  0.2827E-01
0.5290E+03  0.1882E+01  0.2794E-01
0.5300E+03  0.1882E+01  0.2760E-01
0.5310E+03  0.1882E+01  0.2726E-01
0.5320E+03  0.1882E+01  0.2691E-01
0.5330E+03  0.1882E+01  0.2656E-01
0.5340E+03  0.1882E+01  0.2621E-01
0.5350E+03  0.1882E+01  0.2585E-01
0.5360E+03  0.1882E+01  0.2549E-01
0.5370E+03  0.1882E+01  0.2512E-01
0.5380E+03  0.1882E+01  0.2479E-01
0.5390E+03  0.1882E+01  0.2442E-01
0.5400E+03  0.1882E+01  0.2407E-01
0.5410E+03  0.1882E+01  0.2369E-01
0.5420E+03  0.1882E+01  0.2335E-01
0.5430E+03  0.1882E+01  0.2299E-01
0.5440E+03  0.1882E+01  0.2267E-01
0.5450E+03  0.1882E+01  0.2231E-01
0.5460E+03  0.1882E+01  0.2195E-01
0.5470E+03  0.1882E+01  0.2158E-01
0.5480E+03  0.1882E+01  0.2124E-01
0.5490E+03  0.1882E+01  0.2087E-01
0.5500E+03  0.1882E+01  0.2052E-01
0.5510E+03  0.1882E+01  0.2018E-01
0.5520E+03  0.1882E+01  0.1983E-01
0.5530E+03  0.1882E+01  0.1947E-01
0.5540E+03  0.1882E+01  0.1911E-01
0.5550E+03  0.1882E+01  0.1875E-01
0.5560E+03  0.1882E+01  0.1842E-01
0.5570E+03  0.1882E+01  0.1809E-01
0.5580E+03  0.1882E+01  0.1772E-01
0.5590E+03  0.1882E+01  0.1738E-01
0.5600E+03  0.1882E+01  0.1703E-01
0.5610E+03  0.1882E+01  0.1672E-01
0.5620E+03  0.1882E+01  0.1637E-01
0.5630E+03  0.1882E+01  0.1605E-01
0.5640E+03  0.1882E+01  0.1573E-01
0.5650E+03  0.1882E+01  0.1541E-01
0.5660E+03  0.1882E+01  0.1508E-01
0.5670E+03  0.1882E+01  0.1475E-01
0.5680E+03  0.1882E+01  0.1441E-01
0.5690E+03  0.1882E+01  0.1411E-01
0.5700E+03  0.1882E+01  0.1377E-01
0.5710E+03  0.1882E+01  0.1346E-01
0.5720E+03  0.1882E+01  0.1315E-01
0.5730E+03  0.1882E+01  0.1287E-01
0.5740E+03  0.1882E+01  0.1255E-01
0.5750E+03  0.1882E+01  0.1226E-01
0.5760E+03  0.1882E+01  0.1198E-01
0.5770E+03  0.1882E+01  0.1165E-01
0.5780E+03  0.1882E+01  0.1136E-01
0.5790E+03  0.1882E+01  0.1110E-01
0.5800E+03  0.1882E+01  0.1080E-01
0.5810E+03  0.1882E+01  0.1049E-01
0.5820E+03  0.1882E+01  0.1023E-01
0.5830E+03  0.1882E+01  0.9956E-02
0.5840E+03  0.1882E+01  0.9682E-02
0.5850E+03  0.1882E+01  0.9405E-02
0.5860E+03  0.1882E+01  0.9126E-02
0.5870E+03  0.1882E+01  0.8882E-02
0.5880E+03  0.1882E+01  0.8597E-02
0.5890E+03  0.1882E+01  0.8348E-02
0.5900E+03  0.1882E+01  0.8096E-02
0.5910E+03  0.1882E+01  0.7841E-02
0.5920E+03  0.1882E+01  0.7584E-02
0.5930E+03  0.1882E+01  0.7325E-02
0.5940E+03  0.1882E+01  0.7063E-02
0.5950E+03  0.1882E+01  0.6836E-02
0.5960E+03  0.1882E+01  0.6569E-02
0.5970E+03  0.1882E+01  0.6339E-02
0.5980E+03  0.1882E+01  0.6144E-02
0.5990E+03  0.1882E+01  0.5908E-02
0.6000E+03  0.1882E+01  0.5671E-02
0.6010E+03  0.1882E+01  0.5470E-02
0.6020E+03  0.1882E+01  0.5228E-02
0.6030E+03  0.1882E+01  0.5023E-02
0.6040E+03  0.1882E+01  0.4816E-02
0.6050E+03  0.1882E+01  0.4607E-02
0.6060E+03  0.1882E+01  0.4396E-02
0.6070E+03  0.1882E+01  0.4223E-02
0.6080E+03  0.1882E+01  0.4008E-02
0.6090E+03  0.1882E+01  0.3792E-02
0.6100E+03  0.1882E+01  0.3613E-02
0.6110E+03  0.1882E+01  0.3433E-02
0.6120E+03  0.1882E+01  0.3250E-02
0.6130E+03  0.1882E+01  0.3066E-02
0.6140E+03  0.1882E+01  0.2881E-02
0.6150E+03  0.1882E+01  0.2694E-02
0.6160E+03  0.1882E+01  0.2546E-02
0.6170E+03  0.1882E+01  0.2356E-02
0.6180E+03  0.1882E+01  0.2204E-02
0.6190E+03  0.1882E+01  0.2052E-02
0.6200E+03  0.1882E+01  0.1898E-02
0.6210E+03  0.1882E+01  0.1743E-02
0.6220E+03  0.1882E+01  0.1627E-02
0.6230E+03  0.1882E+01  0.1469E-02
0.6240E+03  0.1882E+01  0.1310E-02
0.6250E+03  0.1882E+01  0.1191E-02
0.6260E+03  0.1882E+01  0.1071E-02
0.6270E+03  0.1882E+01  0.9086E-03
0.6280E+03  0.1882E+01  0.7864E-03
0.6290E+03  0.1882E+01  0.6634E-03
0.6300E+03  0.1882E+01  0.5395E-03
0.6310E+03  0.1882E+01  0.4563E-03
0.6320E+03  0.1882E+01  0.3305E-03
0.6330E+03  0.1882E+01  0.2457E-03
0.6340E+03  0.1882E+01  0.1180E-03
0.6350E+03  0.1882E+01  -.5859E-05
0.6360E+03  0.1888E+01  -.5994E-05
0.6370E+03  0.1894E+01  -.5991E-05
0.6380E+03  0.1899E+01  -.5927E-05
0.6390E+03  0.1904E+01  -.5730E-05
0.6400E+03  0.1909E+01  -.5255E-05
0.6410E+03  0.1914E+01  -.4456E-05
0.6420E+03  0.1917E+01  -.4010E-05
0.6430E+03  0.1922E+01  -.2483E-05
0.6440E+03  0.1926E+01  -.3677E-06
0.6450E+03  0.1931E+01  0.2340E-05
0.6460E+03  0.1934E+01  0.3699E-05
0.6470E+03  0.1939E+01  0.7313E-05
0.6480E+03  0.1942E+01  0.9187E-05
0.6490E+03  0.1946E+01  0.1387E-04
0.6500E+03  0.1949E+01  0.1638E-04
0.6510E+03  0.1952E+01  0.1909E-04
0.6520E+03  0.1955E+01  0.2199E-04
0.6530E+03  0.1958E+01  0.2494E-04
0.6540E+03  0.1961E+01  0.2783E-04
0.6550E+03  0.1964E+01  0.3077E-04
0.6560E+03  0.1967E+01  0.3356E-04
0.6570E+03  0.1970E+01  0.3659E-04
0.6580E+03  0.1973E+01  0.4039E-04
0.6590E+03  0.1976E+01  0.4492E-04
0.6600E+03  0.1979E+01  0.5034E-04
0.6610E+03  0.1982E+01  0.5865E-04
0.6620E+03  0.1986E+01  0.7235E-04
0.6630E+03  0.1987E+01  0.7921E-04
0.6640E+03  0.1990E+01  0.6984E-04
0.6650E+03  0.1777E+01  0.2924E-04
0.6660E+03  0.1777E+01  0.1170E-03
0.6670E+03  0.1778E+01  0.1088E-03
0.6680E+03  0.1780E+01  0.9764E-04
0.6690E+03  0.1780E+01  0.1061E-03
0.6700E+03  0.1782E+01  0.1138E-03
0.6710E+03  0.1783E+01  0.1207E-03
0.6720E+03  0.1785E+01  0.1244E-03
0.6730E+03  0.1786E+01  0.1291E-03
0.6740E+03  0.1788E+01  0.1353E-03
0.6750E+03  0.1789E+01  0.1404E-03
0.6760E+03  0.1792E+01  0.1351E-03
0.6770E+03  0.1794E+01  0.1414E-03
0.6780E+03  0.1795E+01  0.1472E-03
0.6790E+03  0.1797E+01  0.1519E-03
0.6800E+03  0.1798E+01  0.1548E-03
0.6810E+03  0.1801E+01  0.1457E-03
0.6820E+03  0.1803E+01  0.1476E-03
0.6830E+03  0.1804E+01  0.1493E-03
0.6840E+03  0.1806E+01  0.1503E-03
0.6850E+03  0.1809E+01  0.1420E-03
0.6860E+03  0.1810E+01  0.1437E-03
0.6870E+03  0.1811E+01  0.1460E-03
0.6880E+03  0.1814E+01  0.1387E-03
0.6890E+03  0.1817E+01  0.1315E-03
0.6900E+03  0.1818E+01  0.1338E-03
0.6910E+03  0.1820E+01  0.1358E-03
0.6920E+03  0.1822E+01  0.1281E-03
0.6930E+03  0.1824E+01  0.1295E-03
0.6940E+03  0.1826E+01  0.1220E-03
0.6950E+03  0.1829E+01  0.1149E-03
0.6960E+03  0.1830E+01  0.1165E-03
0.6970E+03  0.1833E+01  0.1096E-03
0.6980E+03  0.1834E+01  0.1113E-03
0.6990E+03  0.1835E+01  0.1128E-03
0.7000E+03  0.1838E+01  0.1056E-03
0.7010E+03  0.1839E+01  0.1064E-03
0.7020E+03  0.1840E+01  0.1071E-03
0.7030E+03  0.1841E+01  0.1077E-03
0.7040E+03  0.1842E+01  0.1080E-03
0.7050E+03  0.1844E+01  0.1080E-03
0.7060E+03  0.1846E+01  0.9989E-04
0.7070E+03  0.1847E+01  0.9947E-04
0.7080E+03  0.1850E+01  0.9138E-04
0.7090E+03  0.1851E+01  0.9069E-04
0.7100E+03  0.1852E+01  0.8989E-04
0.7110E+03  0.1853E+01  0.8876E-04
0.7120E+03  0.1854E+01  0.8757E-04
0.7130E+03  0.1855E+01  0.8647E-04
0.7140E+03  0.1858E+01  0.7792E-04
0.7150E+03  0.1859E+01  0.7665E-04
0.7160E+03  0.1860E+01  0.7518E-04
0.7170E+03  0.1861E+01  0.7356E-04
0.7180E+03  0.1862E+01  0.7167E-04
0.7190E+03  0.1863E+01  0.6956E-04
0.7200E+03  0.1864E+01  0.6734E-04
0.7210E+03  0.1865E+01  0.6496E-04
0.7220E+03  0.1866E+01  0.6243E-04
0.7230E+03  0.1867E+01  0.5959E-04
0.7240E+03  0.1868E+01  0.5651E-04
0.7250E+03  0.1869E+01  0.5322E-04
0.7260E+03  0.1870E+01  0.4970E-04
0.7270E+03  0.1871E+01  0.4604E-04
0.7280E+03  0.1872E+01  0.4217E-04
0.7290E+03  0.1873E+01  0.3819E-04
0.7300E+03  0.1875E+01  0.2773E-04
0.7310E+03  0.1876E+01  0.2356E-04
0.7320E+03  0.1877E+01  0.1923E-04
0.7330E+03  0.1878E+01  0.1470E-04
0.7340E+03  0.1880E+01  0.4177E-05
0.7350E+03  0.1880E+01  0.5414E-05
0.7360E+03  0.1881E+01  0.5508E-06
0.7370E+03  0.1882E+01  -.4421E-05
0.7380E+03  0.1882E+01  0.3091E-04
0.7390E+03  0.1882E+01  0.8031E-04
0.7400E+03  0.1882E+01  0.7510E-04
0.7410E+03  0.1882E+01  0.1263E-03
0.7420E+03  0.1882E+01  0.1228E-03
0.7430E+03  0.1882E+01  0.1758E-03
0.7440E+03  0.1882E+01  0.2298E-03
0.7450E+03  0.1882E+01  0.2290E-03
0.7460E+03  0.1882E+01  0.2851E-03
0.7470E+03  0.1882E+01  0.2858E-03
0.7480E+03  0.1882E+01  0.3435E-03
0.7490E+03  0.1882E+01  0.3463E-03
0.7500E+03  0.1882E+01  0.3499E-03
0.7510E+03  0.1882E+01  0.4107E-03
0.7520E+03  0.1882E+01  0.4156E-03
0.7530E+03  0.1882E+01  0.4783E-03
0.7540E+03  0.1882E+01  0.4851E-03
0.7550E+03  0.1882E+01  0.4930E-03
0.7560E+03  0.1882E+01  0.5017E-03
0.7570E+03  0.1882E+01  0.5114E-03
0.7580E+03  0.1882E+01  0.5789E-03
0.7590E+03  0.1882E+01  0.5904E-03
0.7600E+03  0.1882E+01  0.6029E-03
0.7610E+03  0.1882E+01  0.6161E-03
0.7620E+03  0.1882E+01  0.6301E-03
0.7630E+03  0.1882E+01  0.6451E-03
0.7640E+03  0.1882E+01  0.6606E-03
0.7650E+03  0.1882E+01  0.7349E-03
0.7660E+03  0.1882E+01  0.7524E-03
0.7670E+03  0.1882E+01  0.7710E-03
0.7680E+03  0.1882E+01  0.7905E-03
0.7690E+03  0.1882E+01  0.7530E-03
0.7700E+03  0.1882E+01  0.7739E-03
0.7710E+03  0.1882E+01  0.7377E-03
0.7720E+03  0.1882E+01  0.7600E-03
0.7730E+03  0.1882E+01  0.7845E-03
0.7740E+03  0.1882E+01  0.8682E-03
0.7750E+03  0.1882E+01  0.8943E-03
0.7760E+03  0.1882E+01  0.8629E-03
0.7770E+03  0.1882E+01  0.8907E-03
0.7780E+03  0.1882E+01  0.8609E-03
0.7790E+03  0.1882E+01  0.8904E-03
0.7800E+03  0.1882E+01  0.9211E-03
0.7810E+03  0.1882E+01  0.9524E-03
0.7820E+03  0.1882E+01  0.1044E-02
0.7830E+03  0.1882E+01  0.1078E-02
0.7840E+03  0.1882E+01  0.1112E-02
0.7850E+03  0.1882E+01  0.1147E-02
0.7860E+03  0.1882E+01  0.1124E-02
0.7870E+03  0.1882E+01  0.1161E-02
0.7880E+03  0.1882E+01  0.1139E-02
0.7890E+03  0.1882E+01  0.1178E-02
0.7900E+03  0.1882E+01  0.1158E-02
0.7910E+03  0.1882E+01  0.1139E-02
0.7920E+03  0.1882E+01  0.1060E-02
0.7930E+03  0.1882E+01  0.1102E-02
0.7940E+03  0.1882E+01  0.1085E-02
0.7950E+03  0.1882E+01  0.1069E-02
0.7960E+03  0.1882E+01  0.1054E-02
0.7970E+03  0.1882E+01  0.1039E-02
0.7980E+03  0.1882E+01  0.1086E-02
0.7990E+03  0.1882E+01  0.1073E-02
0.8000E+03  0.1882E+01  0.1061E-02
0.8010E+03  0.1882E+01  0.1049E-02
0.8020E+03  0.1882E+01  0.1039E-02
0.8030E+03  0.1882E+01  0.1090E-02
0.8040E+03  0.1882E+01  0.1203E-02
0.8050E+03  0.1882E+01  0.1195E-02
0.8060E+03  0.1882E+01  0.1188E-02
0.8070E+03  0.1882E+01  0.1182E-02
0.8080E+03  0.1882E+01  0.1176E-02
0.8090E+03  0.1882E+01  0.1233E-02
0.8100E+03  0.1882E+01  0.1229E-02
0.8110E+03  0.1882E+01  0.1165E-02
0.8120E+03  0.1882E+01  0.1163E-02
0.8130E+03  0.1882E+01  0.1161E-02
0.8140E+03  0.1882E+01  0.1099E-02
0.8150E+03  0.1882E+01  0.1037E-02
0.8160E+03  0.1882E+01  0.1038E-02
0.8170E+03  0.1882E+01  0.9776E-03
0.8180E+03  0.1882E+01  0.9798E-03
0.8190E+03  0.1882E+01  0.9209E-03
0.8200E+03  0.1882E+01  0.8626E-03
0.8210E+03  0.1882E+01  0.8674E-03
0.8220E+03  0.1882E+01  0.8107E-03
0.8230E+03  0.1882E+01  0.7545E-03
0.8240E+03  0.1882E+01  0.6988E-03
0.8250E+03  0.1882E+01  0.7066E-03
0.8260E+03  0.1882E+01  0.5899E-03
0.8270E+03  0.1882E+01  0.5364E-03
0.8280E+03  0.1882E+01  0.4837E-03
0.8290E+03  0.1882E+01  0.4316E-03
0.8300E+03  0.1882E+01  0.3801E-03
0.8310E+03  0.1882E+01  0.3924E-03
0.8320E+03  0.1882E+01  0.4055E-03
0.8330E+03  0.1882E+01  0.3562E-03
0.8340E+03  0.1882E+01  0.3077E-03
0.8350E+03  0.1882E+01  0.2598E-03
0.8360E+03  0.1882E+01  0.2124E-03
0.8370E+03  0.1882E+01  0.1659E-03
0.8380E+03  0.1882E+01  0.1836E-03
0.8390E+03  0.1882E+01  0.1385E-03
0.8400E+03  0.1882E+01  0.9416E-04
0.8410E+03  0.1882E+01  0.5043E-04
0.8420E+03  0.1882E+01  0.7201E-05
0.8430E+03  0.1881E+01  -.1652E-05
0.8440E+03  0.1881E+01  0.3575E-05
0.8450E+03  0.1880E+01  0.6141E-05
0.8460E+03  0.1880E+01  0.8894E-05
0.8470E+03  0.1880E+01  0.1177E-04
0.8480E+03  0.1879E+01  0.1866E-04
0.8490E+03  0.1879E+01  0.2198E-04
0.8500E+03  0.1878E+01  0.2538E-04
0.8510E+03  0.1878E+01  0.3333E-04
0.8520E+03  0.1878E+01  0.3252E-04
0.8530E+03  0.1878E+01  0.3157E-04
0.8540E+03  0.1878E+01  0.3520E-04
0.8550E+03  0.1877E+01  0.4374E-04
0.8560E+03  0.1877E+01  0.4241E-04
0.8570E+03  0.1877E+01  0.4608E-04
0.8580E+03  0.1877E+01  0.4983E-04
0.8590E+03  0.1877E+01  0.4810E-04
0.8600E+03  0.1877E+01  0.5182E-04
0.8610E+03  0.1877E+01  0.5540E-04
0.8620E+03  0.1877E+01  0.5346E-04
0.8630E+03  0.1877E+01  0.5132E-04
0.8640E+03  0.1877E+01  0.5483E-04
0.8650E+03  0.1877E+01  0.6416E-04
0.8660E+03  0.1876E+01  0.6758E-04
0.8670E+03  0.1876E+01  0.7711E-04
0.8680E+03  0.1876E+01  0.8066E-04
0.8690E+03  0.1875E+01  0.8399E-04
0.8700E+03  0.1875E+01  0.8724E-04
0.8710E+03  0.1875E+01  0.9697E-04
0.8720E+03  0.1875E+01  0.1002E-03
0.8730E+03  0.1874E+01  0.1033E-03
0.8740E+03  0.1874E+01  0.1065E-03
0.8750E+03  0.1874E+01  0.1095E-03
0.8760E+03  0.1874E+01  0.1194E-03
0.8770E+03  0.1874E+01  0.1223E-03
0.8780E+03  0.1873E+01  0.1252E-03
0.8790E+03  0.1873E+01  0.1279E-03
0.8800E+03  0.1873E+01  0.1305E-03
0.8810E+03  0.1873E+01  0.1327E-03
0.8820E+03  0.1873E+01  0.1420E-03
0.8830E+03  0.1873E+01  0.1441E-03
0.8840E+03  0.1873E+01  0.1462E-03
0.8850E+03  0.1873E+01  0.1484E-03
0.8860E+03  0.1872E+01  0.1504E-03
0.8870E+03  0.1872E+01  0.1524E-03
0.8880E+03  0.1872E+01  0.1615E-03
0.8890E+03  0.1872E+01  0.1629E-03
0.8900E+03  0.1872E+01  0.1643E-03
0.8910E+03  0.1872E+01  0.1655E-03
0.8920E+03  0.1872E+01  0.1667E-03
0.8930E+03  0.1872E+01  0.1679E-03
0.8940E+03  0.1872E+01  0.1688E-03
0.8950E+03  0.1872E+01  0.1695E-03
0.8960E+03  0.1871E+01  0.1775E-03
0.8970E+03  0.1871E+01  0.1780E-03
0.8980E+03  0.1871E+01  0.1784E-03
0.8990E+03  0.1871E+01  0.1785E-03
0.9000E+03  0.1871E+01  0.1786E-03
0.9010E+03  0.1871E+01  0.1859E-03
0.9020E+03  0.1871E+01  0.1857E-03
0.9030E+03  0.1871E+01  0.1855E-03
0.9040E+03  0.1871E+01  0.1850E-03
0.9050E+03  0.1871E+01  0.1844E-03
0.9060E+03  0.1871E+01  0.1909E-03
0.9070E+03  0.1871E+01  0.1901E-03
0.9080E+03  0.1871E+01  0.1890E-03
0.9090E+03  0.1871E+01  0.1878E-03
0.9100E+03  0.1871E+01  0.1867E-03
0.9110E+03  0.1871E+01  0.1854E-03
0.9120E+03  0.1871E+01  0.1912E-03
0.9130E+03  0.1871E+01  0.1898E-03
0.9140E+03  0.1871E+01  0.1881E-03
0.9150E+03  0.1871E+01  0.1866E-03
0.9160E+03  0.1871E+01  0.1849E-03
0.9170E+03  0.1871E+01  0.1832E-03
0.9180E+03  0.1871E+01  0.1813E-03
0.9190E+03  0.1871E+01  0.1794E-03
0.9200E+03  0.1871E+01  0.1776E-03
0.9210E+03  0.1871E+01  0.1755E-03
0.9220E+03  0.1871E+01  0.1734E-03
0.9230E+03  0.1871E+01  0.1712E-03
0.9240E+03  0.1871E+01  0.1690E-03
0.9250E+03  0.1872E+01  0.1667E-03
0.9260E+03  0.1872E+01  0.1644E-03
0.9270E+03  0.1872E+01  0.1621E-03
0.9280E+03  0.1872E+01  0.1598E-03
0.9290E+03  0.1872E+01  0.1573E-03
0.9300E+03  0.1872E+01  0.1548E-03
0.9310E+03  0.1872E+01  0.1523E-03
0.9320E+03  0.1873E+01  0.1435E-03
0.9330E+03  0.1873E+01  0.1406E-03
0.9340E+03  0.1873E+01  0.1378E-03
0.9350E+03  0.1873E+01  0.1350E-03
0.9360E+03  0.1874E+01  0.1261E-03
0.9370E+03  0.1874E+01  0.1233E-03
0.9380E+03  0.1874E+01  0.1205E-03
0.9390E+03  0.1874E+01  0.1177E-03
0.9400E+03  0.1874E+01  0.1092E-03
0.9410E+03  0.1875E+01  0.1064E-03
0.9420E+03  0.1875E+01  0.9795E-04
0.9430E+03  0.1875E+01  0.9510E-04
0.9440E+03  0.1875E+01  0.9227E-04
0.9450E+03  0.1876E+01  0.8402E-04
0.9460E+03  0.1876E+01  0.8124E-04
0.9470E+03  0.1876E+01  0.7321E-04
0.9480E+03  0.1877E+01  0.7052E-04
0.9490E+03  0.1877E+01  0.6270E-04
0.9500E+03  0.1877E+01  0.6003E-04
0.9510E+03  0.1878E+01  0.5228E-04
0.9520E+03  0.1878E+01  0.4967E-04
0.9530E+03  0.1878E+01  0.4228E-04
0.9540E+03  0.1879E+01  0.3488E-04
0.9550E+03  0.1879E+01  0.3242E-04
0.9560E+03  0.1880E+01  0.2509E-04
0.9570E+03  0.1880E+01  0.1801E-04
0.9580E+03  0.1880E+01  0.1572E-04
0.9590E+03  0.1881E+01  0.8848E-05
0.9600E+03  0.1881E+01  0.2135E-05
0.9610E+03  0.1882E+01  -.4574E-05
0.9620E+03  0.1882E+01  0.6929E-05
0.9630E+03  0.1882E+01  0.1104E-03
0.9640E+03  0.1882E+01  0.2145E-03
0.9650E+03  0.1882E+01  0.3193E-03
0.9660E+03  0.1882E+01  0.4248E-03
0.9670E+03  0.1882E+01  0.4602E-03
0.9680E+03  0.1882E+01  0.5669E-03
0.9690E+03  0.1882E+01  0.6741E-03
0.9700E+03  0.1882E+01  0.7820E-03
0.9710E+03  0.1882E+01  0.8904E-03
0.9720E+03  0.1882E+01  0.9995E-03
0.9730E+03  0.1882E+01  0.1109E-02
0.9740E+03  0.1882E+01  0.1291E-02
0.9750E+03  0.1882E+01  0.1402E-02
0.9760E+03  0.1882E+01  0.1513E-02
0.9770E+03  0.1882E+01  0.1625E-02
0.9780E+03  0.1882E+01  0.1738E-02
0.9790E+03  0.1882E+01  0.1923E-02
0.9800E+03  0.1882E+01  0.2037E-02
0.9810E+03  0.1882E+01  0.2148E-02
0.9820E+03  0.1883E+01  0.2328E-02
0.9830E+03  0.1883E+01  0.2440E-02
0.9840E+03  0.1883E+01  0.2552E-02
0.9850E+03  0.1883E+01  0.2734E-02
0.9860E+03  0.1883E+01  0.2848E-02
0.9870E+03  0.1883E+01  0.3031E-02
0.9880E+03  0.1883E+01  0.3145E-02
0.9890E+03  0.1883E+01  0.3330E-02
0.9900E+03  0.1883E+01  0.3515E-02
0.9910E+03  0.1883E+01  0.3632E-02
0.9920E+03  0.1883E+01  0.3818E-02
0.9930E+03  0.1883E+01  0.4005E-02
0.9940E+03  0.1883E+01  0.4123E-02
0.9950E+03  0.1883E+01  0.4311E-02
0.9960E+03  0.1883E+01  0.4500E-02
0.9970E+03  0.1883E+01  0.4691E-02
0.9980E+03  0.1884E+01  0.4882E-02
0.9990E+03  0.1884E+01  0.5075E-02
0.1000E+04  0.1884E+01  0.5197E-02
