0.3100E+01  0.3543E+01  0.3479E+01  0.1506E-04  0.6353E-02
0.3092E+01  0.3543E+01  0.3493E+01  0.3268E-02  0.8179E-02
0.3084E+01  0.3543E+01  0.3528E+01  0.6513E-02  0.7827E-02
0.3077E+01  0.3543E+01  0.3538E+01  0.9758E-02  0.1003E-01
0.3069E+01  0.3543E+01  0.3541E+01  0.1300E-01  0.1307E-01
0.3061E+01  0.3543E+01  0.3541E+01  0.1624E-01  0.1661E-01
0.3054E+01  0.3543E+01  0.3538E+01  0.1949E-01  0.2032E-01
0.3046E+01  0.3543E+01  0.3537E+01  0.2273E-01  0.2375E-01
0.3039E+01  0.3543E+01  0.3539E+01  0.2598E-01  0.2687E-01
0.3031E+01  0.3543E+01  0.3541E+01  0.2923E-01  0.3003E-01
0.3024E+01  0.3543E+01  0.3543E+01  0.3248E-01  0.3309E-01
0.3017E+01  0.3543E+01  0.3543E+01  0.3573E-01  0.3643E-01
0.3009E+01  0.3543E+01  0.3543E+01  0.3898E-01  0.3972E-01
0.3002E+01  0.3543E+01  0.3543E+01  0.4223E-01  0.4292E-01
0.2995E+01  0.3543E+01  0.3543E+01  0.4546E-01  0.4615E-01
0.2988E+01  0.3543E+01  0.3543E+01  0.4868E-01  0.4938E-01
0.2980E+01  0.3543E+01  0.3543E+01  0.5190E-01  0.5251E-01
0.2973E+01  0.3543E+01  0.3543E+01  0.5513E-01  0.5566E-01
0.2966E+01  0.3543E+01  0.3543E+01  0.5840E-01  0.5873E-01
0.2959E+01  0.3543E+01  0.3543E+01  0.6173E-01  0.6191E-01
0.2952E+01  0.3543E+01  0.3543E+01  0.6508E-01  0.6489E-01
0.2945E+01  0.3543E+01  0.3542E+01  0.6841E-01  0.6790E-01
0.2938E+01  0.3543E+01  0.3542E+01  0.7165E-01  0.7092E-01
0.2931E+01  0.3543E+01  0.3542E+01  0.7474E-01  0.7383E-01
0.2924E+01  0.3543E+01  0.3542E+01  0.7763E-01  0.7673E-01
0.2917E+01  0.3543E+01  0.3542E+01  0.8035E-01  0.7952E-01
0.2910E+01  0.3543E+01  0.3542E+01  0.8298E-01  0.8232E-01
0.2904E+01  0.3543E+01  0.3542E+01  0.8559E-01  0.8513E-01
0.2897E+01  0.3543E+01  0.3542E+01  0.8826E-01  0.8775E-01
0.2890E+01  0.3543E+01  0.3542E+01  0.9105E-01  0.9048E-01
0.2883E+01  0.3543E+01  0.3542E+01  0.9385E-01  0.9312E-01
0.2877E+01  0.3543E+01  0.3542E+01  0.9660E-01  0.9565E-01
0.2870E+01  0.3543E+01  0.3542E+01  0.9918E-01  0.9817E-01
0.2863E+01  0.3542E+01  0.3542E+01  0.1015E+00  0.1006E+00
0.2857E+01  0.3542E+01  0.3542E+01  0.1036E+00  0.1030E+00
0.2850E+01  0.3542E+01  0.3542E+01  0.1055E+00  0.1052E+00
0.2844E+01  0.3542E+01  0.3542E+01  0.1072E+00  0.1075E+00
0.2837E+01  0.3542E+01  0.3542E+01  0.1090E+00  0.1097E+00
0.2831E+01  0.3542E+01  0.3542E+01  0.1108E+00  0.1118E+00
0.2824E+01  0.3542E+01  0.3542E+01  0.1127E+00  0.1139E+00
0.2818E+01  0.3542E+01  0.3542E+01  0.1147E+00  0.1159E+00
0.2811E+01  0.3542E+01  0.3542E+01  0.1166E+00  0.1177E+00
0.2805E+01  0.3542E+01  0.3542E+01  0.1185E+00  0.1196E+00
0.2799E+01  0.3542E+01  0.3542E+01  0.1204E+00  0.1214E+00
0.2792E+01  0.3542E+01  0.3542E+01  0.1222E+00  0.1231E+00
0.2786E+01  0.3542E+01  0.3542E+01  0.1241E+00  0.1248E+00
0.2780E+01  0.3542E+01  0.3542E+01  0.1261E+00  0.1264E+00
0.2774E+01  0.3542E+01  0.3542E+01  0.1281E+00  0.1279E+00
0.2767E+01  0.3542E+01  0.3542E+01  0.1303E+00  0.1293E+00
0.2761E+01  0.3542E+01  0.3541E+01  0.1323E+00  0.1308E+00
0.2755E+01  0.3542E+01  0.3541E+01  0.1342E+00  0.1321E+00
0.2749E+01  0.3542E+01  0.3541E+01  0.1357E+00  0.1335E+00
0.2743E+01  0.3542E+01  0.3541E+01  0.1368E+00  0.1347E+00
0.2737E+01  0.3542E+01  0.3541E+01  0.1376E+00  0.1358E+00
0.2731E+01  0.3542E+01  0.3541E+01  0.1381E+00  0.1369E+00
0.2725E+01  0.3542E+01  0.3542E+01  0.1384E+00  0.1380E+00
0.2719E+01  0.3542E+01  0.3542E+01  0.1388E+00  0.1390E+00
0.2713E+01  0.3542E+01  0.3542E+01  0.1393E+00  0.1399E+00
0.2707E+01  0.3542E+01  0.3542E+01  0.1399E+00  0.1408E+00
0.2701E+01  0.3542E+01  0.3542E+01  0.1406E+00  0.1416E+00
0.2695E+01  0.3542E+01  0.3542E+01  0.1412E+00  0.1424E+00
0.2689E+01  0.3542E+01  0.3542E+01  0.1419E+00  0.1431E+00
0.2684E+01  0.3542E+01  0.3542E+01  0.1425E+00  0.1438E+00
0.2678E+01  0.3542E+01  0.3542E+01  0.1431E+00  0.1444E+00
0.2672E+01  0.3542E+01  0.3542E+01  0.1437E+00  0.1450E+00
0.2666E+01  0.3542E+01  0.3542E+01  0.1443E+00  0.1456E+00
0.2661E+01  0.3542E+01  0.3542E+01  0.1448E+00  0.1461E+00
0.2655E+01  0.3542E+01  0.3542E+01  0.1454E+00  0.1464E+00
0.2649E+01  0.3542E+01  0.3542E+01  0.1460E+00  0.1468E+00
0.2644E+01  0.3542E+01  0.3542E+01  0.1466E+00  0.1472E+00
0.2638E+01  0.3542E+01  0.3542E+01  0.1473E+00  0.1475E+00
0.2632E+01  0.3542E+01  0.3541E+01  0.1481E+00  0.1477E+00
0.2627E+01  0.3542E+01  0.3541E+01  0.1488E+00  0.1478E+00
0.2621E+01  0.3542E+01  0.3541E+01  0.1495E+00  0.1480E+00
0.2616E+01  0.3541E+01  0.3541E+01  0.1499E+00  0.1482E+00
0.2610E+01  0.3541E+01  0.3541E+01  0.1499E+00  0.1482E+00
0.2605E+01  0.3541E+01  0.3541E+01  0.1497E+00  0.1482E+00
0.2599E+01  0.3542E+01  0.3541E+01  0.1492E+00  0.1481E+00
0.2594E+01  0.3542E+01  0.3541E+01  0.1487E+00  0.1481E+00
0.2588E+01  0.3542E+01  0.3542E+01  0.1481E+00  0.1479E+00
0.2583E+01  0.3542E+01  0.3542E+01  0.1476E+00  0.1478E+00
0.2578E+01  0.3542E+01  0.3542E+01  0.1472E+00  0.1476E+00
0.2572E+01  0.3542E+01  0.3542E+01  0.1468E+00  0.1473E+00
0.2567E+01  0.3542E+01  0.3542E+01  0.1465E+00  0.1470E+00
0.2562E+01  0.3542E+01  0.3542E+01  0.1461E+00  0.1467E+00
0.2556E+01  0.3542E+01  0.3542E+01  0.1457E+00  0.1464E+00
0.2551E+01  0.3542E+01  0.3542E+01  0.1453E+00  0.1460E+00
0.2546E+01  0.3542E+01  0.3542E+01  0.1449E+00  0.1456E+00
0.2541E+01  0.3542E+01  0.3542E+01  0.1445E+00  0.1452E+00
0.2535E+01  0.3542E+01  0.3542E+01  0.1441E+00  0.1447E+00
0.2530E+01  0.3542E+01  0.3542E+01  0.1438E+00  0.1441E+00
0.2525E+01  0.3542E+01  0.3542E+01  0.1434E+00  0.1436E+00
0.2520E+01  0.3542E+01  0.3542E+01  0.1430E+00  0.1429E+00
0.2515E+01  0.3542E+01  0.3542E+01  0.1425E+00  0.1424E+00
0.2510E+01  0.3542E+01  0.3542E+01  0.1420E+00  0.1417E+00
0.2505E+01  0.3542E+01  0.3542E+01  0.1414E+00  0.1410E+00
0.2500E+01  0.3542E+01  0.3542E+01  0.1409E+00  0.1403E+00
0.2495E+01  0.3542E+01  0.3542E+01  0.1403E+00  0.1396E+00
0.2490E+01  0.3542E+01  0.3542E+01  0.1399E+00  0.1389E+00
0.2485E+01  0.3542E+01  0.3541E+01  0.1394E+00  0.1380E+00
0.2480E+01  0.3542E+01  0.3541E+01  0.1390E+00  0.1373E+00
0.2475E+01  0.3542E+01  0.3541E+01  0.1385E+00  0.1364E+00
0.2470E+01  0.3542E+01  0.3541E+01  0.1378E+00  0.1355E+00
0.2465E+01  0.3542E+01  0.3541E+01  0.1368E+00  0.1346E+00
0.2460E+01  0.3542E+01  0.3541E+01  0.1357E+00  0.1336E+00
0.2455E+01  0.3542E+01  0.3542E+01  0.1344E+00  0.1327E+00
0.2450E+01  0.3542E+01  0.3542E+01  0.1330E+00  0.1317E+00
0.2445E+01  0.3542E+01  0.3542E+01  0.1316E+00  0.1308E+00
0.2441E+01  0.3542E+01  0.3542E+01  0.1303E+00  0.1298E+00
0.2436E+01  0.3542E+01  0.3542E+01  0.1290E+00  0.1288E+00
0.2431E+01  0.3542E+01  0.3542E+01  0.1278E+00  0.1277E+00
0.2426E+01  0.3542E+01  0.3542E+01  0.1266E+00  0.1267E+00
0.2422E+01  0.3542E+01  0.3542E+01  0.1253E+00  0.1255E+00
0.2417E+01  0.3542E+01  0.3542E+01  0.1241E+00  0.1245E+00
0.2412E+01  0.3542E+01  0.3542E+01  0.1228E+00  0.1234E+00
0.2407E+01  0.3542E+01  0.3542E+01  0.1215E+00  0.1222E+00
0.2403E+01  0.3542E+01  0.3542E+01  0.1203E+00  0.1211E+00
0.2398E+01  0.3542E+01  0.3542E+01  0.1190E+00  0.1199E+00
0.2393E+01  0.3542E+01  0.3542E+01  0.1177E+00  0.1188E+00
0.2389E+01  0.3542E+01  0.3542E+01  0.1165E+00  0.1175E+00
0.2384E+01  0.3542E+01  0.3542E+01  0.1152E+00  0.1164E+00
0.2380E+01  0.3542E+01  0.3542E+01  0.1140E+00  0.1153E+00
0.2375E+01  0.3542E+01  0.3542E+01  0.1127E+00  0.1140E+00
0.2371E+01  0.3542E+01  0.3542E+01  0.1114E+00  0.1128E+00
0.2366E+01  0.3542E+01  0.3542E+01  0.1102E+00  0.1115E+00
0.2362E+01  0.3542E+01  0.3542E+01  0.1089E+00  0.1103E+00
0.2357E+01  0.3542E+01  0.3542E+01  0.1077E+00  0.1090E+00
0.2353E+01  0.3542E+01  0.3542E+01  0.1064E+00  0.1077E+00
0.2348E+01  0.3542E+01  0.3542E+01  0.1051E+00  0.1064E+00
0.2344E+01  0.3542E+01  0.3542E+01  0.1039E+00  0.1052E+00
0.2339E+01  0.3542E+01  0.3542E+01  0.1026E+00  0.1039E+00
0.2335E+01  0.3542E+01  0.3542E+01  0.1014E+00  0.1026E+00
0.2331E+01  0.3542E+01  0.3542E+01  0.1001E+00  0.1013E+00
0.2326E+01  0.3542E+01  0.3542E+01  0.9885E-01  0.9998E-01
0.2322E+01  0.3542E+01  0.3542E+01  0.9759E-01  0.9865E-01
0.2317E+01  0.3542E+01  0.3542E+01  0.9633E-01  0.9731E-01
0.2313E+01  0.3542E+01  0.3542E+01  0.9507E-01  0.9595E-01
0.2309E+01  0.3542E+01  0.3542E+01  0.9381E-01  0.9457E-01
0.2305E+01  0.3542E+01  0.3542E+01  0.9255E-01  0.9332E-01
0.2300E+01  0.3542E+01  0.3542E+01  0.9129E-01  0.9191E-01
0.2296E+01  0.3542E+01  0.3542E+01  0.9003E-01  0.9063E-01
0.2292E+01  0.3542E+01  0.3542E+01  0.8877E-01  0.8920E-01
0.2288E+01  0.3542E+01  0.3542E+01  0.8751E-01  0.8788E-01
0.2283E+01  0.3542E+01  0.3542E+01  0.8624E-01  0.8655E-01
0.2279E+01  0.3542E+01  0.3542E+01  0.8499E-01  0.8534E-01
0.2275E+01  0.3542E+01  0.3542E+01  0.8373E-01  0.8399E-01
0.2271E+01  0.3542E+01  0.3542E+01  0.8247E-01  0.8262E-01
0.2267E+01  0.3542E+01  0.3542E+01  0.8121E-01  0.8123E-01
0.2262E+01  0.3542E+01  0.3542E+01  0.7995E-01  0.7997E-01
0.2258E+01  0.3542E+01  0.3542E+01  0.7869E-01  0.7856E-01
0.2254E+01  0.3542E+01  0.3542E+01  0.7742E-01  0.7726E-01
0.2250E+01  0.3542E+01  0.3542E+01  0.7617E-01  0.7596E-01
0.2246E+01  0.3542E+01  0.3542E+01  0.7491E-01  0.7464E-01
0.2242E+01  0.3542E+01  0.3542E+01  0.7364E-01  0.7330E-01
0.2238E+01  0.3542E+01  0.3542E+01  0.7238E-01  0.7196E-01
0.2234E+01  0.3542E+01  0.3542E+01  0.7113E-01  0.7059E-01
0.2230E+01  0.3542E+01  0.3543E+01  0.6986E-01  0.6935E-01
0.2226E+01  0.3542E+01  0.3543E+01  0.6861E-01  0.6810E-01
0.2222E+01  0.3542E+01  0.3543E+01  0.6735E-01  0.6670E-01
0.2218E+01  0.3543E+01  0.3543E+01  0.6608E-01  0.6542E-01
0.2214E+01  0.3543E+01  0.3543E+01  0.6482E-01  0.6412E-01
0.2210E+01  0.3543E+01  0.3543E+01  0.6356E-01  0.6295E-01
0.2206E+01  0.3543E+01  0.3543E+01  0.6230E-01  0.6163E-01
0.2202E+01  0.3543E+01  0.3543E+01  0.6104E-01  0.6043E-01
0.2198E+01  0.3543E+01  0.3543E+01  0.5979E-01  0.5922E-01
0.2194E+01  0.3543E+01  0.3543E+01  0.5854E-01  0.5799E-01
0.2191E+01  0.3543E+01  0.3543E+01  0.5728E-01  0.5676E-01
0.2187E+01  0.3543E+01  0.3543E+01  0.5601E-01  0.5551E-01
0.2183E+01  0.3543E+01  0.3543E+01  0.5473E-01  0.5425E-01
0.2179E+01  0.3543E+01  0.3543E+01  0.5344E-01  0.5311E-01
0.2175E+01  0.3543E+01  0.3543E+01  0.5216E-01  0.5182E-01
0.2171E+01  0.3543E+01  0.3543E+01  0.5091E-01  0.5066E-01
0.2168E+01  0.3543E+01  0.3543E+01  0.4970E-01  0.4949E-01
0.2164E+01  0.3543E+01  0.3543E+01  0.4853E-01  0.4844E-01
0.2160E+01  0.3543E+01  0.3543E+01  0.4741E-01  0.4724E-01
0.2156E+01  0.3543E+01  0.3543E+01  0.4632E-01  0.4617E-01
0.2152E+01  0.3543E+01  0.3543E+01  0.4524E-01  0.4509E-01
0.2149E+01  0.3543E+01  0.3543E+01  0.4416E-01  0.4386E-01
0.2145E+01  0.3543E+01  0.3543E+01  0.4307E-01  0.4275E-01
0.2141E+01  0.3543E+01  0.3543E+01  0.4197E-01  0.4177E-01
0.2138E+01  0.3543E+01  0.3543E+01  0.4086E-01  0.4065E-01
0.2134E+01  0.3543E+01  0.3543E+01  0.3974E-01  0.3951E-01
0.2130E+01  0.3543E+01  0.3543E+01  0.3860E-01  0.3850E-01
0.2127E+01  0.3543E+01  0.3543E+01  0.3747E-01  0.3748E-01
0.2123E+01  0.3543E+01  0.3543E+01  0.3634E-01  0.3645E-01
0.2119E+01  0.3543E+01  0.3543E+01  0.3525E-01  0.3541E-01
0.2116E+01  0.3543E+01  0.3543E+01  0.3419E-01  0.3436E-01
0.2112E+01  0.3543E+01  0.3543E+01  0.3319E-01  0.3344E-01
0.2109E+01  0.3543E+01  0.3543E+01  0.3224E-01  0.3236E-01
0.2105E+01  0.3543E+01  0.3543E+01  0.3130E-01  0.3142E-01
0.2101E+01  0.3543E+01  0.3543E+01  0.3038E-01  0.3048E-01
0.2098E+01  0.3543E+01  0.3543E+01  0.2944E-01  0.2952E-01
0.2094E+01  0.3543E+01  0.3543E+01  0.2847E-01  0.2855E-01
0.2091E+01  0.3543E+01  0.3543E+01  0.2751E-01  0.2757E-01
0.2087E+01  0.3543E+01  0.3543E+01  0.2655E-01  0.2659E-01
0.2084E+01  0.3543E+01  0.3543E+01  0.2562E-01  0.2573E-01
0.2080E+01  0.3543E+01  0.3543E+01  0.2473E-01  0.2473E-01
0.2077E+01  0.3543E+01  0.3543E+01  0.2388E-01  0.2386E-01
0.2073E+01  0.3543E+01  0.3543E+01  0.2306E-01  0.2313E-01
0.2070E+01  0.3543E+01  0.3543E+01  0.2225E-01  0.2224E-01
0.2066E+01  0.3543E+01  0.3543E+01  0.2145E-01  0.2135E-01
0.2063E+01  0.3543E+01  0.3543E+01  0.2064E-01  0.2059E-01
0.2060E+01  0.3543E+01  0.3543E+01  0.1983E-01  0.1968E-01
0.2056E+01  0.3543E+01  0.3543E+01  0.1900E-01  0.1891E-01
0.2053E+01  0.3543E+01  0.3543E+01  0.1816E-01  0.1813E-01
0.2049E+01  0.3543E+01  0.3543E+01  0.1730E-01  0.1734E-01
0.2046E+01  0.3543E+01  0.3543E+01  0.1642E-01  0.1655E-01
0.2043E+01  0.3543E+01  0.3543E+01  0.1556E-01  0.1590E-01
0.2039E+01  0.3543E+01  0.3543E+01  0.1473E-01  0.1509E-01
0.2036E+01  0.3543E+01  0.3543E+01  0.1397E-01  0.1427E-01
0.2033E+01  0.3543E+01  0.3543E+01  0.1327E-01  0.1360E-01
0.2029E+01  0.3543E+01  0.3543E+01  0.1265E-01  0.1292E-01
0.2026E+01  0.3543E+01  0.3543E+01  0.1208E-01  0.1224E-01
0.2023E+01  0.3543E+01  0.3543E+01  0.1152E-01  0.1154E-01
0.2019E+01  0.3543E+01  0.3543E+01  0.1097E-01  0.1085E-01
0.2016E+01  0.3543E+01  0.3543E+01  0.1040E-01  0.1014E-01
0.2013E+01  0.3543E+01  0.3543E+01  0.9817E-02  0.9584E-02
0.2009E+01  0.3543E+01  0.3543E+01  0.9219E-02  0.8869E-02
0.2006E+01  0.3543E+01  0.3543E+01  0.8613E-02  0.8299E-02
0.2003E+01  0.3543E+01  0.3543E+01  0.8011E-02  0.7724E-02
0.2000E+01  0.3543E+01  0.3543E+01  0.7408E-02  0.7144E-02
0.1997E+01  0.3543E+01  0.3543E+01  0.6810E-02  0.6560E-02
0.1993E+01  0.3543E+01  0.3543E+01  0.6223E-02  0.6124E-02
0.1990E+01  0.3543E+01  0.3543E+01  0.5643E-02  0.5530E-02
0.1987E+01  0.3543E+01  0.3543E+01  0.5078E-02  0.4932E-02
0.1984E+01  0.3543E+01  0.3543E+01  0.4517E-02  0.4483E-02
0.1981E+01  0.3543E+01  0.3543E+01  0.3941E-02  0.4032E-02
0.1977E+01  0.3543E+01  0.3543E+01  0.3335E-02  0.3420E-02
0.1974E+01  0.3543E+01  0.3543E+01  0.2688E-02  0.2960E-02
0.1971E+01  0.3543E+01  0.3543E+01  0.1995E-02  0.2497E-02
0.1968E+01  0.3543E+01  0.3543E+01  0.1310E-02  0.2031E-02
0.1965E+01  0.3543E+01  0.3543E+01  0.6889E-03  0.1718E-02
0.1962E+01  0.3543E+01  0.3543E+01  0.1957E-03  0.1244E-02
0.1959E+01  0.3543E+01  0.3543E+01  -.1092E-03  0.9250E-03
0.1956E+01  0.3543E+01  0.3543E+01  -.2259E-03  0.4443E-03
0.1952E+01  0.3543E+01  0.3544E+01  -.2108E-03  -.2206E-04
0.1949E+01  0.3543E+01  0.3565E+01  -.1205E-03  -.2264E-04
0.1946E+01  0.3543E+01  0.3586E+01  -.1882E-04  -.2269E-04
0.1943E+01  0.3543E+01  0.3606E+01  0.4517E-04  -.2251E-04
0.1940E+01  0.3543E+01  0.3625E+01  0.6399E-04  -.2182E-04
0.1937E+01  0.3543E+01  0.3644E+01  0.4894E-04  -.2006E-04
0.1934E+01  0.3543E+01  0.3663E+01  0.2259E-04  -.1706E-04
0.1931E+01  0.3543E+01  0.3674E+01  -.3764E-05  -.1537E-04
0.1928E+01  0.3543E+01  0.3693E+01  -.1506E-04  -.9541E-05
0.1925E+01  0.3543E+01  0.3711E+01  -.1506E-04  -.1417E-05
0.1922E+01  0.3543E+01  0.3729E+01  -.1129E-04  0.9038E-05
0.1919E+01  0.3543E+01  0.3740E+01  -.3764E-05  0.1431E-04
0.1916E+01  0.3543E+01  0.3758E+01  0.3764E-05  0.2836E-04
0.1913E+01  0.3543E+01  0.3770E+01  0.3764E-05  0.3567E-04
0.1910E+01  0.3543E+01  0.3788E+01  0.3764E-05  0.5400E-04
0.1907E+01  0.3543E+01  0.3799E+01  0.3764E-05  0.6385E-04
0.1905E+01  0.3543E+01  0.3810E+01  0.0000E+00  0.7454E-04
0.1902E+01  0.3543E+01  0.3822E+01  -.0000E+00  0.8600E-04
0.1899E+01  0.3543E+01  0.3834E+01  -.0000E+00  0.9768E-04
0.1896E+01  0.3543E+01  0.3845E+01  -.0000E+00  0.1091E-03
0.1893E+01  0.3543E+01  0.3857E+01  -.0000E+00  0.1209E-03
0.1890E+01  0.3543E+01  0.3869E+01  0.0000E+00  0.1320E-03
0.1887E+01  0.3543E+01  0.3880E+01  0.0000E+00  0.1441E-03
0.1884E+01  0.3543E+01  0.3892E+01  0.0000E+00  0.1594E-03
0.1881E+01  0.3542E+01  0.3905E+01  0.0000E+00  0.1775E-03
0.1879E+01  0.3542E+01  0.3917E+01  0.0000E+00  0.1993E-03
0.1876E+01  0.3542E+01  0.3929E+01  -.0000E+00  0.2325E-03
0.1873E+01  0.3542E+01  0.3943E+01  -.0000E+00  0.2873E-03
0.1870E+01  0.3542E+01  0.3950E+01  -.0000E+00  0.3149E-03
0.1867E+01  0.3542E+01  0.3961E+01  -.0000E+00  0.2780E-03
0.1864E+01  0.3542E+01  0.3159E+01  -.0000E+00  0.1040E-03
0.1862E+01  0.3542E+01  0.3158E+01  0.0000E+00  0.4159E-03
0.1859E+01  0.3542E+01  0.3160E+01  0.0000E+00  0.3868E-03
0.1856E+01  0.3542E+01  0.3168E+01  0.0000E+00  0.3476E-03
0.1853E+01  0.3542E+01  0.3169E+01  0.0000E+00  0.3777E-03
0.1850E+01  0.3542E+01  0.3174E+01  -.0000E+00  0.4056E-03
0.1848E+01  0.3542E+01  0.3180E+01  -.0000E+00  0.4305E-03
0.1845E+01  0.3542E+01  0.3186E+01  -.0000E+00  0.4440E-03
0.1842E+01  0.3542E+01  0.3191E+01  -.0000E+00  0.4612E-03
0.1840E+01  0.3542E+01  0.3197E+01  -.0000E+00  0.4838E-03
0.1837E+01  0.3542E+01  0.3202E+01  0.0000E+00  0.5026E-03
0.1834E+01  0.3542E+01  0.3213E+01  0.0000E+00  0.4843E-03
0.1831E+01  0.3542E+01  0.3218E+01  0.0000E+00  0.5075E-03
0.1829E+01  0.3542E+01  0.3223E+01  0.0000E+00  0.5284E-03
0.1826E+01  0.3542E+01  0.3228E+01  0.0000E+00  0.5457E-03
0.1823E+01  0.3542E+01  0.3234E+01  0.0000E+00  0.5566E-03
0.1821E+01  0.3542E+01  0.3245E+01  -.0000E+00  0.5247E-03
0.1818E+01  0.3542E+01  0.3250E+01  0.0000E+00  0.5320E-03
0.1815E+01  0.3542E+01  0.3255E+01  0.0000E+00  0.5388E-03
0.1813E+01  0.3542E+01  0.3260E+01  0.0000E+00  0.5429E-03
0.1810E+01  0.3542E+01  0.3271E+01  0.0000E+00  0.5137E-03
0.1807E+01  0.3542E+01  0.3276E+01  0.0000E+00  0.5201E-03
0.1805E+01  0.3542E+01  0.3281E+01  0.0000E+00  0.5291E-03
0.1802E+01  0.3542E+01  0.3291E+01  0.0000E+00  0.5032E-03
0.1799E+01  0.3542E+01  0.3301E+01  0.0000E+00  0.4778E-03
0.1797E+01  0.3542E+01  0.3306E+01  0.0000E+00  0.4866E-03
0.1794E+01  0.3542E+01  0.3311E+01  0.0000E+00  0.4941E-03
0.1792E+01  0.3542E+01  0.3321E+01  0.0000E+00  0.4668E-03
0.1789E+01  0.3542E+01  0.3326E+01  0.0000E+00  0.4722E-03
0.1786E+01  0.3542E+01  0.3335E+01  0.0000E+00  0.4455E-03
0.1784E+01  0.3542E+01  0.3345E+01  0.0000E+00  0.4202E-03
0.1781E+01  0.3542E+01  0.3350E+01  0.0000E+00  0.4265E-03
0.1779E+01  0.3542E+01  0.3359E+01  0.0000E+00  0.4017E-03
0.1776E+01  0.3542E+01  0.3364E+01  0.0000E+00  0.4083E-03
0.1774E+01  0.3542E+01  0.3368E+01  0.0000E+00  0.4141E-03
0.1771E+01  0.3542E+01  0.3378E+01  0.0000E+00  0.3882E-03
0.1769E+01  0.3542E+01  0.3382E+01  0.0000E+00  0.3915E-03
0.1766E+01  0.3542E+01  0.3386E+01  0.0000E+00  0.3943E-03
0.1764E+01  0.3542E+01  0.3390E+01  0.0000E+00  0.3966E-03
0.1761E+01  0.3542E+01  0.3395E+01  0.0000E+00  0.3979E-03
0.1759E+01  0.3542E+01  0.3399E+01  0.0000E+00  0.3982E-03
0.1756E+01  0.3542E+01  0.3408E+01  0.0000E+00  0.3688E-03
0.1754E+01  0.3542E+01  0.3412E+01  0.0000E+00  0.3675E-03
0.1751E+01  0.3542E+01  0.3421E+01  0.0000E+00  0.3381E-03
0.1749E+01  0.3542E+01  0.3426E+01  0.0000E+00  0.3357E-03
0.1746E+01  0.3542E+01  0.3430E+01  0.0000E+00  0.3330E-03
0.1744E+01  0.3542E+01  0.3434E+01  0.0000E+00  0.3290E-03
0.1741E+01  0.3542E+01  0.3438E+01  0.0000E+00  0.3247E-03
0.1739E+01  0.3542E+01  0.3442E+01  0.0000E+00  0.3208E-03
0.1736E+01  0.3542E+01  0.3450E+01  0.0000E+00  0.2895E-03
0.1734E+01  0.3542E+01  0.3454E+01  0.0000E+00  0.2849E-03
0.1732E+01  0.3542E+01  0.3458E+01  0.0000E+00  0.2796E-03
0.1729E+01  0.3542E+01  0.3462E+01  0.0000E+00  0.2737E-03
0.1727E+01  0.3542E+01  0.3466E+01  0.0000E+00  0.2669E-03
0.1724E+01  0.3542E+01  0.3470E+01  0.0000E+00  0.2591E-03
0.1722E+01  0.3542E+01  0.3474E+01  0.0000E+00  0.2510E-03
0.1720E+01  0.3542E+01  0.3477E+01  0.0000E+00  0.2423E-03
0.1717E+01  0.3542E+01  0.3481E+01  0.0000E+00  0.2330E-03
0.1715E+01  0.3542E+01  0.3485E+01  0.0000E+00  0.2225E-03
0.1712E+01  0.3542E+01  0.3489E+01  0.0000E+00  0.2111E-03
0.1710E+01  0.3542E+01  0.3493E+01  0.0000E+00  0.1989E-03
0.1708E+01  0.3542E+01  0.3496E+01  0.0000E+00  0.1859E-03
0.1705E+01  0.3542E+01  0.3500E+01  0.0000E+00  0.1723E-03
0.1703E+01  0.3542E+01  0.3504E+01  0.0000E+00  0.1579E-03
0.1701E+01  0.3542E+01  0.3508E+01  0.0000E+00  0.1430E-03
0.1698E+01  0.3542E+01  0.3516E+01  0.0000E+00  0.1040E-03
0.1696E+01  0.3542E+01  0.3519E+01  0.0000E+00  0.8839E-04
0.1694E+01  0.3542E+01  0.3523E+01  0.0000E+00  0.7217E-04
0.1691E+01  0.3542E+01  0.3527E+01  0.0000E+00  0.5523E-04
0.1689E+01  0.3542E+01  0.3535E+01  0.0000E+00  0.1571E-04
0.1687E+01  0.3542E+01  0.3534E+01  0.0000E+00  0.2036E-04
0.1685E+01  0.3542E+01  0.3538E+01  0.0000E+00  0.2072E-05
0.1682E+01  0.3542E+01  0.3541E+01  0.0000E+00  -.1664E-04
0.1680E+01  0.3542E+01  0.3542E+01  0.0000E+00  0.1163E-03
0.1678E+01  0.3542E+01  0.3542E+01  0.0000E+00  0.3023E-03
0.1675E+01  0.3542E+01  0.3542E+01  0.0000E+00  0.2827E-03
0.1673E+01  0.3542E+01  0.3542E+01  0.0000E+00  0.4755E-03
0.1671E+01  0.3542E+01  0.3542E+01  0.0000E+00  0.4621E-03
0.1669E+01  0.3542E+01  0.3542E+01  0.0000E+00  0.6616E-03
0.1666E+01  0.3542E+01  0.3542E+01  0.0000E+00  0.8649E-03
0.1664E+01  0.3542E+01  0.3542E+01  0.0000E+00  0.8621E-03
0.1662E+01  0.3542E+01  0.3542E+01  0.0000E+00  0.1073E-02
0.1660E+01  0.3542E+01  0.3542E+01  0.0000E+00  0.1076E-02
0.1658E+01  0.3542E+01  0.3542E+01  0.0000E+00  0.1293E-02
0.1655E+01  0.3542E+01  0.3542E+01  0.0000E+00  0.1303E-02
0.1653E+01  0.3542E+01  0.3542E+01  0.0000E+00  0.1317E-02
0.1651E+01  0.3542E+01  0.3542E+01  0.0000E+00  0.1546E-02
0.1649E+01  0.3542E+01  0.3542E+01  0.0000E+00  0.1564E-02
0.1647E+01  0.3542E+01  0.3542E+01  0.0000E+00  0.1800E-02
0.1644E+01  0.3542E+01  0.3542E+01  0.0000E+00  0.1826E-02
0.1642E+01  0.3542E+01  0.3542E+01  0.0000E+00  0.1856E-02
0.1640E+01  0.3542E+01  0.3542E+01  0.0000E+00  0.1888E-02
0.1638E+01  0.3542E+01  0.3542E+01  0.0000E+00  0.1925E-02
0.1636E+01  0.3542E+01  0.3542E+01  0.0000E+00  0.2179E-02
0.1634E+01  0.3542E+01  0.3542E+01  0.0000E+00  0.2222E-02
0.1631E+01  0.3542E+01  0.3542E+01  0.0000E+00  0.2269E-02
0.1629E+01  0.3542E+01  0.3542E+01  0.0000E+00  0.2319E-02
0.1627E+01  0.3542E+01  0.3542E+01  0.0000E+00  0.2372E-02
0.1625E+01  0.3542E+01  0.3542E+01  0.0000E+00  0.2428E-02
0.1623E+01  0.3542E+01  0.3542E+01  0.0000E+00  0.2487E-02
0.1621E+01  0.3542E+01  0.3542E+01  0.0000E+00  0.2766E-02
0.1619E+01  0.3542E+01  0.3542E+01  0.0000E+00  0.2832E-02
0.1616E+01  0.3542E+01  0.3542E+01  0.0000E+00  0.2902E-02
0.1614E+01  0.3542E+01  0.3542E+01  0.0000E+00  0.2976E-02
0.1612E+01  0.3542E+01  0.3542E+01  0.0000E+00  0.2834E-02
0.1610E+01  0.3542E+01  0.3542E+01  0.0000E+00  0.2913E-02
0.1608E+01  0.3542E+01  0.3542E+01  0.0000E+00  0.2777E-02
0.1606E+01  0.3542E+01  0.3542E+01  0.0000E+00  0.2861E-02
0.1604E+01  0.3542E+01  0.3542E+01  0.0000E+00  0.2953E-02
0.1602E+01  0.3542E+01  0.3542E+01  0.0000E+00  0.3268E-02
0.1600E+01  0.3542E+01  0.3542E+01  0.0000E+00  0.3366E-02
0.1598E+01  0.3542E+01  0.3542E+01  0.0000E+00  0.3248E-02
0.1596E+01  0.3542E+01  0.3542E+01  0.0000E+00  0.3353E-02
0.1594E+01  0.3542E+01  0.3542E+01  0.0000E+00  0.3241E-02
0.1592E+01  0.3542E+01  0.3542E+01  0.0000E+00  0.3352E-02
0.1590E+01  0.3542E+01  0.3542E+01  0.0000E+00  0.3467E-02
0.1587E+01  0.3542E+01  0.3542E+01  0.0000E+00  0.3585E-02
0.1585E+01  0.3542E+01  0.3542E+01  0.0000E+00  0.3929E-02
0.1583E+01  0.3542E+01  0.3542E+01  0.0000E+00  0.4056E-02
0.1581E+01  0.3542E+01  0.3542E+01  0.0000E+00  0.4186E-02
0.1579E+01  0.3542E+01  0.3542E+01  0.0000E+00  0.4319E-02
0.1577E+01  0.3542E+01  0.3542E+01  0.0000E+00  0.4231E-02
0.1575E+01  0.3542E+01  0.3542E+01  0.0000E+00  0.4371E-02
0.1573E+01  0.3542E+01  0.3542E+01  0.0000E+00  0.4288E-02
0.1571E+01  0.3542E+01  0.3542E+01  0.0000E+00  0.4435E-02
0.1569E+01  0.3542E+01  0.3542E+01  0.0000E+00  0.4359E-02
0.1567E+01  0.3542E+01  0.3542E+01  0.0000E+00  0.4286E-02
0.1565E+01  0.3542E+01  0.3542E+01  0.0000E+00  0.3990E-02
0.1563E+01  0.3542E+01  0.3542E+01  0.0000E+00  0.4150E-02
0.1561E+01  0.3542E+01  0.3542E+01  0.0000E+00  0.4085E-02
0.1560E+01  0.3542E+01  0.3542E+01  0.0000E+00  0.4025E-02
0.1558E+01  0.3542E+01  0.3542E+01  0.0000E+00  0.3967E-02
0.1556E+01  0.3542E+01  0.3542E+01  0.0000E+00  0.3912E-02
0.1554E+01  0.3542E+01  0.3542E+01  0.0000E+00  0.4087E-02
0.1552E+01  0.3542E+01  0.3542E+01  0.0000E+00  0.4039E-02
0.1550E+01  0.3542E+01  0.3542E+01  0.0000E+00  0.3992E-02
0.1548E+01  0.3542E+01  0.3542E+01  0.0000E+00  0.3950E-02
0.1546E+01  0.3542E+01  0.3542E+01  0.0000E+00  0.3910E-02
0.1544E+01  0.3542E+01  0.3542E+01  0.0000E+00  0.4103E-02
0.1542E+01  0.3542E+01  0.3543E+01  0.0000E+00  0.4529E-02
0.1540E+01  0.3542E+01  0.3543E+01  0.0000E+00  0.4499E-02
0.1538E+01  0.3542E+01  0.3543E+01  0.0000E+00  0.4472E-02
0.1536E+01  0.3542E+01  0.3543E+01  0.0000E+00  0.4449E-02
0.1534E+01  0.3542E+01  0.3543E+01  0.0000E+00  0.4428E-02
0.1533E+01  0.3542E+01  0.3543E+01  0.0000E+00  0.4642E-02
0.1531E+01  0.3542E+01  0.3543E+01  0.0000E+00  0.4627E-02
0.1529E+01  0.3542E+01  0.3543E+01  0.0000E+00  0.4385E-02
0.1527E+01  0.3542E+01  0.3543E+01  0.0000E+00  0.4376E-02
0.1525E+01  0.3542E+01  0.3543E+01  0.0000E+00  0.4371E-02
0.1523E+01  0.3542E+01  0.3542E+01  0.0000E+00  0.4136E-02
0.1521E+01  0.3542E+01  0.3542E+01  0.0000E+00  0.3904E-02
0.1519E+01  0.3542E+01  0.3542E+01  0.0000E+00  0.3907E-02
0.1518E+01  0.3542E+01  0.3542E+01  0.0000E+00  0.3680E-02
0.1516E+01  0.3542E+01  0.3542E+01  0.0000E+00  0.3688E-02
0.1514E+01  0.3542E+01  0.3542E+01  0.0000E+00  0.3467E-02
0.1512E+01  0.3542E+01  0.3542E+01  0.0000E+00  0.3247E-02
0.1510E+01  0.3542E+01  0.3542E+01  0.0000E+00  0.3265E-02
0.1508E+01  0.3542E+01  0.3542E+01  0.0000E+00  0.3052E-02
0.1506E+01  0.3542E+01  0.3542E+01  0.0000E+00  0.2840E-02
0.1505E+01  0.3542E+01  0.3542E+01  0.0000E+00  0.2631E-02
0.1503E+01  0.3542E+01  0.3542E+01  0.0000E+00  0.2660E-02
0.1501E+01  0.3542E+01  0.3542E+01  0.0000E+00  0.2220E-02
0.1499E+01  0.3542E+01  0.3542E+01  0.0000E+00  0.2019E-02
0.1497E+01  0.3542E+01  0.3542E+01  0.0000E+00  0.1821E-02
0.1496E+01  0.3542E+01  0.3542E+01  0.0000E+00  0.1625E-02
0.1494E+01  0.3542E+01  0.3542E+01  0.0000E+00  0.1431E-02
0.1492E+01  0.3542E+01  0.3542E+01  0.0000E+00  0.1477E-02
0.1490E+01  0.3542E+01  0.3542E+01  0.0000E+00  0.1526E-02
0.1488E+01  0.3542E+01  0.3542E+01  0.0000E+00  0.1341E-02
0.1487E+01  0.3542E+01  0.3542E+01  0.0000E+00  0.1158E-02
0.1485E+01  0.3542E+01  0.3542E+01  0.0000E+00  0.9779E-03
0.1483E+01  0.3542E+01  0.3542E+01  0.0000E+00  0.7996E-03
0.1481E+01  0.3542E+01  0.3542E+01  0.0000E+00  0.6245E-03
0.1480E+01  0.3542E+01  0.3542E+01  0.0000E+00  0.6911E-03
0.1478E+01  0.3542E+01  0.3542E+01  0.0000E+00  0.5213E-03
0.1476E+01  0.3542E+01  0.3542E+01  0.0000E+00  0.3544E-03
0.1474E+01  0.3542E+01  0.3542E+01  0.0000E+00  0.1898E-03
0.1472E+01  0.3542E+01  0.3542E+01  0.0000E+00  0.2710E-04
0.1471E+01  0.3542E+01  0.3539E+01  0.0000E+00  -.6214E-05
0.1469E+01  0.3542E+01  0.3536E+01  0.0000E+00  0.1345E-04
0.1467E+01  0.3542E+01  0.3535E+01  0.0000E+00  0.2309E-04
0.1466E+01  0.3542E+01  0.3534E+01  0.0000E+00  0.3344E-04
0.1464E+01  0.3542E+01  0.3533E+01  0.0000E+00  0.4423E-04
0.1462E+01  0.3542E+01  0.3530E+01  0.0000E+00  0.7012E-04
0.1460E+01  0.3542E+01  0.3529E+01  0.0000E+00  0.8259E-04
0.1459E+01  0.3542E+01  0.3528E+01  0.0000E+00  0.9534E-04
0.1457E+01  0.3542E+01  0.3526E+01  0.0000E+00  0.1252E-03
0.1455E+01  0.3542E+01  0.3526E+01  0.0000E+00  0.1221E-03
0.1453E+01  0.3542E+01  0.3527E+01  0.0000E+00  0.1186E-03
0.1452E+01  0.3542E+01  0.3526E+01  0.0000E+00  0.1322E-03
0.1450E+01  0.3542E+01  0.3524E+01  0.0000E+00  0.1642E-03
0.1448E+01  0.3542E+01  0.3525E+01  0.0000E+00  0.1592E-03
0.1447E+01  0.3542E+01  0.3524E+01  0.0000E+00  0.1730E-03
0.1445E+01  0.3542E+01  0.3523E+01  0.0000E+00  0.1870E-03
0.1443E+01  0.3542E+01  0.3524E+01  0.0000E+00  0.1806E-03
0.1442E+01  0.3542E+01  0.3523E+01  0.0000E+00  0.1945E-03
0.1440E+01  0.3542E+01  0.3522E+01  0.0000E+00  0.2079E-03
0.1438E+01  0.3542E+01  0.3523E+01  0.0000E+00  0.2007E-03
0.1437E+01  0.3542E+01  0.3524E+01  0.0000E+00  0.1927E-03
0.1435E+01  0.3542E+01  0.3524E+01  0.0000E+00  0.2058E-03
0.1433E+01  0.3542E+01  0.3521E+01  0.0000E+00  0.2408E-03
0.1432E+01  0.3542E+01  0.3521E+01  0.0000E+00  0.2536E-03
0.1430E+01  0.3542E+01  0.3518E+01  0.0000E+00  0.2893E-03
0.1428E+01  0.3542E+01  0.3518E+01  0.0000E+00  0.3026E-03
0.1427E+01  0.3542E+01  0.3517E+01  0.0000E+00  0.3150E-03
0.1425E+01  0.3542E+01  0.3517E+01  0.0000E+00  0.3272E-03
0.1423E+01  0.3542E+01  0.3515E+01  0.0000E+00  0.3636E-03
0.1422E+01  0.3542E+01  0.3514E+01  0.0000E+00  0.3756E-03
0.1420E+01  0.3542E+01  0.3514E+01  0.0000E+00  0.3874E-03
0.1419E+01  0.3542E+01  0.3513E+01  0.0000E+00  0.3990E-03
0.1417E+01  0.3542E+01  0.3513E+01  0.0000E+00  0.4106E-03
0.1415E+01  0.3542E+01  0.3511E+01  0.0000E+00  0.4476E-03
0.1414E+01  0.3542E+01  0.3510E+01  0.0000E+00  0.4584E-03
0.1412E+01  0.3542E+01  0.3510E+01  0.0000E+00  0.4692E-03
0.1411E+01  0.3542E+01  0.3510E+01  0.0000E+00  0.4793E-03
0.1409E+01  0.3542E+01  0.3509E+01  0.0000E+00  0.4888E-03
0.1407E+01  0.3542E+01  0.3509E+01  0.0000E+00  0.4971E-03
0.1406E+01  0.3542E+01  0.3507E+01  0.0000E+00  0.5318E-03
0.1404E+01  0.3542E+01  0.3507E+01  0.0000E+00  0.5398E-03
0.1403E+01  0.3542E+01  0.3507E+01  0.0000E+00  0.5477E-03
0.1401E+01  0.3542E+01  0.3506E+01  0.0000E+00  0.5557E-03
0.1399E+01  0.3542E+01  0.3506E+01  0.0000E+00  0.5632E-03
0.1398E+01  0.3542E+01  0.3506E+01  0.0000E+00  0.5706E-03
0.1396E+01  0.3542E+01  0.3504E+01  0.0000E+00  0.6045E-03
0.1395E+01  0.3542E+01  0.3504E+01  0.0000E+00  0.6099E-03
0.1393E+01  0.3542E+01  0.3504E+01  0.0000E+00  0.6150E-03
0.1392E+01  0.3542E+01  0.3504E+01  0.0000E+00  0.6197E-03
0.1390E+01  0.3542E+01  0.3504E+01  0.0000E+00  0.6242E-03
0.1388E+01  0.3542E+01  0.3504E+01  0.0000E+00  0.6286E-03
0.1387E+01  0.3542E+01  0.3503E+01  0.0000E+00  0.6321E-03
0.1385E+01  0.3542E+01  0.3503E+01  0.0000E+00  0.6346E-03
0.1384E+01  0.3542E+01  0.3502E+01  0.0000E+00  0.6644E-03
0.1382E+01  0.3542E+01  0.3502E+01  0.0000E+00  0.6663E-03
0.1381E+01  0.3542E+01  0.3502E+01  0.0000E+00  0.6676E-03
0.1379E+01  0.3542E+01  0.3502E+01  0.0000E+00  0.6679E-03
0.1378E+01  0.3542E+01  0.3502E+01  0.0000E+00  0.6683E-03
0.1376E+01  0.3542E+01  0.3500E+01  0.0000E+00  0.6956E-03
0.1375E+01  0.3542E+01  0.3500E+01  0.0000E+00  0.6949E-03
0.1373E+01  0.3542E+01  0.3501E+01  0.0000E+00  0.6940E-03
0.1371E+01  0.3542E+01  0.3501E+01  0.0000E+00  0.6924E-03
0.1370E+01  0.3542E+01  0.3501E+01  0.0000E+00  0.6902E-03
0.1368E+01  0.3542E+01  0.3499E+01  0.0000E+00  0.7141E-03
0.1367E+01  0.3542E+01  0.3499E+01  0.0000E+00  0.7112E-03
0.1365E+01  0.3542E+01  0.3500E+01  0.0000E+00  0.7072E-03
0.1364E+01  0.3542E+01  0.3500E+01  0.0000E+00  0.7028E-03
0.1362E+01  0.3542E+01  0.3500E+01  0.0000E+00  0.6984E-03
0.1361E+01  0.3542E+01  0.3500E+01  0.0000E+00  0.6938E-03
0.1359E+01  0.3542E+01  0.3499E+01  0.0000E+00  0.7152E-03
0.1358E+01  0.3542E+01  0.3499E+01  0.0000E+00  0.7102E-03
0.1356E+01  0.3542E+01  0.3499E+01  0.0000E+00  0.7037E-03
0.1355E+01  0.3542E+01  0.3500E+01  0.0000E+00  0.6982E-03
0.1354E+01  0.3542E+01  0.3500E+01  0.0000E+00  0.6919E-03
0.1352E+01  0.3542E+01  0.3500E+01  0.0000E+00  0.6855E-03
0.1351E+01  0.3542E+01  0.3500E+01  0.0000E+00  0.6784E-03
0.1349E+01  0.3542E+01  0.3501E+01  0.0000E+00  0.6714E-03
0.1348E+01  0.3542E+01  0.3501E+01  0.0000E+00  0.6645E-03
0.1346E+01  0.3542E+01  0.3501E+01  0.0000E+00  0.6567E-03
0.1345E+01  0.3542E+01  0.3502E+01  0.0000E+00  0.6488E-03
0.1343E+01  0.3542E+01  0.3502E+01  0.0000E+00  0.6409E-03
0.1342E+01  0.3542E+01  0.3502E+01  0.0000E+00  0.6324E-03
0.1340E+01  0.3542E+01  0.3503E+01  0.0000E+00  0.6241E-03
0.1339E+01  0.3542E+01  0.3503E+01  0.0000E+00  0.6155E-03
0.1337E+01  0.3542E+01  0.3503E+01  0.0000E+00  0.6068E-03
0.1336E+01  0.3542E+01  0.3504E+01  0.0000E+00  0.5982E-03
0.1335E+01  0.3542E+01  0.3504E+01  0.0000E+00  0.5889E-03
0.1333E+01  0.3542E+01  0.3505E+01  0.0000E+00  0.5797E-03
0.1332E+01  0.3542E+01  0.3505E+01  0.0000E+00  0.5702E-03
0.1330E+01  0.3542E+01  0.3507E+01  0.0000E+00  0.5373E-03
0.1329E+01  0.3542E+01  0.3507E+01  0.0000E+00  0.5266E-03
0.1327E+01  0.3542E+01  0.3508E+01  0.0000E+00  0.5161E-03
0.1326E+01  0.3542E+01  0.3508E+01  0.0000E+00  0.5057E-03
0.1325E+01  0.3542E+01  0.3510E+01  0.0000E+00  0.4723E-03
0.1323E+01  0.3542E+01  0.3511E+01  0.0000E+00  0.4619E-03
0.1322E+01  0.3542E+01  0.3511E+01  0.0000E+00  0.4515E-03
0.1320E+01  0.3542E+01  0.3512E+01  0.0000E+00  0.4410E-03
0.1319E+01  0.3542E+01  0.3513E+01  0.0000E+00  0.4094E-03
0.1318E+01  0.3542E+01  0.3514E+01  0.0000E+00  0.3989E-03
0.1316E+01  0.3542E+01  0.3516E+01  0.0000E+00  0.3673E-03
0.1315E+01  0.3542E+01  0.3516E+01  0.0000E+00  0.3567E-03
0.1313E+01  0.3542E+01  0.3517E+01  0.0000E+00  0.3461E-03
0.1312E+01  0.3542E+01  0.3519E+01  0.0000E+00  0.3152E-03
0.1311E+01  0.3542E+01  0.3519E+01  0.0000E+00  0.3048E-03
0.1309E+01  0.3542E+01  0.3521E+01  0.0000E+00  0.2748E-03
0.1308E+01  0.3542E+01  0.3522E+01  0.0000E+00  0.2647E-03
0.1306E+01  0.3542E+01  0.3524E+01  0.0000E+00  0.2354E-03
0.1305E+01  0.3542E+01  0.3524E+01  0.0000E+00  0.2254E-03
0.1304E+01  0.3542E+01  0.3526E+01  0.0000E+00  0.1963E-03
0.1302E+01  0.3542E+01  0.3527E+01  0.0000E+00  0.1866E-03
0.1301E+01  0.3542E+01  0.3529E+01  0.0000E+00  0.1588E-03
0.1300E+01  0.3542E+01  0.3531E+01  0.0000E+00  0.1311E-03
0.1298E+01  0.3542E+01  0.3531E+01  0.0000E+00  0.1218E-03
0.1297E+01  0.3542E+01  0.3533E+01  0.0000E+00  0.9431E-04
0.1296E+01  0.3542E+01  0.3535E+01  0.0000E+00  0.6773E-04
0.1294E+01  0.3542E+01  0.3536E+01  0.0000E+00  0.5913E-04
0.1293E+01  0.3542E+01  0.3538E+01  0.0000E+00  0.3328E-04
0.1291E+01  0.3542E+01  0.3539E+01  0.0000E+00  0.8032E-05
0.1290E+01  0.3542E+01  0.3541E+01  0.0000E+00  -.1722E-04
0.1289E+01  0.3542E+01  0.3542E+01  0.0000E+00  0.2608E-04
0.1287E+01  0.3542E+01  0.3542E+01  0.0000E+00  0.4155E-03
0.1286E+01  0.3542E+01  0.3542E+01  0.0000E+00  0.8076E-03
0.1285E+01  0.3542E+01  0.3542E+01  0.0000E+00  0.1202E-02
0.1283E+01  0.3542E+01  0.3542E+01  0.0000E+00  0.1599E-02
0.1282E+01  0.3542E+01  0.3542E+01  0.0000E+00  0.1732E-02
0.1281E+01  0.3542E+01  0.3542E+01  0.0000E+00  0.2134E-02
0.1279E+01  0.3542E+01  0.3542E+01  0.0000E+00  0.2537E-02
0.1278E+01  0.3542E+01  0.3542E+01  0.0000E+00  0.2943E-02
0.1277E+01  0.3542E+01  0.3543E+01  0.0000E+00  0.3352E-02
0.1276E+01  0.3542E+01  0.3543E+01  0.0000E+00  0.3763E-02
0.1274E+01  0.3542E+01  0.3543E+01  0.0000E+00  0.4176E-02
0.1273E+01  0.3542E+01  0.3543E+01  0.0000E+00  0.4859E-02
0.1272E+01  0.3542E+01  0.3543E+01  0.0000E+00  0.5277E-02
0.1270E+01  0.3542E+01  0.3543E+01  0.0000E+00  0.5697E-02
0.1269E+01  0.3542E+01  0.3543E+01  0.0000E+00  0.6119E-02
0.1268E+01  0.3542E+01  0.3543E+01  0.0000E+00  0.6544E-02
0.1266E+01  0.3542E+01  0.3543E+01  0.0000E+00  0.7239E-02
0.1265E+01  0.3542E+01  0.3544E+01  0.0000E+00  0.7668E-02
0.1264E+01  0.3542E+01  0.3544E+01  0.0000E+00  0.8088E-02
0.1263E+01  0.3542E+01  0.3544E+01  0.0000E+00  0.8767E-02
0.1261E+01  0.3542E+01  0.3544E+01  0.0000E+00  0.9188E-02
0.1260E+01  0.3542E+01  0.3544E+01  0.0000E+00  0.9611E-02
0.1259E+01  0.3542E+01  0.3545E+01  0.0000E+00  0.1030E-01
0.1257E+01  0.3542E+01  0.3545E+01  0.0000E+00  0.1072E-01
0.1256E+01  0.3542E+01  0.3545E+01  0.0000E+00  0.1141E-01
0.1255E+01  0.3542E+01  0.3545E+01  0.0000E+00  0.1184E-01
0.1254E+01  0.3542E+01  0.3545E+01  0.0000E+00  0.1254E-01
0.1252E+01  0.3542E+01  0.3546E+01  0.0000E+00  0.1324E-01
0.1251E+01  0.3542E+01  0.3546E+01  0.0000E+00  0.1368E-01
0.1250E+01  0.3542E+01  0.3546E+01  0.0000E+00  0.1438E-01
0.1249E+01  0.3542E+01  0.3547E+01  0.0000E+00  0.1508E-01
0.1247E+01  0.3542E+01  0.3547E+01  0.0000E+00  0.1553E-01
0.1246E+01  0.3542E+01  0.3547E+01  0.0000E+00  0.1624E-01
0.1245E+01  0.3542E+01  0.3547E+01  0.0000E+00  0.1695E-01
0.1244E+01  0.3542E+01  0.3548E+01  0.0000E+00  0.1767E-01
0.1242E+01  0.3542E+01  0.3548E+01  0.0000E+00  0.1839E-01
0.1241E+01  0.3542E+01  0.3548E+01  0.0000E+00  0.1912E-01
0.1240E+01  0.3542E+01  0.3548E+01  0.0000E+00  0.1958E-01
