0.4000E+03  0.9119E-01  0.9291E-02  0.4484E-01  0.5332E-01  0.1348E+00
0.4010E+03  0.9174E-01  0.9491E-02  0.4482E-01  0.5348E-01  0.1352E+00
0.4020E+03  0.9309E-01  0.9980E-02  0.4480E-01  0.5391E-01  0.1369E+00
0.4030E+03  0.9352E-01  0.1014E-01  0.4479E-01  0.5404E-01  0.1371E+00
0.4040E+03  0.9363E-01  0.1019E-01  0.4477E-01  0.5407E-01  0.1369E+00
0.4050E+03  0.9361E-01  0.1019E-01  0.4476E-01  0.5406E-01  0.1366E+00
0.4060E+03  0.9350E-01  0.1016E-01  0.4474E-01  0.5401E-01  0.1361E+00
0.4070E+03  0.9349E-01  0.1016E-01  0.4472E-01  0.5400E-01  0.1357E+00
0.4080E+03  0.9356E-01  0.1020E-01  0.4471E-01  0.5402E-01  0.1355E+00
0.4090E+03  0.9363E-01  0.1023E-01  0.4469E-01  0.5403E-01  0.1353E+00
0.4100E+03  0.9370E-01  0.1026E-01  0.4468E-01  0.5405E-01  0.1351E+00
0.4110E+03  0.9372E-01  0.1028E-01  0.4466E-01  0.5405E-01  0.1348E+00
0.4120E+03  0.9372E-01  0.1029E-01  0.4465E-01  0.5404E-01  0.1345E+00
0.4130E+03  0.9373E-01  0.1030E-01  0.4463E-01  0.5403E-01  0.1342E+00
0.4140E+03  0.9372E-01  0.1031E-01  0.4462E-01  0.5403E-01  0.1339E+00
0.4150E+03  0.9373E-01  0.1031E-01  0.4460E-01  0.5402E-01  0.1336E+00
0.4160E+03  0.9373E-01  0.1033E-01  0.4459E-01  0.5401E-01  0.1333E+00
0.4170E+03  0.9373E-01  0.1033E-01  0.4457E-01  0.5401E-01  0.1331E+00
0.4180E+03  0.9373E-01  0.1034E-01  0.4456E-01  0.5400E-01  0.1328E+00
0.4190E+03  0.9374E-01  0.1035E-01  0.4454E-01  0.5400E-01  0.1325E+00
0.4200E+03  0.9374E-01  0.1036E-01  0.4453E-01  0.5399E-01  0.1323E+00
0.4210E+03  0.9373E-01  0.1037E-01  0.4451E-01  0.5398E-01  0.1320E+00
0.4220E+03  0.9372E-01  0.1037E-01  0.4450E-01  0.5397E-01  0.1318E+00
0.4230E+03  0.9372E-01  0.1038E-01  0.4448E-01  0.5397E-01  0.1315E+00
0.4240E+03  0.9373E-01  0.1039E-01  0.4447E-01  0.5396E-01  0.1313E+00
0.4250E+03  0.9374E-01  0.1040E-01  0.4446E-01  0.5396E-01  0.1311E+00
0.4260E+03  0.9375E-01  0.1041E-01  0.4444E-01  0.5396E-01  0.1309E+00
0.4270E+03  0.9376E-01  0.1043E-01  0.4443E-01  0.5395E-01  0.1307E+00
0.4280E+03  0.9376E-01  0.1044E-01  0.4442E-01  0.5395E-01  0.1305E+00
0.4290E+03  0.9376E-01  0.1044E-01  0.4440E-01  0.5394E-01  0.1303E+00
0.4300E+03  0.9376E-01  0.1045E-01  0.4439E-01  0.5394E-01  0.1301E+00
0.4310E+03  0.9376E-01  0.1046E-01  0.4437E-01  0.5393E-01  0.1299E+00
0.4320E+03  0.9376E-01  0.1047E-01  0.4436E-01  0.5393E-01  0.1297E+00
0.4330E+03  0.9377E-01  0.1048E-01  0.4435E-01  0.5392E-01  0.1296E+00
0.4340E+03  0.9378E-01  0.1049E-01  0.4434E-01  0.5392E-01  0.1294E+00
0.4350E+03  0.9379E-01  0.1050E-01  0.4432E-01  0.5392E-01  0.1293E+00
0.4360E+03  0.9380E-01  0.1052E-01  0.4431E-01  0.5392E-01  0.1291E+00
0.4370E+03  0.9380E-01  0.1053E-01  0.4430E-01  0.5391E-01  0.1290E+00
0.4380E+03  0.9381E-01  0.1053E-01  0.4428E-01  0.5391E-01  0.1288E+00
0.4390E+03  0.9381E-01  0.1054E-01  0.4427E-01  0.5391E-01  0.1287E+00
0.4400E+03  0.9381E-01  0.1055E-01  0.4426E-01  0.5390E-01  0.1286E+00
0.4410E+03  0.9382E-01  0.1056E-01  0.4425E-01  0.5390E-01  0.1284E+00
0.4420E+03  0.9382E-01  0.1057E-01  0.4423E-01  0.5389E-01  0.1283E+00
0.4430E+03  0.9382E-01  0.1058E-01  0.4422E-01  0.5389E-01  0.1282E+00
0.4440E+03  0.9383E-01  0.1059E-01  0.4421E-01  0.5389E-01  0.1281E+00
0.4450E+03  0.9383E-01  0.1060E-01  0.4420E-01  0.5388E-01  0.1280E+00
0.4460E+03  0.9383E-01  0.1060E-01  0.4418E-01  0.5388E-01  0.1279E+00
0.4470E+03  0.9383E-01  0.1061E-01  0.4417E-01  0.5387E-01  0.1278E+00
0.4480E+03  0.9382E-01  0.1062E-01  0.4416E-01  0.5386E-01  0.1277E+00
0.4490E+03  0.9382E-01  0.1062E-01  0.4415E-01  0.5386E-01  0.1276E+00
0.4500E+03  0.9381E-01  0.1063E-01  0.4414E-01  0.5385E-01  0.1275E+00
0.4510E+03  0.9381E-01  0.1063E-01  0.4412E-01  0.5384E-01  0.1275E+00
0.4520E+03  0.9381E-01  0.1064E-01  0.4411E-01  0.5384E-01  0.1274E+00
0.4530E+03  0.9382E-01  0.1065E-01  0.4410E-01  0.5384E-01  0.1274E+00
0.4540E+03  0.9384E-01  0.1066E-01  0.4409E-01  0.5384E-01  0.1273E+00
0.4550E+03  0.9385E-01  0.1067E-01  0.4408E-01  0.5384E-01  0.1273E+00
0.4560E+03  0.9386E-01  0.1068E-01  0.4407E-01  0.5383E-01  0.1272E+00
0.4570E+03  0.9386E-01  0.1069E-01  0.4406E-01  0.5383E-01  0.1272E+00
0.4580E+03  0.9386E-01  0.1070E-01  0.4404E-01  0.5383E-01  0.1271E+00
0.4590E+03  0.9386E-01  0.1071E-01  0.4403E-01  0.5382E-01  0.1271E+00
0.4600E+03  0.9387E-01  0.1071E-01  0.4402E-01  0.5382E-01  0.1271E+00
0.4610E+03  0.9387E-01  0.1072E-01  0.4401E-01  0.5381E-01  0.1271E+00
0.4620E+03  0.9387E-01  0.1073E-01  0.4400E-01  0.5381E-01  0.1270E+00
0.4630E+03  0.9387E-01  0.1073E-01  0.4399E-01  0.5380E-01  0.1270E+00
0.4640E+03  0.9387E-01  0.1074E-01  0.4398E-01  0.5380E-01  0.1270E+00
0.4650E+03  0.9387E-01  0.1075E-01  0.4397E-01  0.5379E-01  0.1270E+00
0.4660E+03  0.9387E-01  0.1075E-01  0.4396E-01  0.5379E-01  0.1269E+00
0.4670E+03  0.9387E-01  0.1076E-01  0.4395E-01  0.5378E-01  0.1269E+00
0.4680E+03  0.9387E-01  0.1076E-01  0.4394E-01  0.5378E-01  0.1269E+00
0.4690E+03  0.9387E-01  0.1077E-01  0.4393E-01  0.5377E-01  0.1269E+00
0.4700E+03  0.9387E-01  0.1077E-01  0.4392E-01  0.5377E-01  0.1269E+00
0.4710E+03  0.9387E-01  0.1078E-01  0.4390E-01  0.5376E-01  0.1269E+00
0.4720E+03  0.9386E-01  0.1078E-01  0.4389E-01  0.5376E-01  0.1269E+00
0.4730E+03  0.9386E-01  0.1079E-01  0.4388E-01  0.5375E-01  0.1269E+00
0.4740E+03  0.9386E-01  0.1079E-01  0.4387E-01  0.5374E-01  0.1269E+00
0.4750E+03  0.9386E-01  0.1080E-01  0.4386E-01  0.5374E-01  0.1269E+00
0.4760E+03  0.9386E-01  0.1080E-01  0.4385E-01  0.5373E-01  0.1270E+00
0.4770E+03  0.9386E-01  0.1081E-01  0.4384E-01  0.5373E-01  0.1270E+00
0.4780E+03  0.9387E-01  0.1081E-01  0.4383E-01  0.5373E-01  0.1270E+00
0.4790E+03  0.9387E-01  0.1082E-01  0.4382E-01  0.5372E-01  0.1270E+00
0.4800E+03  0.9387E-01  0.1083E-01  0.4381E-01  0.5372E-01  0.1271E+00
0.4810E+03  0.9387E-01  0.1083E-01  0.4380E-01  0.5371E-01  0.1271E+00
0.4820E+03  0.9387E-01  0.1084E-01  0.4380E-01  0.5371E-01  0.1271E+00
0.4830E+03  0.9387E-01  0.1084E-01  0.4379E-01  0.5370E-01  0.1272E+00
0.4840E+03  0.9387E-01  0.1084E-01  0.4378E-01  0.5370E-01  0.1272E+00
0.4850E+03  0.9387E-01  0.1085E-01  0.4377E-01  0.5369E-01  0.1272E+00
0.4860E+03  0.9387E-01  0.1085E-01  0.4376E-01  0.5369E-01  0.1273E+00
0.4870E+03  0.9387E-01  0.1086E-01  0.4375E-01  0.5368E-01  0.1273E+00
0.4880E+03  0.9387E-01  0.1086E-01  0.4374E-01  0.5367E-01  0.1274E+00
0.4890E+03  0.9386E-01  0.1086E-01  0.4373E-01  0.5367E-01  0.1274E+00
0.4900E+03  0.9386E-01  0.1087E-01  0.4372E-01  0.5366E-01  0.1275E+00
0.4910E+03  0.9386E-01  0.1087E-01  0.4371E-01  0.5366E-01  0.1275E+00
0.4920E+03  0.9386E-01  0.1088E-01  0.4370E-01  0.5365E-01  0.1276E+00
0.4930E+03  0.9386E-01  0.1088E-01  0.4369E-01  0.5365E-01  0.1276E+00
0.4940E+03  0.9386E-01  0.1088E-01  0.4368E-01  0.5364E-01  0.1277E+00
0.4950E+03  0.9385E-01  0.1088E-01  0.4367E-01  0.5363E-01  0.1277E+00
0.4960E+03  0.9385E-01  0.1089E-01  0.4367E-01  0.5363E-01  0.1278E+00
0.4970E+03  0.9385E-01  0.1089E-01  0.4366E-01  0.5362E-01  0.1278E+00
0.4980E+03  0.9384E-01  0.1089E-01  0.4365E-01  0.5362E-01  0.1279E+00
0.4990E+03  0.9384E-01  0.1090E-01  0.4364E-01  0.5361E-01  0.1280E+00
0.5000E+03  0.9384E-01  0.1090E-01  0.4363E-01  0.5360E-01  0.1280E+00
0.5010E+03  0.9383E-01  0.1090E-01  0.4362E-01  0.5360E-01  0.1281E+00
0.5020E+03  0.9383E-01  0.1090E-01  0.4361E-01  0.5359E-01  0.1282E+00
0.5030E+03  0.9383E-01  0.1091E-01  0.4360E-01  0.5358E-01  0.1282E+00
0.5040E+03  0.9383E-01  0.1091E-01  0.4360E-01  0.5358E-01  0.1283E+00
0.5050E+03  0.9383E-01  0.1091E-01  0.4359E-01  0.5357E-01  0.1284E+00
0.5060E+03  0.9383E-01  0.1092E-01  0.4358E-01  0.5357E-01  0.1285E+00
0.5070E+03  0.9383E-01  0.1092E-01  0.4357E-01  0.5356E-01  0.1285E+00
0.5080E+03  0.9383E-01  0.1092E-01  0.4356E-01  0.5356E-01  0.1286E+00
0.5090E+03  0.9383E-01  0.1093E-01  0.4355E-01  0.5355E-01  0.1287E+00
0.5100E+03  0.9383E-01  0.1093E-01  0.4355E-01  0.5355E-01  0.1288E+00
0.5110E+03  0.9382E-01  0.1093E-01  0.4354E-01  0.5354E-01  0.1288E+00
0.5120E+03  0.9382E-01  0.1094E-01  0.4353E-01  0.5354E-01  0.1289E+00
0.5130E+03  0.9382E-01  0.1094E-01  0.4352E-01  0.5353E-01  0.1290E+00
0.5140E+03  0.9382E-01  0.1094E-01  0.4351E-01  0.5353E-01  0.1291E+00
0.5150E+03  0.9381E-01  0.1094E-01  0.4350E-01  0.5352E-01  0.1292E+00
0.5160E+03  0.9381E-01  0.1095E-01  0.4350E-01  0.5352E-01  0.1292E+00
0.5170E+03  0.9381E-01  0.1095E-01  0.4349E-01  0.5351E-01  0.1293E+00
0.5180E+03  0.9381E-01  0.1095E-01  0.4348E-01  0.5350E-01  0.1294E+00
0.5190E+03  0.9381E-01  0.1095E-01  0.4347E-01  0.5350E-01  0.1295E+00
0.5200E+03  0.9380E-01  0.1095E-01  0.4347E-01  0.5349E-01  0.1296E+00
0.5210E+03  0.9380E-01  0.1096E-01  0.4346E-01  0.5349E-01  0.1297E+00
0.5220E+03  0.9380E-01  0.1096E-01  0.4345E-01  0.5348E-01  0.1298E+00
0.5230E+03  0.9380E-01  0.1096E-01  0.4344E-01  0.5348E-01  0.1298E+00
0.5240E+03  0.9379E-01  0.1096E-01  0.4343E-01  0.5347E-01  0.1299E+00
0.5250E+03  0.9379E-01  0.1097E-01  0.4343E-01  0.5347E-01  0.1300E+00
0.5260E+03  0.9379E-01  0.1097E-01  0.4342E-01  0.5346E-01  0.1301E+00
0.5270E+03  0.9379E-01  0.1097E-01  0.4341E-01  0.5345E-01  0.1302E+00
0.5280E+03  0.9379E-01  0.1097E-01  0.4340E-01  0.5345E-01  0.1303E+00
0.5290E+03  0.9378E-01  0.1097E-01  0.4340E-01  0.5344E-01  0.1304E+00
0.5300E+03  0.9378E-01  0.1098E-01  0.4339E-01  0.5344E-01  0.1305E+00
0.5310E+03  0.9378E-01  0.1098E-01  0.4338E-01  0.5343E-01  0.1306E+00
0.5320E+03  0.9378E-01  0.1098E-01  0.4337E-01  0.5343E-01  0.1307E+00
0.5330E+03  0.9377E-01  0.1098E-01  0.4337E-01  0.5342E-01  0.1307E+00
0.5340E+03  0.9377E-01  0.1099E-01  0.4336E-01  0.5342E-01  0.1308E+00
0.5350E+03  0.9377E-01  0.1099E-01  0.4335E-01  0.5341E-01  0.1309E+00
0.5360E+03  0.9377E-01  0.1099E-01  0.4335E-01  0.5341E-01  0.1310E+00
0.5370E+03  0.9377E-01  0.1099E-01  0.4334E-01  0.5340E-01  0.1311E+00
0.5380E+03  0.9376E-01  0.1099E-01  0.4333E-01  0.5340E-01  0.1312E+00
0.5390E+03  0.9376E-01  0.1100E-01  0.4332E-01  0.5339E-01  0.1313E+00
0.5400E+03  0.9376E-01  0.1100E-01  0.4332E-01  0.5339E-01  0.1314E+00
0.5410E+03  0.9376E-01  0.1100E-01  0.4331E-01  0.5338E-01  0.1315E+00
0.5420E+03  0.9376E-01  0.1100E-01  0.4330E-01  0.5338E-01  0.1316E+00
0.5430E+03  0.9375E-01  0.1100E-01  0.4330E-01  0.5337E-01  0.1317E+00
0.5440E+03  0.9375E-01  0.1101E-01  0.4329E-01  0.5337E-01  0.1318E+00
0.5450E+03  0.9375E-01  0.1101E-01  0.4328E-01  0.5336E-01  0.1319E+00
0.5460E+03  0.9375E-01  0.1101E-01  0.4328E-01  0.5336E-01  0.1320E+00
0.5470E+03  0.9375E-01  0.1101E-01  0.4327E-01  0.5335E-01  0.1321E+00
0.5480E+03  0.9374E-01  0.1102E-01  0.4326E-01  0.5335E-01  0.1321E+00
0.5490E+03  0.9374E-01  0.1102E-01  0.4326E-01  0.5335E-01  0.1322E+00
0.5500E+03  0.9374E-01  0.1102E-01  0.4325E-01  0.5334E-01  0.1323E+00
0.5510E+03  0.9374E-01  0.1102E-01  0.4324E-01  0.5334E-01  0.1324E+00
0.5520E+03  0.9374E-01  0.1102E-01  0.4324E-01  0.5333E-01  0.1325E+00
0.5530E+03  0.9374E-01  0.1103E-01  0.4323E-01  0.5333E-01  0.1326E+00
0.5540E+03  0.9373E-01  0.1103E-01  0.4322E-01  0.5332E-01  0.1327E+00
0.5550E+03  0.9373E-01  0.1103E-01  0.4322E-01  0.5332E-01  0.1328E+00
0.5560E+03  0.9373E-01  0.1103E-01  0.4321E-01  0.5331E-01  0.1329E+00
0.5570E+03  0.9373E-01  0.1104E-01  0.4320E-01  0.5331E-01  0.1330E+00
0.5580E+03  0.9373E-01  0.1104E-01  0.4320E-01  0.5331E-01  0.1331E+00
0.5590E+03  0.9373E-01  0.1104E-01  0.4319E-01  0.5330E-01  0.1331E+00
0.5600E+03  0.9373E-01  0.1104E-01  0.4318E-01  0.5330E-01  0.1332E+00
0.5610E+03  0.9373E-01  0.1104E-01  0.4318E-01  0.5329E-01  0.1333E+00
0.5620E+03  0.9372E-01  0.1105E-01  0.4317E-01  0.5329E-01  0.1334E+00
0.5630E+03  0.9372E-01  0.1105E-01  0.4317E-01  0.5329E-01  0.1335E+00
0.5640E+03  0.9372E-01  0.1105E-01  0.4316E-01  0.5328E-01  0.1336E+00
0.5650E+03  0.9372E-01  0.1105E-01  0.4315E-01  0.5328E-01  0.1337E+00
0.5660E+03  0.9372E-01  0.1106E-01  0.4315E-01  0.5327E-01  0.1337E+00
0.5670E+03  0.9372E-01  0.1106E-01  0.4314E-01  0.5327E-01  0.1338E+00
0.5680E+03  0.9372E-01  0.1106E-01  0.4313E-01  0.5327E-01  0.1339E+00
0.5690E+03  0.9372E-01  0.1106E-01  0.4313E-01  0.5326E-01  0.1340E+00
0.5700E+03  0.9371E-01  0.1107E-01  0.4312E-01  0.5326E-01  0.1341E+00
0.5710E+03  0.9371E-01  0.1107E-01  0.4312E-01  0.5326E-01  0.1342E+00
0.5720E+03  0.9371E-01  0.1107E-01  0.4311E-01  0.5325E-01  0.1342E+00
0.5730E+03  0.9371E-01  0.1107E-01  0.4310E-01  0.5325E-01  0.1343E+00
0.5740E+03  0.9371E-01  0.1108E-01  0.4310E-01  0.5324E-01  0.1344E+00
0.5750E+03  0.9371E-01  0.1108E-01  0.4309E-01  0.5324E-01  0.1345E+00
0.5760E+03  0.9371E-01  0.1108E-01  0.4309E-01  0.5324E-01  0.1345E+00
0.5770E+03  0.9371E-01  0.1108E-01  0.4308E-01  0.5323E-01  0.1346E+00
0.5780E+03  0.9371E-01  0.1108E-01  0.4307E-01  0.5323E-01  0.1347E+00
0.5790E+03  0.9371E-01  0.1109E-01  0.4307E-01  0.5323E-01  0.1348E+00
0.5800E+03  0.9370E-01  0.1109E-01  0.4306E-01  0.5322E-01  0.1348E+00
0.5810E+03  0.9370E-01  0.1109E-01  0.4306E-01  0.5322E-01  0.1349E+00
0.5820E+03  0.9370E-01  0.1109E-01  0.4305E-01  0.5322E-01  0.1350E+00
0.5830E+03  0.9370E-01  0.1110E-01  0.4305E-01  0.5321E-01  0.1351E+00
0.5840E+03  0.9370E-01  0.1110E-01  0.4304E-01  0.5321E-01  0.1351E+00
0.5850E+03  0.9370E-01  0.1110E-01  0.4303E-01  0.5321E-01  0.1352E+00
0.5860E+03  0.9370E-01  0.1110E-01  0.4303E-01  0.5320E-01  0.1353E+00
0.5870E+03  0.9370E-01  0.1111E-01  0.4302E-01  0.5320E-01  0.1353E+00
0.5880E+03  0.9370E-01  0.1111E-01  0.4302E-01  0.5320E-01  0.1354E+00
0.5890E+03  0.9370E-01  0.1111E-01  0.4301E-01  0.5319E-01  0.1355E+00
0.5900E+03  0.9370E-01  0.1111E-01  0.4301E-01  0.5319E-01  0.1355E+00
0.5910E+03  0.9370E-01  0.1112E-01  0.4300E-01  0.5319E-01  0.1356E+00
0.5920E+03  0.9370E-01  0.1112E-01  0.4300E-01  0.5318E-01  0.1357E+00
0.5930E+03  0.9370E-01  0.1112E-01  0.4299E-01  0.5318E-01  0.1357E+00
0.5940E+03  0.9370E-01  0.1112E-01  0.4298E-01  0.5318E-01  0.1358E+00
0.5950E+03  0.9370E-01  0.1113E-01  0.4298E-01  0.5318E-01  0.1358E+00
0.5960E+03  0.9369E-01  0.1113E-01  0.4297E-01  0.5317E-01  0.1359E+00
0.5970E+03  0.9369E-01  0.1113E-01  0.4297E-01  0.5317E-01  0.1360E+00
0.5980E+03  0.9369E-01  0.1113E-01  0.4296E-01  0.5317E-01  0.1360E+00
0.5990E+03  0.9369E-01  0.1114E-01  0.4296E-01  0.5316E-01  0.1361E+00
0.6000E+03  0.9369E-01  0.1114E-01  0.4295E-01  0.5316E-01  0.1361E+00
0.6010E+03  0.9369E-01  0.1114E-01  0.4295E-01  0.5316E-01  0.1362E+00
0.6020E+03  0.9369E-01  0.1115E-01  0.4294E-01  0.5316E-01  0.1362E+00
0.6030E+03  0.9369E-01  0.1115E-01  0.4294E-01  0.5315E-01  0.1363E+00
0.6040E+03  0.9369E-01  0.1115E-01  0.4293E-01  0.5315E-01  0.1363E+00
0.6050E+03  0.9369E-01  0.1115E-01  0.4293E-01  0.5315E-01  0.1364E+00
0.6060E+03  0.9369E-01  0.1115E-01  0.4292E-01  0.5314E-01  0.1365E+00
0.6070E+03  0.9369E-01  0.1116E-01  0.4292E-01  0.5314E-01  0.1365E+00
0.6080E+03  0.9369E-01  0.1116E-01  0.4291E-01  0.5314E-01  0.1365E+00
0.6090E+03  0.9369E-01  0.1116E-01  0.4291E-01  0.5314E-01  0.1366E+00
0.6100E+03  0.9369E-01  0.1117E-01  0.4290E-01  0.5313E-01  0.1366E+00
0.6110E+03  0.9369E-01  0.1117E-01  0.4290E-01  0.5313E-01  0.1367E+00
0.6120E+03  0.9369E-01  0.1117E-01  0.4289E-01  0.5313E-01  0.1367E+00
0.6130E+03  0.9369E-01  0.1117E-01  0.4289E-01  0.5313E-01  0.1368E+00
0.6140E+03  0.9369E-01  0.1118E-01  0.4288E-01  0.5312E-01  0.1368E+00
0.6150E+03  0.9369E-01  0.1118E-01  0.4288E-01  0.5312E-01  0.1369E+00
0.6160E+03  0.9369E-01  0.1118E-01  0.4287E-01  0.5312E-01  0.1369E+00
0.6170E+03  0.9369E-01  0.1118E-01  0.4287E-01  0.5312E-01  0.1370E+00
0.6180E+03  0.9369E-01  0.1119E-01  0.4286E-01  0.5311E-01  0.1370E+00
0.6190E+03  0.9369E-01  0.1119E-01  0.4286E-01  0.5311E-01  0.1370E+00
0.6200E+03  0.9369E-01  0.1119E-01  0.4285E-01  0.5311E-01  0.1371E+00
0.6210E+03  0.9369E-01  0.1119E-01  0.4285E-01  0.5311E-01  0.1371E+00
0.6220E+03  0.9369E-01  0.1119E-01  0.4284E-01  0.5310E-01  0.1371E+00
0.6230E+03  0.9369E-01  0.1120E-01  0.4284E-01  0.5310E-01  0.1372E+00
0.6240E+03  0.9369E-01  0.1120E-01  0.4283E-01  0.5310E-01  0.1372E+00
0.6250E+03  0.9369E-01  0.1120E-01  0.4283E-01  0.5310E-01  0.1372E+00
0.6260E+03  0.9369E-01  0.1120E-01  0.4282E-01  0.5309E-01  0.1373E+00
0.6270E+03  0.9369E-01  0.1121E-01  0.4282E-01  0.5309E-01  0.1373E+00
0.6280E+03  0.9369E-01  0.1121E-01  0.4281E-01  0.5309E-01  0.1373E+00
0.6290E+03  0.9369E-01  0.1121E-01  0.4281E-01  0.5309E-01  0.1373E+00
0.6300E+03  0.9369E-01  0.1122E-01  0.4280E-01  0.5308E-01  0.1374E+00
0.6310E+03  0.9369E-01  0.1122E-01  0.4280E-01  0.5308E-01  0.1374E+00
0.6320E+03  0.9369E-01  0.1122E-01  0.4280E-01  0.5308E-01  0.1374E+00
0.6330E+03  0.9369E-01  0.1122E-01  0.4279E-01  0.5308E-01  0.1374E+00
0.6340E+03  0.9369E-01  0.1122E-01  0.4279E-01  0.5308E-01  0.1375E+00
0.6350E+03  0.9373E-01  0.1124E-01  0.4278E-01  0.5309E-01  0.1376E+00
0.6360E+03  0.9456E-01  0.1156E-01  0.4278E-01  0.5338E-01  0.1385E+00
0.6370E+03  0.9537E-01  0.1187E-01  0.4277E-01  0.5366E-01  0.1395E+00
0.6380E+03  0.9615E-01  0.1218E-01  0.4277E-01  0.5393E-01  0.1404E+00
0.6390E+03  0.9690E-01  0.1247E-01  0.4276E-01  0.5420E-01  0.1413E+00
0.6400E+03  0.9764E-01  0.1277E-01  0.4276E-01  0.5447E-01  0.1422E+00
0.6410E+03  0.9837E-01  0.1306E-01  0.4275E-01  0.5473E-01  0.1431E+00
0.6420E+03  0.9879E-01  0.1323E-01  0.4275E-01  0.5488E-01  0.1436E+00
0.6430E+03  0.9951E-01  0.1352E-01  0.4275E-01  0.5514E-01  0.1445E+00
0.6440E+03  0.1002E+00  0.1381E-01  0.4274E-01  0.5540E-01  0.1453E+00
0.6450E+03  0.1009E+00  0.1410E-01  0.4274E-01  0.5566E-01  0.1462E+00
0.6460E+03  0.1013E+00  0.1427E-01  0.4273E-01  0.5582E-01  0.1467E+00
0.6470E+03  0.1020E+00  0.1456E-01  0.4273E-01  0.5608E-01  0.1475E+00
0.6480E+03  0.1025E+00  0.1474E-01  0.4272E-01  0.5624E-01  0.1480E+00
0.6490E+03  0.1031E+00  0.1503E-01  0.4272E-01  0.5650E-01  0.1489E+00
0.6500E+03  0.1036E+00  0.1522E-01  0.4272E-01  0.5667E-01  0.1494E+00
0.6510E+03  0.1040E+00  0.1540E-01  0.4271E-01  0.5683E-01  0.1499E+00
0.6520E+03  0.1044E+00  0.1559E-01  0.4271E-01  0.5700E-01  0.1504E+00
0.6530E+03  0.1049E+00  0.1578E-01  0.4270E-01  0.5717E-01  0.1510E+00
0.6540E+03  0.1053E+00  0.1597E-01  0.4270E-01  0.5734E-01  0.1515E+00
0.6550E+03  0.1058E+00  0.1616E-01  0.4269E-01  0.5752E-01  0.1520E+00
0.6560E+03  0.1062E+00  0.1636E-01  0.4269E-01  0.5769E-01  0.1526E+00
0.6570E+03  0.1067E+00  0.1655E-01  0.4269E-01  0.5786E-01  0.1531E+00
0.6580E+03  0.1071E+00  0.1675E-01  0.4268E-01  0.5804E-01  0.1537E+00
0.6590E+03  0.1076E+00  0.1695E-01  0.4268E-01  0.5822E-01  0.1542E+00
0.6600E+03  0.1080E+00  0.1715E-01  0.4267E-01  0.5841E-01  0.1548E+00
0.6610E+03  0.1085E+00  0.1737E-01  0.4267E-01  0.5860E-01  0.1553E+00
0.6620E+03  0.1090E+00  0.1759E-01  0.4266E-01  0.5880E-01  0.1559E+00
0.6630E+03  0.1093E+00  0.1771E-01  0.4266E-01  0.5890E-01  0.1563E+00
0.6640E+03  0.1096E+00  0.1789E-01  0.4266E-01  0.5906E-01  0.1568E+00
0.6650E+03  0.7836E-01  0.6069E-02  0.4265E-01  0.4822E-01  0.1195E+00
0.6660E+03  0.7829E-01  0.6051E-02  0.4265E-01  0.4820E-01  0.1194E+00
0.6670E+03  0.7840E-01  0.6085E-02  0.4264E-01  0.4822E-01  0.1195E+00
0.6680E+03  0.7870E-01  0.6175E-02  0.4264E-01  0.4830E-01  0.1198E+00
0.6690E+03  0.7874E-01  0.6191E-02  0.4264E-01  0.4831E-01  0.1199E+00
0.6700E+03  0.7897E-01  0.6261E-02  0.4263E-01  0.4837E-01  0.1201E+00
0.6710E+03  0.7920E-01  0.6332E-02  0.4263E-01  0.4843E-01  0.1204E+00
0.6720E+03  0.7943E-01  0.6406E-02  0.4262E-01  0.4850E-01  0.1207E+00
0.6730E+03  0.7966E-01  0.6477E-02  0.4262E-01  0.4856E-01  0.1209E+00
0.6740E+03  0.7988E-01  0.6547E-02  0.4262E-01  0.4862E-01  0.1212E+00
0.6750E+03  0.8010E-01  0.6617E-02  0.4261E-01  0.4868E-01  0.1214E+00
0.6760E+03  0.8053E-01  0.6752E-02  0.4261E-01  0.4880E-01  0.1219E+00
0.6770E+03  0.8074E-01  0.6820E-02  0.4260E-01  0.4886E-01  0.1222E+00
0.6780E+03  0.8095E-01  0.6888E-02  0.4260E-01  0.4892E-01  0.1224E+00
0.6790E+03  0.8117E-01  0.6957E-02  0.4260E-01  0.4898E-01  0.1226E+00
0.6800E+03  0.8138E-01  0.7028E-02  0.4259E-01  0.4904E-01  0.1229E+00
0.6810E+03  0.8182E-01  0.7167E-02  0.4259E-01  0.4916E-01  0.1234E+00
0.6820E+03  0.8203E-01  0.7238E-02  0.4259E-01  0.4922E-01  0.1236E+00
0.6830E+03  0.8225E-01  0.7309E-02  0.4258E-01  0.4928E-01  0.1239E+00
0.6840E+03  0.8246E-01  0.7380E-02  0.4258E-01  0.4934E-01  0.1241E+00
0.6850E+03  0.8288E-01  0.7518E-02  0.4257E-01  0.4947E-01  0.1246E+00
0.6860E+03  0.8309E-01  0.7587E-02  0.4257E-01  0.4953E-01  0.1249E+00
0.6870E+03  0.8329E-01  0.7655E-02  0.4257E-01  0.4959E-01  0.1251E+00
0.6880E+03  0.8370E-01  0.7791E-02  0.4256E-01  0.4971E-01  0.1256E+00
0.6890E+03  0.8410E-01  0.7927E-02  0.4256E-01  0.4983E-01  0.1261E+00
0.6900E+03  0.8430E-01  0.7993E-02  0.4256E-01  0.4989E-01  0.1263E+00
0.6910E+03  0.8449E-01  0.8059E-02  0.4255E-01  0.4994E-01  0.1265E+00
0.6920E+03  0.8489E-01  0.8196E-02  0.4255E-01  0.5006E-01  0.1270E+00
0.6930E+03  0.8508E-01  0.8261E-02  0.4254E-01  0.5012E-01  0.1272E+00
0.6940E+03  0.8548E-01  0.8397E-02  0.4254E-01  0.5024E-01  0.1277E+00
0.6950E+03  0.8587E-01  0.8532E-02  0.4254E-01  0.5036E-01  0.1281E+00
0.6960E+03  0.8605E-01  0.8596E-02  0.4253E-01  0.5042E-01  0.1283E+00
0.6970E+03  0.8644E-01  0.8731E-02  0.4253E-01  0.5054E-01  0.1288E+00
0.6980E+03  0.8661E-01  0.8793E-02  0.4253E-01  0.5059E-01  0.1290E+00
0.6990E+03  0.8679E-01  0.8855E-02  0.4252E-01  0.5064E-01  0.1292E+00
0.7000E+03  0.8717E-01  0.8989E-02  0.4252E-01  0.5076E-01  0.1296E+00
0.7010E+03  0.8734E-01  0.9051E-02  0.4252E-01  0.5082E-01  0.1298E+00
0.7020E+03  0.8751E-01  0.9112E-02  0.4251E-01  0.5087E-01  0.1300E+00
0.7030E+03  0.8768E-01  0.9173E-02  0.4251E-01  0.5092E-01  0.1302E+00
0.7040E+03  0.8785E-01  0.9234E-02  0.4251E-01  0.5097E-01  0.1304E+00
0.7050E+03  0.8801E-01  0.9295E-02  0.4250E-01  0.5103E-01  0.1306E+00
0.7060E+03  0.8838E-01  0.9426E-02  0.4250E-01  0.5114E-01  0.1311E+00
0.7070E+03  0.8855E-01  0.9487E-02  0.4249E-01  0.5120E-01  0.1312E+00
0.7080E+03  0.8891E-01  0.9618E-02  0.4249E-01  0.5131E-01  0.1317E+00
0.7090E+03  0.8907E-01  0.9677E-02  0.4249E-01  0.5136E-01  0.1319E+00
0.7100E+03  0.8923E-01  0.9737E-02  0.4248E-01  0.5141E-01  0.1321E+00
0.7110E+03  0.8939E-01  0.9796E-02  0.4248E-01  0.5147E-01  0.1322E+00
0.7120E+03  0.8955E-01  0.9855E-02  0.4248E-01  0.5152E-01  0.1324E+00
0.7130E+03  0.8971E-01  0.9913E-02  0.4247E-01  0.5157E-01  0.1326E+00
0.7140E+03  0.9006E-01  0.1004E-01  0.4247E-01  0.5168E-01  0.1330E+00
0.7150E+03  0.9021E-01  0.1010E-01  0.4247E-01  0.5173E-01  0.1332E+00
0.7160E+03  0.9036E-01  0.1016E-01  0.4246E-01  0.5178E-01  0.1334E+00
0.7170E+03  0.9052E-01  0.1021E-01  0.4246E-01  0.5183E-01  0.1336E+00
0.7180E+03  0.9067E-01  0.1027E-01  0.4246E-01  0.5188E-01  0.1338E+00
0.7190E+03  0.9082E-01  0.1033E-01  0.4245E-01  0.5193E-01  0.1339E+00
0.7200E+03  0.9097E-01  0.1039E-01  0.4245E-01  0.5198E-01  0.1341E+00
0.7210E+03  0.9112E-01  0.1044E-01  0.4245E-01  0.5203E-01  0.1343E+00
0.7220E+03  0.9127E-01  0.1050E-01  0.4244E-01  0.5208E-01  0.1345E+00
0.7230E+03  0.9142E-01  0.1056E-01  0.4244E-01  0.5212E-01  0.1346E+00
0.7240E+03  0.9157E-01  0.1061E-01  0.4244E-01  0.5217E-01  0.1348E+00
0.7250E+03  0.9172E-01  0.1067E-01  0.4243E-01  0.5222E-01  0.1350E+00
0.7260E+03  0.9187E-01  0.1073E-01  0.4243E-01  0.5227E-01  0.1352E+00
0.7270E+03  0.9202E-01  0.1079E-01  0.4243E-01  0.5232E-01  0.1353E+00
0.7280E+03  0.9216E-01  0.1084E-01  0.4242E-01  0.5237E-01  0.1355E+00
0.7290E+03  0.9231E-01  0.1090E-01  0.4242E-01  0.5242E-01  0.1357E+00
0.7300E+03  0.9263E-01  0.1102E-01  0.4242E-01  0.5253E-01  0.1361E+00
0.7310E+03  0.9277E-01  0.1108E-01  0.4241E-01  0.5258E-01  0.1363E+00
0.7320E+03  0.9292E-01  0.1113E-01  0.4241E-01  0.5262E-01  0.1364E+00
0.7330E+03  0.9306E-01  0.1119E-01  0.4241E-01  0.5267E-01  0.1366E+00
0.7340E+03  0.9338E-01  0.1131E-01  0.4240E-01  0.5278E-01  0.1370E+00
0.7350E+03  0.9335E-01  0.1130E-01  0.4240E-01  0.5277E-01  0.1369E+00
0.7360E+03  0.9349E-01  0.1136E-01  0.4240E-01  0.5282E-01  0.1371E+00
0.7370E+03  0.9364E-01  0.1141E-01  0.4239E-01  0.5287E-01  0.1373E+00
0.7380E+03  0.9367E-01  0.1143E-01  0.4239E-01  0.5288E-01  0.1373E+00
0.7390E+03  0.9367E-01  0.1143E-01  0.4239E-01  0.5287E-01  0.1373E+00
0.7400E+03  0.9367E-01  0.1143E-01  0.4239E-01  0.5287E-01  0.1373E+00
0.7410E+03  0.9367E-01  0.1143E-01  0.4238E-01  0.5287E-01  0.1373E+00
0.7420E+03  0.9367E-01  0.1143E-01  0.4238E-01  0.5287E-01  0.1373E+00
0.7430E+03  0.9367E-01  0.1143E-01  0.4238E-01  0.5287E-01  0.1373E+00
0.7440E+03  0.9367E-01  0.1144E-01  0.4237E-01  0.5287E-01  0.1373E+00
0.7450E+03  0.9367E-01  0.1144E-01  0.4237E-01  0.5286E-01  0.1373E+00
0.7460E+03  0.9367E-01  0.1144E-01  0.4237E-01  0.5286E-01  0.1372E+00
0.7470E+03  0.9367E-01  0.1144E-01  0.4236E-01  0.5286E-01  0.1372E+00
0.7480E+03  0.9367E-01  0.1144E-01  0.4236E-01  0.5286E-01  0.1372E+00
0.7490E+03  0.9367E-01  0.1144E-01  0.4236E-01  0.5286E-01  0.1372E+00
0.7500E+03  0.9367E-01  0.1145E-01  0.4235E-01  0.5286E-01  0.1372E+00
0.7510E+03  0.9367E-01  0.1145E-01  0.4235E-01  0.5285E-01  0.1372E+00
0.7520E+03  0.9367E-01  0.1145E-01  0.4235E-01  0.5285E-01  0.1372E+00
0.7530E+03  0.9367E-01  0.1145E-01  0.4234E-01  0.5285E-01  0.1372E+00
0.7540E+03  0.9367E-01  0.1145E-01  0.4234E-01  0.5285E-01  0.1372E+00
0.7550E+03  0.9367E-01  0.1145E-01  0.4234E-01  0.5285E-01  0.1372E+00
0.7560E+03  0.9367E-01  0.1146E-01  0.4234E-01  0.5285E-01  0.1372E+00
0.7570E+03  0.9367E-01  0.1146E-01  0.4233E-01  0.5285E-01  0.1372E+00
0.7580E+03  0.9367E-01  0.1146E-01  0.4233E-01  0.5285E-01  0.1372E+00
0.7590E+03  0.9367E-01  0.1146E-01  0.4233E-01  0.5284E-01  0.1372E+00
0.7600E+03  0.9367E-01  0.1146E-01  0.4232E-01  0.5284E-01  0.1372E+00
0.7610E+03  0.9367E-01  0.1146E-01  0.4232E-01  0.5284E-01  0.1372E+00
0.7620E+03  0.9367E-01  0.1147E-01  0.4232E-01  0.5284E-01  0.1372E+00
0.7630E+03  0.9367E-01  0.1147E-01  0.4232E-01  0.5284E-01  0.1372E+00
0.7640E+03  0.9367E-01  0.1147E-01  0.4231E-01  0.5284E-01  0.1372E+00
0.7650E+03  0.9367E-01  0.1147E-01  0.4231E-01  0.5284E-01  0.1371E+00
0.7660E+03  0.9367E-01  0.1147E-01  0.4231E-01  0.5284E-01  0.1371E+00
0.7670E+03  0.9367E-01  0.1148E-01  0.4230E-01  0.5283E-01  0.1371E+00
0.7680E+03  0.9367E-01  0.1148E-01  0.4230E-01  0.5283E-01  0.1371E+00
0.7690E+03  0.9367E-01  0.1148E-01  0.4230E-01  0.5283E-01  0.1371E+00
0.7700E+03  0.9367E-01  0.1148E-01  0.4229E-01  0.5283E-01  0.1371E+00
0.7710E+03  0.9367E-01  0.1148E-01  0.4229E-01  0.5283E-01  0.1371E+00
0.7720E+03  0.9368E-01  0.1149E-01  0.4229E-01  0.5283E-01  0.1371E+00
0.7730E+03  0.9368E-01  0.1149E-01  0.4229E-01  0.5283E-01  0.1371E+00
0.7740E+03  0.9368E-01  0.1149E-01  0.4228E-01  0.5283E-01  0.1371E+00
0.7750E+03  0.9368E-01  0.1149E-01  0.4228E-01  0.5282E-01  0.1371E+00
0.7760E+03  0.9368E-01  0.1149E-01  0.4228E-01  0.5282E-01  0.1371E+00
0.7770E+03  0.9368E-01  0.1149E-01  0.4227E-01  0.5282E-01  0.1371E+00
0.7780E+03  0.9367E-01  0.1149E-01  0.4227E-01  0.5282E-01  0.1371E+00
0.7790E+03  0.9368E-01  0.1150E-01  0.4227E-01  0.5282E-01  0.1371E+00
0.7800E+03  0.9368E-01  0.1150E-01  0.4227E-01  0.5282E-01  0.1371E+00
0.7810E+03  0.9368E-01  0.1150E-01  0.4226E-01  0.5282E-01  0.1371E+00
0.7820E+03  0.9368E-01  0.1150E-01  0.4226E-01  0.5281E-01  0.1371E+00
0.7830E+03  0.9368E-01  0.1150E-01  0.4226E-01  0.5281E-01  0.1371E+00
0.7840E+03  0.9368E-01  0.1150E-01  0.4226E-01  0.5281E-01  0.1371E+00
0.7850E+03  0.9368E-01  0.1151E-01  0.4225E-01  0.5281E-01  0.1370E+00
0.7860E+03  0.9368E-01  0.1151E-01  0.4225E-01  0.5281E-01  0.1371E+00
0.7870E+03  0.9368E-01  0.1151E-01  0.4225E-01  0.5281E-01  0.1370E+00
0.7880E+03  0.9368E-01  0.1151E-01  0.4224E-01  0.5281E-01  0.1370E+00
0.7890E+03  0.9368E-01  0.1151E-01  0.4224E-01  0.5281E-01  0.1370E+00
0.7900E+03  0.9368E-01  0.1151E-01  0.4224E-01  0.5280E-01  0.1370E+00
0.7910E+03  0.9368E-01  0.1151E-01  0.4224E-01  0.5280E-01  0.1370E+00
0.7920E+03  0.9368E-01  0.1152E-01  0.4223E-01  0.5280E-01  0.1371E+00
0.7930E+03  0.9368E-01  0.1152E-01  0.4223E-01  0.5280E-01  0.1371E+00
0.7940E+03  0.9368E-01  0.1152E-01  0.4223E-01  0.5280E-01  0.1371E+00
0.7950E+03  0.9368E-01  0.1152E-01  0.4222E-01  0.5280E-01  0.1371E+00
0.7960E+03  0.9368E-01  0.1152E-01  0.4222E-01  0.5280E-01  0.1371E+00
0.7970E+03  0.9368E-01  0.1152E-01  0.4222E-01  0.5280E-01  0.1371E+00
0.7980E+03  0.9368E-01  0.1152E-01  0.4222E-01  0.5279E-01  0.1371E+00
0.7990E+03  0.9368E-01  0.1153E-01  0.4221E-01  0.5279E-01  0.1371E+00
0.8000E+03  0.9368E-01  0.1153E-01  0.4221E-01  0.5279E-01  0.1371E+00
0.8010E+03  0.9368E-01  0.1153E-01  0.4221E-01  0.5279E-01  0.1371E+00
0.8020E+03  0.9368E-01  0.1153E-01  0.4221E-01  0.5279E-01  0.1371E+00
0.8030E+03  0.9368E-01  0.1153E-01  0.4220E-01  0.5279E-01  0.1370E+00
0.8040E+03  0.9368E-01  0.1153E-01  0.4220E-01  0.5279E-01  0.1370E+00
0.8050E+03  0.9368E-01  0.1154E-01  0.4220E-01  0.5279E-01  0.1370E+00
0.8060E+03  0.9368E-01  0.1154E-01  0.4220E-01  0.5279E-01  0.1370E+00
0.8070E+03  0.9368E-01  0.1154E-01  0.4219E-01  0.5278E-01  0.1370E+00
0.8080E+03  0.9368E-01  0.1154E-01  0.4219E-01  0.5278E-01  0.1370E+00
0.8090E+03  0.9368E-01  0.1154E-01  0.4219E-01  0.5278E-01  0.1370E+00
0.8100E+03  0.9368E-01  0.1154E-01  0.4219E-01  0.5278E-01  0.1370E+00
0.8110E+03  0.9368E-01  0.1154E-01  0.4218E-01  0.5278E-01  0.1370E+00
0.8120E+03  0.9368E-01  0.1155E-01  0.4218E-01  0.5278E-01  0.1370E+00
0.8130E+03  0.9368E-01  0.1155E-01  0.4218E-01  0.5278E-01  0.1370E+00
0.8140E+03  0.9368E-01  0.1155E-01  0.4217E-01  0.5277E-01  0.1370E+00
0.8150E+03  0.9368E-01  0.1155E-01  0.4217E-01  0.5277E-01  0.1370E+00
0.8160E+03  0.9368E-01  0.1155E-01  0.4217E-01  0.5277E-01  0.1370E+00
0.8170E+03  0.9368E-01  0.1155E-01  0.4217E-01  0.5277E-01  0.1371E+00
0.8180E+03  0.9368E-01  0.1155E-01  0.4216E-01  0.5277E-01  0.1371E+00
0.8190E+03  0.9368E-01  0.1155E-01  0.4216E-01  0.5277E-01  0.1371E+00
0.8200E+03  0.9368E-01  0.1156E-01  0.4216E-01  0.5277E-01  0.1371E+00
0.8210E+03  0.9368E-01  0.1156E-01  0.4216E-01  0.5277E-01  0.1371E+00
0.8220E+03  0.9368E-01  0.1156E-01  0.4215E-01  0.5276E-01  0.1371E+00
0.8230E+03  0.9368E-01  0.1156E-01  0.4215E-01  0.5276E-01  0.1371E+00
0.8240E+03  0.9367E-01  0.1156E-01  0.4215E-01  0.5276E-01  0.1371E+00
0.8250E+03  0.9367E-01  0.1156E-01  0.4215E-01  0.5276E-01  0.1371E+00
0.8260E+03  0.9367E-01  0.1156E-01  0.4214E-01  0.5276E-01  0.1371E+00
0.8270E+03  0.9367E-01  0.1156E-01  0.4214E-01  0.5276E-01  0.1371E+00
0.8280E+03  0.9367E-01  0.1156E-01  0.4214E-01  0.5275E-01  0.1371E+00
0.8290E+03  0.9367E-01  0.1156E-01  0.4214E-01  0.5275E-01  0.1371E+00
0.8300E+03  0.9367E-01  0.1157E-01  0.4213E-01  0.5275E-01  0.1371E+00
0.8310E+03  0.9367E-01  0.1157E-01  0.4213E-01  0.5275E-01  0.1371E+00
0.8320E+03  0.9367E-01  0.1157E-01  0.4213E-01  0.5275E-01  0.1371E+00
0.8330E+03  0.9367E-01  0.1157E-01  0.4213E-01  0.5275E-01  0.1371E+00
0.8340E+03  0.9367E-01  0.1157E-01  0.4212E-01  0.5275E-01  0.1372E+00
0.8350E+03  0.9367E-01  0.1157E-01  0.4212E-01  0.5274E-01  0.1372E+00
0.8360E+03  0.9366E-01  0.1157E-01  0.4212E-01  0.5274E-01  0.1372E+00
0.8370E+03  0.9366E-01  0.1157E-01  0.4212E-01  0.5274E-01  0.1372E+00
0.8380E+03  0.9366E-01  0.1157E-01  0.4211E-01  0.5274E-01  0.1372E+00
0.8390E+03  0.9366E-01  0.1157E-01  0.4211E-01  0.5274E-01  0.1372E+00
0.8400E+03  0.9366E-01  0.1158E-01  0.4211E-01  0.5274E-01  0.1372E+00
0.8410E+03  0.9366E-01  0.1158E-01  0.4211E-01  0.5274E-01  0.1372E+00
0.8420E+03  0.9366E-01  0.1158E-01  0.4211E-01  0.5273E-01  0.1372E+00
0.8430E+03  0.9356E-01  0.1154E-01  0.4210E-01  0.5270E-01  0.1371E+00
0.8440E+03  0.9344E-01  0.1150E-01  0.4210E-01  0.5265E-01  0.1369E+00
0.8450E+03  0.9340E-01  0.1148E-01  0.4210E-01  0.5264E-01  0.1369E+00
0.8460E+03  0.9335E-01  0.1147E-01  0.4210E-01  0.5262E-01  0.1368E+00
0.8470E+03  0.9331E-01  0.1145E-01  0.4209E-01  0.5261E-01  0.1368E+00
0.8480E+03  0.9320E-01  0.1141E-01  0.4209E-01  0.5257E-01  0.1366E+00
0.8490E+03  0.9316E-01  0.1140E-01  0.4209E-01  0.5255E-01  0.1366E+00
0.8500E+03  0.9312E-01  0.1138E-01  0.4209E-01  0.5254E-01  0.1365E+00
0.8510E+03  0.9302E-01  0.1134E-01  0.4208E-01  0.5250E-01  0.1364E+00
0.8520E+03  0.9305E-01  0.1136E-01  0.4208E-01  0.5251E-01  0.1364E+00
0.8530E+03  0.9308E-01  0.1137E-01  0.4208E-01  0.5252E-01  0.1365E+00
0.8540E+03  0.9304E-01  0.1136E-01  0.4208E-01  0.5250E-01  0.1364E+00
0.8550E+03  0.9294E-01  0.1132E-01  0.4207E-01  0.5247E-01  0.1363E+00
0.8560E+03  0.9298E-01  0.1133E-01  0.4207E-01  0.5248E-01  0.1364E+00
0.8570E+03  0.9294E-01  0.1132E-01  0.4207E-01  0.5247E-01  0.1363E+00
0.8580E+03  0.9291E-01  0.1131E-01  0.4207E-01  0.5245E-01  0.1363E+00
0.8590E+03  0.9295E-01  0.1133E-01  0.4206E-01  0.5247E-01  0.1363E+00
0.8600E+03  0.9292E-01  0.1132E-01  0.4206E-01  0.5245E-01  0.1363E+00
0.8610E+03  0.9289E-01  0.1131E-01  0.4206E-01  0.5244E-01  0.1362E+00
0.8620E+03  0.9293E-01  0.1132E-01  0.4206E-01  0.5245E-01  0.1363E+00
0.8630E+03  0.9297E-01  0.1134E-01  0.4206E-01  0.5247E-01  0.1363E+00
0.8640E+03  0.9294E-01  0.1133E-01  0.4205E-01  0.5246E-01  0.1363E+00
0.8650E+03  0.9285E-01  0.1130E-01  0.4205E-01  0.5242E-01  0.1362E+00
0.8660E+03  0.9283E-01  0.1129E-01  0.4205E-01  0.5241E-01  0.1362E+00
0.8670E+03  0.9274E-01  0.1126E-01  0.4205E-01  0.5238E-01  0.1360E+00
0.8680E+03  0.9271E-01  0.1125E-01  0.4204E-01  0.5237E-01  0.1360E+00
0.8690E+03  0.9269E-01  0.1124E-01  0.4204E-01  0.5236E-01  0.1360E+00
0.8700E+03  0.9267E-01  0.1124E-01  0.4204E-01  0.5236E-01  0.1360E+00
0.8710E+03  0.9258E-01  0.1120E-01  0.4204E-01  0.5232E-01  0.1359E+00
0.8720E+03  0.9257E-01  0.1120E-01  0.4204E-01  0.5232E-01  0.1358E+00
0.8730E+03  0.9255E-01  0.1119E-01  0.4203E-01  0.5231E-01  0.1358E+00
0.8740E+03  0.9253E-01  0.1119E-01  0.4203E-01  0.5230E-01  0.1358E+00
0.8750E+03  0.9251E-01  0.1118E-01  0.4203E-01  0.5229E-01  0.1358E+00
0.8760E+03  0.9243E-01  0.1115E-01  0.4203E-01  0.5227E-01  0.1357E+00
0.8770E+03  0.9242E-01  0.1115E-01  0.4202E-01  0.5226E-01  0.1357E+00
0.8780E+03  0.9240E-01  0.1114E-01  0.4202E-01  0.5225E-01  0.1356E+00
0.8790E+03  0.9239E-01  0.1114E-01  0.4202E-01  0.5225E-01  0.1356E+00
0.8800E+03  0.9238E-01  0.1114E-01  0.4202E-01  0.5224E-01  0.1356E+00
0.8810E+03  0.9236E-01  0.1113E-01  0.4201E-01  0.5224E-01  0.1356E+00
0.8820E+03  0.9229E-01  0.1111E-01  0.4201E-01  0.5221E-01  0.1355E+00
0.8830E+03  0.9228E-01  0.1110E-01  0.4201E-01  0.5220E-01  0.1355E+00
0.8840E+03  0.9227E-01  0.1110E-01  0.4201E-01  0.5220E-01  0.1355E+00
0.8850E+03  0.9226E-01  0.1110E-01  0.4201E-01  0.5220E-01  0.1355E+00
0.8860E+03  0.9225E-01  0.1110E-01  0.4200E-01  0.5219E-01  0.1354E+00
0.8870E+03  0.9224E-01  0.1109E-01  0.4200E-01  0.5219E-01  0.1354E+00
0.8880E+03  0.9218E-01  0.1107E-01  0.4200E-01  0.5216E-01  0.1353E+00
0.8890E+03  0.9217E-01  0.1107E-01  0.4200E-01  0.5216E-01  0.1353E+00
0.8900E+03  0.9216E-01  0.1107E-01  0.4200E-01  0.5216E-01  0.1353E+00
0.8910E+03  0.9216E-01  0.1107E-01  0.4199E-01  0.5215E-01  0.1353E+00
0.8920E+03  0.9216E-01  0.1107E-01  0.4199E-01  0.5215E-01  0.1353E+00
0.8930E+03  0.9215E-01  0.1107E-01  0.4199E-01  0.5215E-01  0.1353E+00
0.8940E+03  0.9215E-01  0.1107E-01  0.4199E-01  0.5215E-01  0.1353E+00
0.8950E+03  0.9215E-01  0.1107E-01  0.4198E-01  0.5215E-01  0.1353E+00
0.8960E+03  0.9209E-01  0.1104E-01  0.4198E-01  0.5212E-01  0.1352E+00
0.8970E+03  0.9208E-01  0.1105E-01  0.4198E-01  0.5212E-01  0.1352E+00
0.8980E+03  0.9208E-01  0.1105E-01  0.4198E-01  0.5212E-01  0.1352E+00
0.8990E+03  0.9209E-01  0.1105E-01  0.4198E-01  0.5212E-01  0.1352E+00
0.9000E+03  0.9209E-01  0.1105E-01  0.4197E-01  0.5212E-01  0.1352E+00
0.9010E+03  0.9203E-01  0.1103E-01  0.4197E-01  0.5210E-01  0.1352E+00
0.9020E+03  0.9203E-01  0.1103E-01  0.4197E-01  0.5210E-01  0.1352E+00
0.9030E+03  0.9203E-01  0.1103E-01  0.4197E-01  0.5210E-01  0.1352E+00
0.9040E+03  0.9204E-01  0.1104E-01  0.4196E-01  0.5210E-01  0.1352E+00
0.9050E+03  0.9204E-01  0.1104E-01  0.4196E-01  0.5210E-01  0.1352E+00
0.9060E+03  0.9199E-01  0.1102E-01  0.4196E-01  0.5208E-01  0.1351E+00
0.9070E+03  0.9199E-01  0.1102E-01  0.4196E-01  0.5208E-01  0.1351E+00
0.9080E+03  0.9200E-01  0.1103E-01  0.4196E-01  0.5208E-01  0.1351E+00
0.9090E+03  0.9201E-01  0.1103E-01  0.4195E-01  0.5208E-01  0.1351E+00
0.9100E+03  0.9201E-01  0.1103E-01  0.4195E-01  0.5208E-01  0.1351E+00
0.9110E+03  0.9202E-01  0.1104E-01  0.4195E-01  0.5209E-01  0.1351E+00
0.9120E+03  0.9197E-01  0.1102E-01  0.4195E-01  0.5207E-01  0.1351E+00
0.9130E+03  0.9198E-01  0.1102E-01  0.4195E-01  0.5207E-01  0.1351E+00
0.9140E+03  0.9199E-01  0.1103E-01  0.4194E-01  0.5207E-01  0.1351E+00
0.9150E+03  0.9200E-01  0.1103E-01  0.4194E-01  0.5207E-01  0.1351E+00
0.9160E+03  0.9201E-01  0.1104E-01  0.4194E-01  0.5208E-01  0.1351E+00
0.9170E+03  0.9202E-01  0.1104E-01  0.4194E-01  0.5208E-01  0.1351E+00
0.9180E+03  0.9203E-01  0.1105E-01  0.4194E-01  0.5208E-01  0.1351E+00
0.9190E+03  0.9204E-01  0.1105E-01  0.4193E-01  0.5208E-01  0.1352E+00
0.9200E+03  0.9205E-01  0.1106E-01  0.4193E-01  0.5209E-01  0.1352E+00
0.9210E+03  0.9207E-01  0.1107E-01  0.4193E-01  0.5209E-01  0.1352E+00
0.9220E+03  0.9208E-01  0.1107E-01  0.4193E-01  0.5209E-01  0.1352E+00
0.9230E+03  0.9209E-01  0.1108E-01  0.4192E-01  0.5210E-01  0.1352E+00
0.9240E+03  0.9211E-01  0.1108E-01  0.4192E-01  0.5210E-01  0.1352E+00
0.9250E+03  0.9212E-01  0.1109E-01  0.4192E-01  0.5211E-01  0.1352E+00
0.9260E+03  0.9214E-01  0.1110E-01  0.4192E-01  0.5211E-01  0.1353E+00
0.9270E+03  0.9215E-01  0.1110E-01  0.4192E-01  0.5211E-01  0.1353E+00
0.9280E+03  0.9217E-01  0.1111E-01  0.4191E-01  0.5212E-01  0.1353E+00
0.9290E+03  0.9218E-01  0.1112E-01  0.4191E-01  0.5212E-01  0.1353E+00
0.9300E+03  0.9220E-01  0.1113E-01  0.4191E-01  0.5213E-01  0.1353E+00
0.9310E+03  0.9221E-01  0.1113E-01  0.4191E-01  0.5213E-01  0.1354E+00
0.9320E+03  0.9229E-01  0.1116E-01  0.4191E-01  0.5216E-01  0.1354E+00
0.9330E+03  0.9230E-01  0.1117E-01  0.4190E-01  0.5216E-01  0.1355E+00
0.9340E+03  0.9232E-01  0.1118E-01  0.4190E-01  0.5217E-01  0.1355E+00
0.9350E+03  0.9234E-01  0.1118E-01  0.4190E-01  0.5217E-01  0.1355E+00
0.9360E+03  0.9241E-01  0.1121E-01  0.4190E-01  0.5220E-01  0.1356E+00
0.9370E+03  0.9243E-01  0.1122E-01  0.4190E-01  0.5220E-01  0.1356E+00
0.9380E+03  0.9245E-01  0.1123E-01  0.4189E-01  0.5221E-01  0.1356E+00
0.9390E+03  0.9247E-01  0.1124E-01  0.4189E-01  0.5221E-01  0.1357E+00
0.9400E+03  0.9254E-01  0.1127E-01  0.4189E-01  0.5224E-01  0.1357E+00
0.9410E+03  0.9256E-01  0.1128E-01  0.4189E-01  0.5224E-01  0.1358E+00
0.9420E+03  0.9264E-01  0.1130E-01  0.4189E-01  0.5227E-01  0.1359E+00
0.9430E+03  0.9266E-01  0.1131E-01  0.4188E-01  0.5227E-01  0.1359E+00
0.9440E+03  0.9268E-01  0.1132E-01  0.4188E-01  0.5228E-01  0.1359E+00
0.9450E+03  0.9275E-01  0.1135E-01  0.4188E-01  0.5231E-01  0.1360E+00
0.9460E+03  0.9277E-01  0.1136E-01  0.4188E-01  0.5231E-01  0.1360E+00
0.9470E+03  0.9285E-01  0.1139E-01  0.4188E-01  0.5234E-01  0.1361E+00
0.9480E+03  0.9287E-01  0.1140E-01  0.4187E-01  0.5234E-01  0.1361E+00
0.9490E+03  0.9294E-01  0.1143E-01  0.4187E-01  0.5237E-01  0.1362E+00
0.9500E+03  0.9296E-01  0.1144E-01  0.4187E-01  0.5238E-01  0.1363E+00
0.9510E+03  0.9304E-01  0.1147E-01  0.4187E-01  0.5240E-01  0.1363E+00
0.9520E+03  0.9306E-01  0.1148E-01  0.4187E-01  0.5241E-01  0.1364E+00
0.9530E+03  0.9314E-01  0.1151E-01  0.4186E-01  0.5243E-01  0.1365E+00
0.9540E+03  0.9321E-01  0.1154E-01  0.4186E-01  0.5246E-01  0.1366E+00
0.9550E+03  0.9324E-01  0.1155E-01  0.4186E-01  0.5247E-01  0.1366E+00
0.9560E+03  0.9331E-01  0.1158E-01  0.4186E-01  0.5249E-01  0.1367E+00
0.9570E+03  0.9339E-01  0.1161E-01  0.4186E-01  0.5252E-01  0.1368E+00
0.9580E+03  0.9341E-01  0.1162E-01  0.4185E-01  0.5253E-01  0.1368E+00
0.9590E+03  0.9349E-01  0.1165E-01  0.4185E-01  0.5255E-01  0.1369E+00
0.9600E+03  0.9356E-01  0.1168E-01  0.4185E-01  0.5258E-01  0.1370E+00
0.9610E+03  0.9364E-01  0.1171E-01  0.4185E-01  0.5260E-01  0.1371E+00
0.9620E+03  0.9365E-01  0.1172E-01  0.4185E-01  0.5261E-01  0.1371E+00
0.9630E+03  0.9366E-01  0.1172E-01  0.4185E-01  0.5261E-01  0.1371E+00
0.9640E+03  0.9366E-01  0.1172E-01  0.4184E-01  0.5261E-01  0.1371E+00
0.9650E+03  0.9366E-01  0.1172E-01  0.4184E-01  0.5261E-01  0.1370E+00
0.9660E+03  0.9367E-01  0.1173E-01  0.4184E-01  0.5261E-01  0.1370E+00
0.9670E+03  0.9367E-01  0.1173E-01  0.4184E-01  0.5261E-01  0.1370E+00
0.9680E+03  0.9367E-01  0.1173E-01  0.4184E-01  0.5261E-01  0.1370E+00
0.9690E+03  0.9368E-01  0.1173E-01  0.4183E-01  0.5261E-01  0.1370E+00
0.9700E+03  0.9368E-01  0.1173E-01  0.4183E-01  0.5261E-01  0.1370E+00
0.9710E+03  0.9368E-01  0.1174E-01  0.4183E-01  0.5261E-01  0.1370E+00
0.9720E+03  0.9369E-01  0.1174E-01  0.4183E-01  0.5261E-01  0.1370E+00
0.9730E+03  0.9369E-01  0.1174E-01  0.4183E-01  0.5261E-01  0.1369E+00
0.9740E+03  0.9370E-01  0.1175E-01  0.4182E-01  0.5261E-01  0.1369E+00
0.9750E+03  0.9370E-01  0.1175E-01  0.4182E-01  0.5261E-01  0.1369E+00
0.9760E+03  0.9370E-01  0.1175E-01  0.4182E-01  0.5261E-01  0.1369E+00
0.9770E+03  0.9371E-01  0.1175E-01  0.4182E-01  0.5261E-01  0.1369E+00
0.9780E+03  0.9371E-01  0.1176E-01  0.4182E-01  0.5261E-01  0.1369E+00
0.9790E+03  0.9372E-01  0.1176E-01  0.4181E-01  0.5262E-01  0.1368E+00
0.9800E+03  0.9372E-01  0.1176E-01  0.4181E-01  0.5262E-01  0.1368E+00
0.9810E+03  0.9373E-01  0.1176E-01  0.4181E-01  0.5262E-01  0.1368E+00
0.9820E+03  0.9374E-01  0.1177E-01  0.4181E-01  0.5262E-01  0.1368E+00
0.9830E+03  0.9375E-01  0.1177E-01  0.4181E-01  0.5262E-01  0.1368E+00
0.9840E+03  0.9375E-01  0.1178E-01  0.4180E-01  0.5262E-01  0.1368E+00
0.9850E+03  0.9376E-01  0.1178E-01  0.4180E-01  0.5263E-01  0.1368E+00
0.9860E+03  0.9377E-01  0.1179E-01  0.4180E-01  0.5263E-01  0.1368E+00
0.9870E+03  0.9378E-01  0.1179E-01  0.4180E-01  0.5263E-01  0.1367E+00
0.9880E+03  0.9379E-01  0.1180E-01  0.4180E-01  0.5263E-01  0.1367E+00
0.9890E+03  0.9380E-01  0.1180E-01  0.4180E-01  0.5264E-01  0.1367E+00
0.9900E+03  0.9381E-01  0.1181E-01  0.4179E-01  0.5264E-01  0.1367E+00
0.9910E+03  0.9382E-01  0.1181E-01  0.4179E-01  0.5264E-01  0.1367E+00
0.9920E+03  0.9383E-01  0.1182E-01  0.4179E-01  0.5264E-01  0.1367E+00
0.9930E+03  0.9384E-01  0.1182E-01  0.4179E-01  0.5265E-01  0.1367E+00
0.9940E+03  0.9385E-01  0.1182E-01  0.4179E-01  0.5265E-01  0.1367E+00
0.9950E+03  0.9386E-01  0.1183E-01  0.4178E-01  0.5265E-01  0.1366E+00
0.9960E+03  0.9387E-01  0.1184E-01  0.4178E-01  0.5266E-01  0.1366E+00
0.9970E+03  0.9388E-01  0.1184E-01  0.4178E-01  0.5266E-01  0.1366E+00
0.9980E+03  0.9389E-01  0.1185E-01  0.4178E-01  0.5266E-01  0.1366E+00
0.9990E+03  0.9390E-01  0.1185E-01  0.4178E-01  0.5266E-01  0.1366E+00
0.1000E+04  0.9391E-01  0.1186E-01  0.4178E-01  0.5267E-01  0.1366E+00
