0.4000E+03  0.9088E+00  0.8237E+00  0.8164E+00
0.4010E+03  0.9083E+00  0.8210E+00  0.8136E+00
0.4020E+03  0.9069E+00  0.8190E+00  0.8112E+00
0.4030E+03  0.9065E+00  0.8162E+00  0.8083E+00
0.4040E+03  0.9064E+00  0.8132E+00  0.8053E+00
0.4050E+03  0.9064E+00  0.8099E+00  0.8020E+00
0.4060E+03  0.9065E+00  0.8066E+00  0.7988E+00
0.4070E+03  0.9065E+00  0.8035E+00  0.7957E+00
0.4080E+03  0.9064E+00  0.8005E+00  0.7927E+00
0.4090E+03  0.9064E+00  0.7976E+00  0.7898E+00
0.4100E+03  0.9063E+00  0.7947E+00  0.7869E+00
0.4110E+03  0.9063E+00  0.7917E+00  0.7839E+00
0.4120E+03  0.9063E+00  0.7888E+00  0.7810E+00
0.4130E+03  0.9063E+00  0.7860E+00  0.7783E+00
0.4140E+03  0.9063E+00  0.7832E+00  0.7755E+00
0.4150E+03  0.9063E+00  0.7804E+00  0.7727E+00
0.4160E+03  0.9063E+00  0.7778E+00  0.7701E+00
0.4170E+03  0.9063E+00  0.7751E+00  0.7675E+00
0.4180E+03  0.9063E+00  0.7726E+00  0.7649E+00
0.4190E+03  0.9063E+00  0.7699E+00  0.7623E+00
0.4200E+03  0.9063E+00  0.7675E+00  0.7599E+00
0.4210E+03  0.9063E+00  0.7650E+00  0.7574E+00
0.4220E+03  0.9063E+00  0.7626E+00  0.7550E+00
0.4230E+03  0.9063E+00  0.7603E+00  0.7527E+00
0.4240E+03  0.9063E+00  0.7580E+00  0.7504E+00
0.4250E+03  0.9063E+00  0.7558E+00  0.7482E+00
0.4260E+03  0.9063E+00  0.7536E+00  0.7461E+00
0.4270E+03  0.9062E+00  0.7514E+00  0.7439E+00
0.4280E+03  0.9062E+00  0.7494E+00  0.7419E+00
0.4290E+03  0.9062E+00  0.7473E+00  0.7398E+00
0.4300E+03  0.9062E+00  0.7453E+00  0.7379E+00
0.4310E+03  0.9062E+00  0.7434E+00  0.7360E+00
0.4320E+03  0.9062E+00  0.7415E+00  0.7341E+00
0.4330E+03  0.9062E+00  0.7398E+00  0.7324E+00
0.4340E+03  0.9062E+00  0.7380E+00  0.7306E+00
0.4350E+03  0.9062E+00  0.7364E+00  0.7290E+00
0.4360E+03  0.9062E+00  0.7348E+00  0.7274E+00
0.4370E+03  0.9062E+00  0.7332E+00  0.7259E+00
0.4380E+03  0.9062E+00  0.7318E+00  0.7244E+00
0.4390E+03  0.9062E+00  0.7303E+00  0.7230E+00
0.4400E+03  0.9062E+00  0.7290E+00  0.7216E+00
0.4410E+03  0.9062E+00  0.7277E+00  0.7204E+00
0.4420E+03  0.9062E+00  0.7265E+00  0.7191E+00
0.4430E+03  0.9062E+00  0.7253E+00  0.7180E+00
0.4440E+03  0.9062E+00  0.7242E+00  0.7168E+00
0.4450E+03  0.9062E+00  0.7231E+00  0.7158E+00
0.4460E+03  0.9062E+00  0.7221E+00  0.7148E+00
0.4470E+03  0.9062E+00  0.7212E+00  0.7138E+00
0.4480E+03  0.9062E+00  0.7203E+00  0.7130E+00
0.4490E+03  0.9062E+00  0.7194E+00  0.7121E+00
0.4500E+03  0.9062E+00  0.7186E+00  0.7113E+00
0.4510E+03  0.9062E+00  0.7178E+00  0.7105E+00
0.4520E+03  0.9062E+00  0.7172E+00  0.7099E+00
0.4530E+03  0.9062E+00  0.7165E+00  0.7092E+00
0.4540E+03  0.9062E+00  0.7159E+00  0.7086E+00
0.4550E+03  0.9062E+00  0.7153E+00  0.7080E+00
0.4560E+03  0.9061E+00  0.7148E+00  0.7075E+00
0.4570E+03  0.9061E+00  0.7143E+00  0.7070E+00
0.4580E+03  0.9061E+00  0.7139E+00  0.7066E+00
0.4590E+03  0.9061E+00  0.7136E+00  0.7063E+00
0.4600E+03  0.9061E+00  0.7132E+00  0.7059E+00
0.4610E+03  0.9061E+00  0.7129E+00  0.7056E+00
0.4620E+03  0.9061E+00  0.7126E+00  0.7053E+00
0.4630E+03  0.9061E+00  0.7124E+00  0.7051E+00
0.4640E+03  0.9061E+00  0.7122E+00  0.7049E+00
0.4650E+03  0.9061E+00  0.7120E+00  0.7047E+00
0.4660E+03  0.9061E+00  0.7119E+00  0.7046E+00
0.4670E+03  0.9061E+00  0.7119E+00  0.7045E+00
0.4680E+03  0.9061E+00  0.7118E+00  0.7044E+00
0.4690E+03  0.9061E+00  0.7118E+00  0.7044E+00
0.4700E+03  0.9061E+00  0.7118E+00  0.7044E+00
0.4710E+03  0.9061E+00  0.7119E+00  0.7045E+00
0.4720E+03  0.9061E+00  0.7120E+00  0.7046E+00
0.4730E+03  0.9061E+00  0.7121E+00  0.7047E+00
0.4740E+03  0.9061E+00  0.7122E+00  0.7048E+00
0.4750E+03  0.9061E+00  0.7124E+00  0.7050E+00
0.4760E+03  0.9061E+00  0.7126E+00  0.7052E+00
0.4770E+03  0.9061E+00  0.7129E+00  0.7055E+00
0.4780E+03  0.9061E+00  0.7131E+00  0.7057E+00
0.4790E+03  0.9061E+00  0.7134E+00  0.7060E+00
0.4800E+03  0.9061E+00  0.7137E+00  0.7064E+00
0.4810E+03  0.9061E+00  0.7141E+00  0.7067E+00
0.4820E+03  0.9061E+00  0.7145E+00  0.7071E+00
0.4830E+03  0.9061E+00  0.7149E+00  0.7075E+00
0.4840E+03  0.9061E+00  0.7154E+00  0.7079E+00
0.4850E+03  0.9061E+00  0.7158E+00  0.7084E+00
0.4860E+03  0.9061E+00  0.7162E+00  0.7088E+00
0.4870E+03  0.9061E+00  0.7168E+00  0.7093E+00
0.4880E+03  0.9061E+00  0.7172E+00  0.7098E+00
0.4890E+03  0.9061E+00  0.7178E+00  0.7103E+00
0.4900E+03  0.9061E+00  0.7184E+00  0.7109E+00
0.4910E+03  0.9061E+00  0.7190E+00  0.7115E+00
0.4920E+03  0.9061E+00  0.7196E+00  0.7121E+00
0.4930E+03  0.9061E+00  0.7202E+00  0.7127E+00
0.4940E+03  0.9061E+00  0.7209E+00  0.7134E+00
0.4950E+03  0.9061E+00  0.7215E+00  0.7140E+00
0.4960E+03  0.9061E+00  0.7222E+00  0.7147E+00
0.4970E+03  0.9062E+00  0.7229E+00  0.7154E+00
0.4980E+03  0.9062E+00  0.7236E+00  0.7161E+00
0.4990E+03  0.9062E+00  0.7244E+00  0.7168E+00
0.5000E+03  0.9062E+00  0.7251E+00  0.7175E+00
0.5010E+03  0.9062E+00  0.7259E+00  0.7183E+00
0.5020E+03  0.9062E+00  0.7267E+00  0.7191E+00
0.5030E+03  0.9062E+00  0.7275E+00  0.7199E+00
0.5040E+03  0.9062E+00  0.7283E+00  0.7207E+00
0.5050E+03  0.9062E+00  0.7291E+00  0.7215E+00
0.5060E+03  0.9062E+00  0.7299E+00  0.7223E+00
0.5070E+03  0.9062E+00  0.7308E+00  0.7231E+00
0.5080E+03  0.9062E+00  0.7316E+00  0.7240E+00
0.5090E+03  0.9062E+00  0.7325E+00  0.7248E+00
0.5100E+03  0.9062E+00  0.7334E+00  0.7257E+00
0.5110E+03  0.9062E+00  0.7343E+00  0.7266E+00
0.5120E+03  0.9062E+00  0.7352E+00  0.7275E+00
0.5130E+03  0.9062E+00  0.7361E+00  0.7284E+00
0.5140E+03  0.9062E+00  0.7370E+00  0.7292E+00
0.5150E+03  0.9062E+00  0.7379E+00  0.7302E+00
0.5160E+03  0.9062E+00  0.7388E+00  0.7311E+00
0.5170E+03  0.9062E+00  0.7398E+00  0.7321E+00
0.5180E+03  0.9062E+00  0.7407E+00  0.7330E+00
0.5190E+03  0.9062E+00  0.7417E+00  0.7339E+00
0.5200E+03  0.9062E+00  0.7426E+00  0.7349E+00
0.5210E+03  0.9062E+00  0.7436E+00  0.7358E+00
0.5220E+03  0.9062E+00  0.7446E+00  0.7368E+00
0.5230E+03  0.9062E+00  0.7455E+00  0.7377E+00
0.5240E+03  0.9062E+00  0.7466E+00  0.7387E+00
0.5250E+03  0.9062E+00  0.7475E+00  0.7397E+00
0.5260E+03  0.9062E+00  0.7485E+00  0.7406E+00
0.5270E+03  0.9062E+00  0.7495E+00  0.7417E+00
0.5280E+03  0.9062E+00  0.7505E+00  0.7426E+00
0.5290E+03  0.9062E+00  0.7515E+00  0.7436E+00
0.5300E+03  0.9062E+00  0.7525E+00  0.7446E+00
0.5310E+03  0.9062E+00  0.7535E+00  0.7456E+00
0.5320E+03  0.9062E+00  0.7545E+00  0.7466E+00
0.5330E+03  0.9062E+00  0.7555E+00  0.7475E+00
0.5340E+03  0.9062E+00  0.7565E+00  0.7486E+00
0.5350E+03  0.9062E+00  0.7575E+00  0.7496E+00
0.5360E+03  0.9062E+00  0.7586E+00  0.7506E+00
0.5370E+03  0.9062E+00  0.7596E+00  0.7516E+00
0.5380E+03  0.9062E+00  0.7606E+00  0.7526E+00
0.5390E+03  0.9062E+00  0.7616E+00  0.7536E+00
0.5400E+03  0.9062E+00  0.7626E+00  0.7546E+00
0.5410E+03  0.9062E+00  0.7636E+00  0.7556E+00
0.5420E+03  0.9062E+00  0.7646E+00  0.7566E+00
0.5430E+03  0.9062E+00  0.7656E+00  0.7576E+00
0.5440E+03  0.9062E+00  0.7665E+00  0.7585E+00
0.5450E+03  0.9063E+00  0.7675E+00  0.7595E+00
0.5460E+03  0.9063E+00  0.7686E+00  0.7605E+00
0.5470E+03  0.9063E+00  0.7696E+00  0.7615E+00
0.5480E+03  0.9063E+00  0.7705E+00  0.7624E+00
0.5490E+03  0.9063E+00  0.7716E+00  0.7634E+00
0.5500E+03  0.9063E+00  0.7725E+00  0.7644E+00
0.5510E+03  0.9063E+00  0.7735E+00  0.7653E+00
0.5520E+03  0.9063E+00  0.7744E+00  0.7663E+00
0.5530E+03  0.9063E+00  0.7754E+00  0.7672E+00
0.5540E+03  0.9063E+00  0.7764E+00  0.7682E+00
0.5550E+03  0.9063E+00  0.7774E+00  0.7692E+00
0.5560E+03  0.9063E+00  0.7783E+00  0.7701E+00
0.5570E+03  0.9063E+00  0.7792E+00  0.7710E+00
0.5580E+03  0.9063E+00  0.7802E+00  0.7719E+00
0.5590E+03  0.9063E+00  0.7811E+00  0.7729E+00
0.5600E+03  0.9063E+00  0.7820E+00  0.7738E+00
0.5610E+03  0.9063E+00  0.7829E+00  0.7746E+00
0.5620E+03  0.9063E+00  0.7838E+00  0.7755E+00
0.5630E+03  0.9063E+00  0.7847E+00  0.7764E+00
0.5640E+03  0.9063E+00  0.7856E+00  0.7773E+00
0.5650E+03  0.9063E+00  0.7864E+00  0.7781E+00
0.5660E+03  0.9063E+00  0.7873E+00  0.7790E+00
0.5670E+03  0.9063E+00  0.7882E+00  0.7799E+00
0.5680E+03  0.9063E+00  0.7891E+00  0.7807E+00
0.5690E+03  0.9063E+00  0.7899E+00  0.7815E+00
0.5700E+03  0.9063E+00  0.7908E+00  0.7824E+00
0.5710E+03  0.9063E+00  0.7916E+00  0.7832E+00
0.5720E+03  0.9063E+00  0.7925E+00  0.7841E+00
0.5730E+03  0.9063E+00  0.7932E+00  0.7848E+00
0.5740E+03  0.9063E+00  0.7940E+00  0.7856E+00
0.5750E+03  0.9063E+00  0.7948E+00  0.7864E+00
0.5760E+03  0.9063E+00  0.7956E+00  0.7871E+00
0.5770E+03  0.9063E+00  0.7964E+00  0.7880E+00
0.5780E+03  0.9063E+00  0.7972E+00  0.7887E+00
0.5790E+03  0.9063E+00  0.7979E+00  0.7894E+00
0.5800E+03  0.9063E+00  0.7986E+00  0.7902E+00
0.5810E+03  0.9063E+00  0.7994E+00  0.7909E+00
0.5820E+03  0.9063E+00  0.8001E+00  0.7916E+00
0.5830E+03  0.9063E+00  0.8008E+00  0.7923E+00
0.5840E+03  0.9063E+00  0.8015E+00  0.7930E+00
0.5850E+03  0.9063E+00  0.8023E+00  0.7937E+00
0.5860E+03  0.9063E+00  0.8030E+00  0.7944E+00
0.5870E+03  0.9063E+00  0.8036E+00  0.7951E+00
0.5880E+03  0.9063E+00  0.8043E+00  0.7958E+00
0.5890E+03  0.9063E+00  0.8050E+00  0.7964E+00
0.5900E+03  0.9063E+00  0.8056E+00  0.7970E+00
0.5910E+03  0.9063E+00  0.8063E+00  0.7977E+00
0.5920E+03  0.9063E+00  0.8069E+00  0.7983E+00
0.5930E+03  0.9063E+00  0.8076E+00  0.7990E+00
0.5940E+03  0.9063E+00  0.8082E+00  0.7996E+00
0.5950E+03  0.9063E+00  0.8088E+00  0.8002E+00
0.5960E+03  0.9063E+00  0.8095E+00  0.8009E+00
0.5970E+03  0.9063E+00  0.8101E+00  0.8014E+00
0.5980E+03  0.9063E+00  0.8106E+00  0.8019E+00
0.5990E+03  0.9063E+00  0.8112E+00  0.8025E+00
0.6000E+03  0.9063E+00  0.8118E+00  0.8031E+00
0.6010E+03  0.9063E+00  0.8123E+00  0.8036E+00
0.6020E+03  0.9063E+00  0.8129E+00  0.8042E+00
0.6030E+03  0.9063E+00  0.8134E+00  0.8047E+00
0.6040E+03  0.9063E+00  0.8139E+00  0.8052E+00
0.6050E+03  0.9063E+00  0.8144E+00  0.8057E+00
0.6060E+03  0.9063E+00  0.8149E+00  0.8062E+00
0.6070E+03  0.9063E+00  0.8154E+00  0.8067E+00
0.6080E+03  0.9063E+00  0.8159E+00  0.8072E+00
0.6090E+03  0.9063E+00  0.8164E+00  0.8077E+00
0.6100E+03  0.9063E+00  0.8169E+00  0.8081E+00
0.6110E+03  0.9063E+00  0.8173E+00  0.8086E+00
0.6120E+03  0.9063E+00  0.8178E+00  0.8090E+00
0.6130E+03  0.9063E+00  0.8182E+00  0.8094E+00
0.6140E+03  0.9063E+00  0.8187E+00  0.8099E+00
0.6150E+03  0.9063E+00  0.8191E+00  0.8103E+00
0.6160E+03  0.9063E+00  0.8195E+00  0.8107E+00
0.6170E+03  0.9063E+00  0.8199E+00  0.8111E+00
0.6180E+03  0.9063E+00  0.8203E+00  0.8115E+00
0.6190E+03  0.9063E+00  0.8207E+00  0.8119E+00
0.6200E+03  0.9063E+00  0.8210E+00  0.8122E+00
0.6210E+03  0.9063E+00  0.8214E+00  0.8126E+00
0.6220E+03  0.9063E+00  0.8217E+00  0.8129E+00
0.6230E+03  0.9063E+00  0.8221E+00  0.8132E+00
0.6240E+03  0.9063E+00  0.8224E+00  0.8136E+00
0.6250E+03  0.9063E+00  0.8227E+00  0.8139E+00
0.6260E+03  0.9063E+00  0.8230E+00  0.8142E+00
0.6270E+03  0.9063E+00  0.8234E+00  0.8145E+00
0.6280E+03  0.9063E+00  0.8237E+00  0.8148E+00
0.6290E+03  0.9063E+00  0.8240E+00  0.8151E+00
0.6300E+03  0.9063E+00  0.8242E+00  0.8154E+00
0.6310E+03  0.9063E+00  0.8244E+00  0.8156E+00
0.6320E+03  0.9063E+00  0.8247E+00  0.8159E+00
0.6330E+03  0.9063E+00  0.8249E+00  0.8161E+00
0.6340E+03  0.9063E+00  0.8252E+00  0.8164E+00
0.6350E+03  0.9063E+00  0.8254E+00  0.8166E+00
0.6360E+03  0.9054E+00  0.8240E+00  0.8149E+00
0.6370E+03  0.9046E+00  0.8226E+00  0.8132E+00
0.6380E+03  0.9039E+00  0.8212E+00  0.8116E+00
0.6390E+03  0.9031E+00  0.8199E+00  0.8101E+00
0.6400E+03  0.9024E+00  0.8186E+00  0.8086E+00
0.6410E+03  0.9016E+00  0.8173E+00  0.8071E+00
0.6420E+03  0.9012E+00  0.8166E+00  0.8063E+00
0.6430E+03  0.9005E+00  0.8154E+00  0.8048E+00
0.6440E+03  0.8998E+00  0.8141E+00  0.8034E+00
0.6450E+03  0.8991E+00  0.8129E+00  0.8019E+00
0.6460E+03  0.8987E+00  0.8122E+00  0.8011E+00
0.6470E+03  0.8980E+00  0.8110E+00  0.7997E+00
0.6480E+03  0.8975E+00  0.8102E+00  0.7988E+00
0.6490E+03  0.8969E+00  0.8090E+00  0.7974E+00
0.6500E+03  0.8964E+00  0.8083E+00  0.7965E+00
0.6510E+03  0.8960E+00  0.8075E+00  0.7956E+00
0.6520E+03  0.8956E+00  0.8068E+00  0.7947E+00
0.6530E+03  0.8951E+00  0.8060E+00  0.7938E+00
0.6540E+03  0.8947E+00  0.8053E+00  0.7929E+00
0.6550E+03  0.8942E+00  0.8045E+00  0.7920E+00
0.6560E+03  0.8938E+00  0.8037E+00  0.7911E+00
0.6570E+03  0.8933E+00  0.8029E+00  0.7902E+00
0.6580E+03  0.8929E+00  0.8022E+00  0.7893E+00
0.6590E+03  0.8924E+00  0.8014E+00  0.7884E+00
0.6600E+03  0.8920E+00  0.8006E+00  0.7874E+00
0.6610E+03  0.8915E+00  0.7998E+00  0.7864E+00
0.6620E+03  0.8910E+00  0.7989E+00  0.7854E+00
0.6630E+03  0.8907E+00  0.7984E+00  0.7849E+00
0.6640E+03  0.8904E+00  0.7977E+00  0.7841E+00
0.6650E+03  0.9216E+00  0.8526E+00  0.8476E+00
0.6660E+03  0.9217E+00  0.8525E+00  0.8476E+00
0.6670E+03  0.9216E+00  0.8523E+00  0.8474E+00
0.6680E+03  0.9213E+00  0.8518E+00  0.8468E+00
0.6690E+03  0.9213E+00  0.8517E+00  0.8467E+00
0.6700E+03  0.9210E+00  0.8513E+00  0.8462E+00
0.6710E+03  0.9208E+00  0.8509E+00  0.8457E+00
0.6720E+03  0.9206E+00  0.8504E+00  0.8452E+00
0.6730E+03  0.9203E+00  0.8500E+00  0.8448E+00
0.6740E+03  0.9201E+00  0.8496E+00  0.8443E+00
0.6750E+03  0.9199E+00  0.8492E+00  0.8438E+00
0.6760E+03  0.9195E+00  0.8485E+00  0.8430E+00
0.6770E+03  0.9193E+00  0.8481E+00  0.8425E+00
0.6780E+03  0.9190E+00  0.8477E+00  0.8421E+00
0.6790E+03  0.9188E+00  0.8473E+00  0.8416E+00
0.6800E+03  0.9186E+00  0.8469E+00  0.8412E+00
0.6810E+03  0.9182E+00  0.8461E+00  0.8403E+00
0.6820E+03  0.9180E+00  0.8458E+00  0.8399E+00
0.6830E+03  0.9178E+00  0.8454E+00  0.8395E+00
0.6840E+03  0.9175E+00  0.8450E+00  0.8390E+00
0.6850E+03  0.9171E+00  0.8443E+00  0.8382E+00
0.6860E+03  0.9169E+00  0.8439E+00  0.8378E+00
0.6870E+03  0.9167E+00  0.8435E+00  0.8373E+00
0.6880E+03  0.9163E+00  0.8428E+00  0.8365E+00
0.6890E+03  0.9159E+00  0.8421E+00  0.8357E+00
0.6900E+03  0.9157E+00  0.8418E+00  0.8353E+00
0.6910E+03  0.9155E+00  0.8414E+00  0.8349E+00
0.6920E+03  0.9151E+00  0.8407E+00  0.8341E+00
0.6930E+03  0.9149E+00  0.8404E+00  0.8337E+00
0.6940E+03  0.9145E+00  0.8397E+00  0.8329E+00
0.6950E+03  0.9141E+00  0.8390E+00  0.8322E+00
0.6960E+03  0.9140E+00  0.8387E+00  0.8318E+00
0.6970E+03  0.9136E+00  0.8380E+00  0.8310E+00
0.6980E+03  0.9134E+00  0.8377E+00  0.8307E+00
0.6990E+03  0.9132E+00  0.8374E+00  0.8303E+00
0.7000E+03  0.9128E+00  0.8367E+00  0.8295E+00
0.7010E+03  0.9127E+00  0.8364E+00  0.8292E+00
0.7020E+03  0.9125E+00  0.8361E+00  0.8288E+00
0.7030E+03  0.9123E+00  0.8358E+00  0.8285E+00
0.7040E+03  0.9122E+00  0.8355E+00  0.8281E+00
0.7050E+03  0.9120E+00  0.8352E+00  0.8278E+00
0.7060E+03  0.9116E+00  0.8346E+00  0.8271E+00
0.7070E+03  0.9115E+00  0.8343E+00  0.8267E+00
0.7080E+03  0.9111E+00  0.8337E+00  0.8260E+00
0.7090E+03  0.9109E+00  0.8334E+00  0.8257E+00
0.7100E+03  0.9108E+00  0.8331E+00  0.8254E+00
0.7110E+03  0.9106E+00  0.8329E+00  0.8250E+00
0.7120E+03  0.9105E+00  0.8326E+00  0.8247E+00
0.7130E+03  0.9103E+00  0.8323E+00  0.8244E+00
0.7140E+03  0.9099E+00  0.8317E+00  0.8237E+00
0.7150E+03  0.9098E+00  0.8314E+00  0.8234E+00
0.7160E+03  0.9096E+00  0.8312E+00  0.8231E+00
0.7170E+03  0.9095E+00  0.8309E+00  0.8228E+00
0.7180E+03  0.9093E+00  0.8306E+00  0.8225E+00
0.7190E+03  0.9092E+00  0.8304E+00  0.8222E+00
0.7200E+03  0.9090E+00  0.8301E+00  0.8219E+00
0.7210E+03  0.9089E+00  0.8299E+00  0.8216E+00
0.7220E+03  0.9087E+00  0.8296E+00  0.8213E+00
0.7230E+03  0.9086E+00  0.8293E+00  0.8210E+00
0.7240E+03  0.9084E+00  0.8291E+00  0.8207E+00
0.7250E+03  0.9083E+00  0.8288E+00  0.8204E+00
0.7260E+03  0.9081E+00  0.8286E+00  0.8201E+00
0.7270E+03  0.9080E+00  0.8283E+00  0.8198E+00
0.7280E+03  0.9078E+00  0.8281E+00  0.8195E+00
0.7290E+03  0.9077E+00  0.8278E+00  0.8192E+00
0.7300E+03  0.9074E+00  0.8273E+00  0.8186E+00
0.7310E+03  0.9072E+00  0.8270E+00  0.8183E+00
0.7320E+03  0.9071E+00  0.8268E+00  0.8180E+00
0.7330E+03  0.9069E+00  0.8266E+00  0.8177E+00
0.7340E+03  0.9066E+00  0.8260E+00  0.8171E+00
0.7350E+03  0.9066E+00  0.8261E+00  0.8171E+00
0.7360E+03  0.9065E+00  0.8258E+00  0.8168E+00
0.7370E+03  0.9064E+00  0.8256E+00  0.8166E+00
0.7380E+03  0.9063E+00  0.8255E+00  0.8164E+00
0.7390E+03  0.9063E+00  0.8254E+00  0.8163E+00
0.7400E+03  0.9063E+00  0.8254E+00  0.8163E+00
0.7410E+03  0.9063E+00  0.8253E+00  0.8162E+00
0.7420E+03  0.9063E+00  0.8253E+00  0.8162E+00
0.7430E+03  0.9063E+00  0.8252E+00  0.8161E+00
0.7440E+03  0.9063E+00  0.8251E+00  0.8160E+00
0.7450E+03  0.9063E+00  0.8251E+00  0.8160E+00
0.7460E+03  0.9063E+00  0.8250E+00  0.8159E+00
0.7470E+03  0.9063E+00  0.8250E+00  0.8159E+00
0.7480E+03  0.9063E+00  0.8249E+00  0.8158E+00
0.7490E+03  0.9063E+00  0.8249E+00  0.8158E+00
0.7500E+03  0.9063E+00  0.8248E+00  0.8158E+00
0.7510E+03  0.9063E+00  0.8247E+00  0.8157E+00
0.7520E+03  0.9063E+00  0.8247E+00  0.8157E+00
0.7530E+03  0.9063E+00  0.8246E+00  0.8155E+00
0.7540E+03  0.9063E+00  0.8246E+00  0.8155E+00
0.7550E+03  0.9063E+00  0.8246E+00  0.8155E+00
0.7560E+03  0.9063E+00  0.8246E+00  0.8155E+00
0.7570E+03  0.9063E+00  0.8245E+00  0.8155E+00
0.7580E+03  0.9063E+00  0.8244E+00  0.8154E+00
0.7590E+03  0.9063E+00  0.8244E+00  0.8153E+00
0.7600E+03  0.9063E+00  0.8244E+00  0.8153E+00
0.7610E+03  0.9063E+00  0.8243E+00  0.8153E+00
0.7620E+03  0.9063E+00  0.8243E+00  0.8153E+00
0.7630E+03  0.9063E+00  0.8243E+00  0.8152E+00
0.7640E+03  0.9063E+00  0.8243E+00  0.8152E+00
0.7650E+03  0.9063E+00  0.8241E+00  0.8151E+00
0.7660E+03  0.9063E+00  0.8241E+00  0.8150E+00
0.7670E+03  0.9063E+00  0.8240E+00  0.8150E+00
0.7680E+03  0.9063E+00  0.8240E+00  0.8149E+00
0.7690E+03  0.9063E+00  0.8241E+00  0.8150E+00
0.7700E+03  0.9063E+00  0.8240E+00  0.8150E+00
0.7710E+03  0.9063E+00  0.8241E+00  0.8150E+00
0.7720E+03  0.9063E+00  0.8241E+00  0.8150E+00
0.7730E+03  0.9063E+00  0.8240E+00  0.8150E+00
0.7740E+03  0.9063E+00  0.8239E+00  0.8148E+00
0.7750E+03  0.9063E+00  0.8238E+00  0.8147E+00
0.7760E+03  0.9063E+00  0.8239E+00  0.8148E+00
0.7770E+03  0.9063E+00  0.8238E+00  0.8148E+00
0.7780E+03  0.9063E+00  0.8239E+00  0.8148E+00
0.7790E+03  0.9063E+00  0.8238E+00  0.8148E+00
0.7800E+03  0.9063E+00  0.8238E+00  0.8147E+00
0.7810E+03  0.9063E+00  0.8237E+00  0.8146E+00
0.7820E+03  0.9063E+00  0.8236E+00  0.8145E+00
0.7830E+03  0.9063E+00  0.8235E+00  0.8144E+00
0.7840E+03  0.9063E+00  0.8234E+00  0.8144E+00
0.7850E+03  0.9063E+00  0.8234E+00  0.8143E+00
0.7860E+03  0.9063E+00  0.8234E+00  0.8143E+00
0.7870E+03  0.9063E+00  0.8233E+00  0.8143E+00
0.7880E+03  0.9063E+00  0.8234E+00  0.8143E+00
0.7890E+03  0.9063E+00  0.8233E+00  0.8142E+00
0.7900E+03  0.9063E+00  0.8234E+00  0.8143E+00
0.7910E+03  0.9063E+00  0.8234E+00  0.8143E+00
0.7920E+03  0.9063E+00  0.8235E+00  0.8145E+00
0.7930E+03  0.9063E+00  0.8235E+00  0.8144E+00
0.7940E+03  0.9063E+00  0.8235E+00  0.8144E+00
0.7950E+03  0.9063E+00  0.8235E+00  0.8144E+00
0.7960E+03  0.9063E+00  0.8236E+00  0.8145E+00
0.7970E+03  0.9063E+00  0.8236E+00  0.8145E+00
0.7980E+03  0.9063E+00  0.8235E+00  0.8144E+00
0.7990E+03  0.9063E+00  0.8235E+00  0.8144E+00
0.8000E+03  0.9063E+00  0.8236E+00  0.8145E+00
0.8010E+03  0.9063E+00  0.8236E+00  0.8145E+00
0.8020E+03  0.9063E+00  0.8236E+00  0.8145E+00
0.8030E+03  0.9063E+00  0.8235E+00  0.8144E+00
0.8040E+03  0.9063E+00  0.8233E+00  0.8142E+00
0.8050E+03  0.9063E+00  0.8233E+00  0.8142E+00
0.8060E+03  0.9063E+00  0.8233E+00  0.8142E+00
0.8070E+03  0.9063E+00  0.8233E+00  0.8142E+00
0.8080E+03  0.9063E+00  0.8234E+00  0.8143E+00
0.8090E+03  0.9063E+00  0.8233E+00  0.8142E+00
0.8100E+03  0.9063E+00  0.8233E+00  0.8142E+00
0.8110E+03  0.9063E+00  0.8234E+00  0.8143E+00
0.8120E+03  0.9063E+00  0.8234E+00  0.8143E+00
0.8130E+03  0.9063E+00  0.8234E+00  0.8143E+00
0.8140E+03  0.9063E+00  0.8235E+00  0.8144E+00
0.8150E+03  0.9063E+00  0.8236E+00  0.8145E+00
0.8160E+03  0.9063E+00  0.8236E+00  0.8145E+00
0.8170E+03  0.9063E+00  0.8237E+00  0.8146E+00
0.8180E+03  0.9063E+00  0.8237E+00  0.8146E+00
0.8190E+03  0.9063E+00  0.8239E+00  0.8147E+00
0.8200E+03  0.9063E+00  0.8240E+00  0.8148E+00
0.8210E+03  0.9063E+00  0.8240E+00  0.8148E+00
0.8220E+03  0.9063E+00  0.8241E+00  0.8149E+00
0.8230E+03  0.9063E+00  0.8242E+00  0.8150E+00
0.8240E+03  0.9063E+00  0.8243E+00  0.8151E+00
0.8250E+03  0.9063E+00  0.8243E+00  0.8151E+00
0.8260E+03  0.9063E+00  0.8245E+00  0.8153E+00
0.8270E+03  0.9063E+00  0.8246E+00  0.8154E+00
0.8280E+03  0.9063E+00  0.8247E+00  0.8155E+00
0.8290E+03  0.9063E+00  0.8248E+00  0.8156E+00
0.8300E+03  0.9063E+00  0.8248E+00  0.8157E+00
0.8310E+03  0.9063E+00  0.8248E+00  0.8157E+00
0.8320E+03  0.9063E+00  0.8248E+00  0.8157E+00
0.8330E+03  0.9063E+00  0.8249E+00  0.8157E+00
0.8340E+03  0.9063E+00  0.8250E+00  0.8158E+00
0.8350E+03  0.9063E+00  0.8251E+00  0.8159E+00
0.8360E+03  0.9063E+00  0.8252E+00  0.8160E+00
0.8370E+03  0.9063E+00  0.8252E+00  0.8161E+00
0.8380E+03  0.9063E+00  0.8252E+00  0.8160E+00
0.8390E+03  0.9063E+00  0.8253E+00  0.8161E+00
0.8400E+03  0.9063E+00  0.8254E+00  0.8162E+00
0.8410E+03  0.9063E+00  0.8254E+00  0.8163E+00
0.8420E+03  0.9063E+00  0.8255E+00  0.8164E+00
0.8430E+03  0.9064E+00  0.8257E+00  0.8166E+00
0.8440E+03  0.9066E+00  0.8259E+00  0.8168E+00
0.8450E+03  0.9066E+00  0.8260E+00  0.8169E+00
0.8460E+03  0.9066E+00  0.8260E+00  0.8170E+00
0.8470E+03  0.9067E+00  0.8261E+00  0.8171E+00
0.8480E+03  0.9068E+00  0.8263E+00  0.8173E+00
0.8490E+03  0.9068E+00  0.8264E+00  0.8173E+00
0.8500E+03  0.9069E+00  0.8264E+00  0.8174E+00
0.8510E+03  0.9070E+00  0.8266E+00  0.8176E+00
0.8520E+03  0.9070E+00  0.8265E+00  0.8175E+00
0.8530E+03  0.9069E+00  0.8265E+00  0.8175E+00
0.8540E+03  0.9070E+00  0.8265E+00  0.8175E+00
0.8550E+03  0.9071E+00  0.8267E+00  0.8177E+00
0.8560E+03  0.9070E+00  0.8267E+00  0.8177E+00
0.8570E+03  0.9071E+00  0.8267E+00  0.8177E+00
0.8580E+03  0.9071E+00  0.8268E+00  0.8178E+00
0.8590E+03  0.9071E+00  0.8267E+00  0.8177E+00
0.8600E+03  0.9071E+00  0.8267E+00  0.8178E+00
0.8610E+03  0.9071E+00  0.8268E+00  0.8178E+00
0.8620E+03  0.9071E+00  0.8267E+00  0.8177E+00
0.8630E+03  0.9070E+00  0.8267E+00  0.8177E+00
0.8640E+03  0.9071E+00  0.8267E+00  0.8177E+00
0.8650E+03  0.9071E+00  0.8268E+00  0.8179E+00
0.8660E+03  0.9072E+00  0.8269E+00  0.8179E+00
0.8670E+03  0.9073E+00  0.8270E+00  0.8181E+00
0.8680E+03  0.9073E+00  0.8270E+00  0.8181E+00
0.8690E+03  0.9073E+00  0.8271E+00  0.8182E+00
0.8700E+03  0.9073E+00  0.8271E+00  0.8182E+00
0.8710E+03  0.9074E+00  0.8272E+00  0.8184E+00
0.8720E+03  0.9074E+00  0.8273E+00  0.8184E+00
0.8730E+03  0.9075E+00  0.8273E+00  0.8184E+00
0.8740E+03  0.9075E+00  0.8273E+00  0.8185E+00
0.8750E+03  0.9075E+00  0.8274E+00  0.8185E+00
0.8760E+03  0.9076E+00  0.8275E+00  0.8186E+00
0.8770E+03  0.9076E+00  0.8275E+00  0.8187E+00
0.8780E+03  0.9076E+00  0.8275E+00  0.8187E+00
0.8790E+03  0.9076E+00  0.8275E+00  0.8187E+00
0.8800E+03  0.9076E+00  0.8276E+00  0.8187E+00
0.8810E+03  0.9076E+00  0.8276E+00  0.8187E+00
0.8820E+03  0.9077E+00  0.8277E+00  0.8189E+00
0.8830E+03  0.9077E+00  0.8277E+00  0.8189E+00
0.8840E+03  0.9077E+00  0.8277E+00  0.8189E+00
0.8850E+03  0.9077E+00  0.8277E+00  0.8189E+00
0.8860E+03  0.9077E+00  0.8277E+00  0.8189E+00
0.8870E+03  0.9078E+00  0.8278E+00  0.8190E+00
0.8880E+03  0.9078E+00  0.8279E+00  0.8191E+00
0.8890E+03  0.9078E+00  0.8279E+00  0.8191E+00
0.8900E+03  0.9078E+00  0.8279E+00  0.8191E+00
0.8910E+03  0.9078E+00  0.8279E+00  0.8191E+00
0.8920E+03  0.9078E+00  0.8279E+00  0.8191E+00
0.8930E+03  0.9078E+00  0.8279E+00  0.8191E+00
0.8940E+03  0.9079E+00  0.8279E+00  0.8191E+00
0.8950E+03  0.9079E+00  0.8279E+00  0.8191E+00
0.8960E+03  0.9079E+00  0.8280E+00  0.8192E+00
0.8970E+03  0.9079E+00  0.8280E+00  0.8192E+00
0.8980E+03  0.9079E+00  0.8280E+00  0.8192E+00
0.8990E+03  0.9079E+00  0.8280E+00  0.8192E+00
0.9000E+03  0.9079E+00  0.8280E+00  0.8192E+00
0.9010E+03  0.9080E+00  0.8281E+00  0.8193E+00
0.9020E+03  0.9080E+00  0.8281E+00  0.8193E+00
0.9030E+03  0.9080E+00  0.8281E+00  0.8193E+00
0.9040E+03  0.9080E+00  0.8281E+00  0.8193E+00
0.9050E+03  0.9080E+00  0.8281E+00  0.8193E+00
0.9060E+03  0.9080E+00  0.8281E+00  0.8194E+00
0.9070E+03  0.9080E+00  0.8281E+00  0.8194E+00
0.9080E+03  0.9080E+00  0.8281E+00  0.8194E+00
0.9090E+03  0.9080E+00  0.8281E+00  0.8194E+00
0.9100E+03  0.9080E+00  0.8281E+00  0.8193E+00
0.9110E+03  0.9080E+00  0.8281E+00  0.8193E+00
0.9120E+03  0.9080E+00  0.8282E+00  0.8194E+00
0.9130E+03  0.9080E+00  0.8282E+00  0.8194E+00
0.9140E+03  0.9080E+00  0.8281E+00  0.8194E+00
0.9150E+03  0.9080E+00  0.8281E+00  0.8194E+00
0.9160E+03  0.9080E+00  0.8281E+00  0.8194E+00
0.9170E+03  0.9080E+00  0.8281E+00  0.8193E+00
0.9180E+03  0.9080E+00  0.8281E+00  0.8193E+00
0.9190E+03  0.9080E+00  0.8281E+00  0.8193E+00
0.9200E+03  0.9079E+00  0.8281E+00  0.8193E+00
0.9210E+03  0.9079E+00  0.8280E+00  0.8193E+00
0.9220E+03  0.9079E+00  0.8280E+00  0.8192E+00
0.9230E+03  0.9079E+00  0.8280E+00  0.8192E+00
0.9240E+03  0.9079E+00  0.8280E+00  0.8192E+00
0.9250E+03  0.9079E+00  0.8280E+00  0.8192E+00
0.9260E+03  0.9079E+00  0.8279E+00  0.8191E+00
0.9270E+03  0.9078E+00  0.8279E+00  0.8191E+00
0.9280E+03  0.9078E+00  0.8279E+00  0.8191E+00
0.9290E+03  0.9078E+00  0.8279E+00  0.8190E+00
0.9300E+03  0.9078E+00  0.8278E+00  0.8190E+00
0.9310E+03  0.9078E+00  0.8278E+00  0.8190E+00
0.9320E+03  0.9077E+00  0.8277E+00  0.8188E+00
0.9330E+03  0.9077E+00  0.8277E+00  0.8188E+00
0.9340E+03  0.9077E+00  0.8277E+00  0.8188E+00
0.9350E+03  0.9077E+00  0.8276E+00  0.8188E+00
0.9360E+03  0.9076E+00  0.8275E+00  0.8186E+00
0.9370E+03  0.9076E+00  0.8275E+00  0.8186E+00
0.9380E+03  0.9076E+00  0.8275E+00  0.8185E+00
0.9390E+03  0.9075E+00  0.8274E+00  0.8185E+00
0.9400E+03  0.9075E+00  0.8273E+00  0.8184E+00
0.9410E+03  0.9074E+00  0.8273E+00  0.8183E+00
0.9420E+03  0.9074E+00  0.8272E+00  0.8182E+00
0.9430E+03  0.9073E+00  0.8271E+00  0.8182E+00
0.9440E+03  0.9073E+00  0.8271E+00  0.8181E+00
0.9450E+03  0.9072E+00  0.8270E+00  0.8180E+00
0.9460E+03  0.9072E+00  0.8270E+00  0.8179E+00
0.9470E+03  0.9072E+00  0.8268E+00  0.8178E+00
0.9480E+03  0.9071E+00  0.8268E+00  0.8178E+00
0.9490E+03  0.9071E+00  0.8267E+00  0.8176E+00
0.9500E+03  0.9070E+00  0.8266E+00  0.8176E+00
0.9510E+03  0.9070E+00  0.8265E+00  0.8174E+00
0.9520E+03  0.9069E+00  0.8265E+00  0.8174E+00
0.9530E+03  0.9069E+00  0.8264E+00  0.8173E+00
0.9540E+03  0.9068E+00  0.8262E+00  0.8171E+00
0.9550E+03  0.9068E+00  0.8262E+00  0.8171E+00
0.9560E+03  0.9067E+00  0.8261E+00  0.8169E+00
0.9570E+03  0.9066E+00  0.8260E+00  0.8168E+00
0.9580E+03  0.9066E+00  0.8259E+00  0.8167E+00
0.9590E+03  0.9065E+00  0.8258E+00  0.8166E+00
0.9600E+03  0.9064E+00  0.8257E+00  0.8164E+00
0.9610E+03  0.9064E+00  0.8256E+00  0.8163E+00
0.9620E+03  0.9063E+00  0.8255E+00  0.8162E+00
0.9630E+03  0.9063E+00  0.8254E+00  0.8161E+00
0.9640E+03  0.9063E+00  0.8252E+00  0.8159E+00
0.9650E+03  0.9063E+00  0.8250E+00  0.8158E+00
0.9660E+03  0.9063E+00  0.8249E+00  0.8156E+00
0.9670E+03  0.9063E+00  0.8248E+00  0.8155E+00
0.9680E+03  0.9063E+00  0.8246E+00  0.8154E+00
0.9690E+03  0.9063E+00  0.8245E+00  0.8152E+00
0.9700E+03  0.9063E+00  0.8243E+00  0.8150E+00
0.9710E+03  0.9063E+00  0.8241E+00  0.8149E+00
0.9720E+03  0.9063E+00  0.8240E+00  0.8147E+00
0.9730E+03  0.9063E+00  0.8238E+00  0.8145E+00
0.9740E+03  0.9063E+00  0.8235E+00  0.8142E+00
0.9750E+03  0.9063E+00  0.8233E+00  0.8141E+00
0.9760E+03  0.9063E+00  0.8232E+00  0.8139E+00
0.9770E+03  0.9063E+00  0.8230E+00  0.8137E+00
0.9780E+03  0.9063E+00  0.8228E+00  0.8136E+00
0.9790E+03  0.9063E+00  0.8225E+00  0.8133E+00
0.9800E+03  0.9063E+00  0.8224E+00  0.8131E+00
0.9810E+03  0.9063E+00  0.8222E+00  0.8129E+00
0.9820E+03  0.9063E+00  0.8219E+00  0.8126E+00
0.9830E+03  0.9063E+00  0.8217E+00  0.8125E+00
0.9840E+03  0.9062E+00  0.8216E+00  0.8123E+00
0.9850E+03  0.9062E+00  0.8213E+00  0.8120E+00
0.9860E+03  0.9062E+00  0.8211E+00  0.8118E+00
0.9870E+03  0.9062E+00  0.8208E+00  0.8115E+00
0.9880E+03  0.9062E+00  0.8206E+00  0.8114E+00
0.9890E+03  0.9062E+00  0.8204E+00  0.8111E+00
0.9900E+03  0.9062E+00  0.8201E+00  0.8108E+00
0.9910E+03  0.9062E+00  0.8199E+00  0.8106E+00
0.9920E+03  0.9062E+00  0.8196E+00  0.8103E+00
0.9930E+03  0.9062E+00  0.8193E+00  0.8100E+00
0.9940E+03  0.9062E+00  0.8191E+00  0.8098E+00
0.9950E+03  0.9061E+00  0.8188E+00  0.8096E+00
0.9960E+03  0.9061E+00  0.8186E+00  0.8093E+00
0.9970E+03  0.9061E+00  0.8183E+00  0.8090E+00
0.9980E+03  0.9061E+00  0.8180E+00  0.8087E+00
0.9990E+03  0.9061E+00  0.8177E+00  0.8084E+00
0.1000E+04  0.9061E+00  0.8175E+00  0.8082E+00
