780.000000   1.966659   0.023121
781.000000   1.966570   0.023114
782.000000   1.966480   0.023107
783.000000   1.966391   0.023099
784.000000   1.966302   0.023092
785.000000   1.966213   0.023085
786.000000   1.966123   0.023078
787.000000   1.966034   0.023071
788.000000   1.965945   0.023064
789.000000   1.965856   0.023057
790.000000   1.965766   0.023050
791.000000   1.965677   0.023043
792.000000   1.965588   0.023036
793.000000   1.965498   0.023028
794.000000   1.965409   0.023020
795.000000   1.965320   0.023011
796.000000   1.965231   0.023001
797.000000   1.965141   0.022991
798.000000   1.965052   0.022981
799.000000   1.964963   0.022972
800.000000   1.964874   0.022962
801.000000   1.964784   0.022953
802.000000   1.964695   0.022943
803.000000   1.964606   0.022933
804.000000   1.964517   0.022924
805.000000   1.964427   0.022916
806.000000   1.964338   0.022909
807.000000   1.964249   0.022899
808.000000   1.964160   0.022888
809.000000   1.964070   0.022870
810.000000   1.963981   0.022841
811.000000   1.963892   0.022802
812.000000   1.963803   0.022760
813.000000   1.963713   0.022720
814.000000   1.963624   0.022684
815.000000   1.963535   0.022652
816.000000   1.963446   0.022620
817.000000   1.963356   0.022586
818.000000   1.963267   0.022546
819.000000   1.963178   0.022497
820.000000   1.963089   0.022433
