0.7800E+03  0.1969E+01  0.1997E-01
0.7810E+03  0.1969E+01  0.1996E-01
0.7820E+03  0.1969E+01  0.2000E-01
0.7830E+03  0.1969E+01  0.1998E-01
0.7840E+03  0.1969E+01  0.1997E-01
0.7850E+03  0.1969E+01  0.1996E-01
0.7860E+03  0.1969E+01  0.1990E-01
0.7870E+03  0.1968E+01  0.1989E-01
0.7880E+03  0.1968E+01  0.1983E-01
0.7890E+03  0.1968E+01  0.1982E-01
0.7900E+03  0.1968E+01  0.1976E-01
0.7910E+03  0.1968E+01  0.1970E-01
0.7920E+03  0.1968E+01  0.1960E-01
0.7930E+03  0.1968E+01  0.1958E-01
0.7940E+03  0.1968E+01  0.1952E-01
0.7950E+03  0.1967E+01  0.1946E-01
0.7960E+03  0.1967E+01  0.1940E-01
0.7970E+03  0.1967E+01  0.1934E-01
0.7980E+03  0.1967E+01  0.1932E-01
0.7990E+03  0.1967E+01  0.1926E-01
0.8000E+03  0.1967E+01  0.1920E-01
0.8010E+03  0.1967E+01  0.1913E-01
0.8020E+03  0.1967E+01  0.1907E-01
0.8030E+03  0.1966E+01  0.1906E-01
0.8040E+03  0.1966E+01  0.1909E-01
0.8050E+03  0.1966E+01  0.1903E-01
0.8060E+03  0.1966E+01  0.1896E-01
0.8070E+03  0.1966E+01  0.1890E-01
0.8080E+03  0.1966E+01  0.1883E-01
0.8090E+03  0.1965E+01  0.1882E-01
0.8100E+03  0.1965E+01  0.1875E-01
0.8110E+03  0.1965E+01  0.1864E-01
0.8120E+03  0.1965E+01  0.1858E-01
0.8130E+03  0.1965E+01  0.1851E-01
0.8140E+03  0.1965E+01  0.1840E-01
0.8150E+03  0.1965E+01  0.1828E-01
0.8160E+03  0.1964E+01  0.1822E-01
0.8170E+03  0.1964E+01  0.1810E-01
0.8180E+03  0.1964E+01  0.1804E-01
0.8190E+03  0.1964E+01  0.1792E-01
0.8200E+03  0.1964E+01  0.1780E-01
