41
880.000000   0.820800
881.000000   0.820700
882.000000   0.820700
883.000000   0.820600
884.000000   0.820500
885.000000   0.820400
886.000000   0.820300
887.000000   0.820200
888.000000   0.820200
889.000000   0.820100
890.000000   0.820000
891.000000   0.819900
892.000000   0.819800
893.000000   0.819700
894.000000   0.819600
895.000000   0.819500
896.000000   0.819500
897.000000   0.819400
898.000000   0.819300
899.000000   0.819200
900.000000   0.819100
901.000000   0.819100
902.000000   0.819000
903.000000   0.818900
904.000000   0.818800
905.000000   0.818700
906.000000   0.818700
907.000000   0.818600
908.000000   0.818500
909.000000   0.818400
910.000000   0.818300
911.000000   0.818200
912.000000   0.818200
913.000000   0.818100
914.000000   0.818000
915.000000   0.817900
916.000000   0.817800
917.000000   0.817700
918.000000   0.817600
919.000000   0.817500
920.000000   0.817400
