0.4300E+03  0.1980E+01  0.0000E+00
0.4310E+03  0.1984E+01  0.0000E+00
0.4320E+03  0.1988E+01  0.0000E+00
0.4330E+03  0.1991E+01  0.0000E+00
0.4340E+03  0.1995E+01  0.0000E+00
0.4350E+03  0.1997E+01  0.0000E+00
0.4360E+03  0.2001E+01  0.0000E+00
0.4370E+03  0.2003E+01  0.0000E+00
0.4380E+03  0.2006E+01  0.0000E+00
0.4390E+03  0.2009E+01  0.0000E+00
0.4400E+03  0.2011E+01  0.0000E+00
0.4410E+03  0.2013E+01  0.0000E+00
0.4420E+03  0.2015E+01  0.0000E+00
0.4430E+03  0.2016E+01  0.0000E+00
0.4440E+03  0.2018E+01  0.0000E+00
0.4450E+03  0.2020E+01  0.0000E+00
0.4460E+03  0.2021E+01  0.0000E+00
0.4470E+03  0.2023E+01  0.0000E+00
0.4480E+03  0.2024E+01  0.0000E+00
0.4490E+03  0.2025E+01  0.0000E+00
0.4500E+03  0.2026E+01  0.0000E+00
0.4510E+03  0.2027E+01  0.0000E+00
0.4520E+03  0.2028E+01  0.0000E+00
0.4530E+03  0.2028E+01  0.0000E+00
0.4540E+03  0.2029E+01  0.0000E+00
0.4550E+03  0.2030E+01  0.0000E+00
0.4560E+03  0.2030E+01  0.0000E+00
0.4570E+03  0.2031E+01  0.0000E+00
0.4580E+03  0.2031E+01  0.0000E+00
0.4590E+03  0.2031E+01  0.0000E+00
0.4600E+03  0.2032E+01  0.0000E+00
0.4610E+03  0.2032E+01  0.0000E+00
0.4620E+03  0.2032E+01  0.0000E+00
0.4630E+03  0.2033E+01  0.0000E+00
0.4640E+03  0.2033E+01  0.0000E+00
0.4650E+03  0.2033E+01  0.0000E+00
0.4660E+03  0.2033E+01  0.0000E+00
0.4670E+03  0.2033E+01  0.0000E+00
0.4680E+03  0.2033E+01  0.0000E+00
0.4690E+03  0.2033E+01  0.0000E+00
0.4700E+03  0.2033E+01  0.0000E+00
