480.000000   1.993435   0.000000
481.000000   1.993346   0.000000
482.000000   1.993257   0.000000
483.000000   1.993168   0.000000
484.000000   1.993078   0.000000
485.000000   1.992989   0.000000
486.000000   1.992900   0.000000
487.000000   1.992811   0.000000
488.000000   1.992721   0.000000
489.000000   1.992632   0.000000
490.000000   1.992543   0.000000
491.000000   1.992454   0.000000
492.000000   1.992364   0.000000
493.000000   1.992275   0.000000
494.000000   1.992186   0.000000
495.000000   1.992097   0.000000
496.000000   1.992007   0.000000
497.000000   1.991918   0.000000
498.000000   1.991829   0.000000
499.000000   1.991739   0.000000
500.000000   1.991650   0.000000
501.000000   1.991561   0.000000
502.000000   1.991472   0.000000
503.000000   1.991382   0.000000
504.000000   1.991293   0.000000
505.000000   1.991204   0.000000
506.000000   1.991115   0.000000
507.000000   1.991025   0.000000
508.000000   1.990936   0.000000
509.000000   1.990847   0.000000
510.000000   1.990758   0.000000
511.000000   1.990668   0.000000
512.000000   1.990579   0.000000
513.000000   1.990490   0.000000
514.000000   1.990401   0.000000
515.000000   1.990311   0.000000
516.000000   1.990222   0.000000
517.000000   1.990133   0.000000
518.000000   1.990044   0.000000
519.000000   1.989954   0.000000
520.000000   1.989865   0.000000
