41
480.000000   0.774500
481.000000   0.775300
482.000000   0.776200
483.000000   0.777100
484.000000   0.778000
485.000000   0.778900
486.000000   0.779800
487.000000   0.780800
488.000000   0.781700
489.000000   0.782700
490.000000   0.783800
491.000000   0.784800
492.000000   0.785900
493.000000   0.786900
494.000000   0.788000
495.000000   0.789100
496.000000   0.790200
497.000000   0.791300
498.000000   0.792400
499.000000   0.793600
500.000000   0.794700
501.000000   0.795900
502.000000   0.797100
503.000000   0.798300
504.000000   0.799500
505.000000   0.800700
506.000000   0.801900
507.000000   0.803100
508.000000   0.804300
509.000000   0.805500
510.000000   0.806800
511.000000   0.808000
512.000000   0.809300
513.000000   0.810500
514.000000   0.811700
515.000000   0.813000
516.000000   0.814200
517.000000   0.815500
518.000000   0.816700
519.000000   0.818000
520.000000   0.819200
