0.6300E+03  0.1980E+01  0.8370E-02
0.6310E+03  0.1980E+01  0.8512E-02
0.6320E+03  0.1980E+01  0.8620E-02
0.6330E+03  0.1980E+01  0.8757E-02
0.6340E+03  0.1980E+01  0.8861E-02
0.6350E+03  0.1980E+01  0.8962E-02
0.6360E+03  0.1980E+01  0.9092E-02
0.6370E+03  0.1980E+01  0.9219E-02
0.6380E+03  0.1979E+01  0.9345E-02
0.6390E+03  0.1979E+01  0.9468E-02
0.6400E+03  0.1979E+01  0.9589E-02
0.6410E+03  0.1979E+01  0.9708E-02
0.6420E+03  0.1979E+01  0.9856E-02
0.6430E+03  0.1979E+01  0.9970E-02
0.6440E+03  0.1979E+01  0.1008E-01
0.6450E+03  0.1979E+01  0.1019E-01
0.6460E+03  0.1979E+01  0.1033E-01
0.6470E+03  0.1979E+01  0.1044E-01
0.6480E+03  0.1978E+01  0.1057E-01
0.6490E+03  0.1978E+01  0.1067E-01
0.6500E+03  0.1978E+01  0.1081E-01
0.6510E+03  0.1978E+01  0.1094E-01
0.6520E+03  0.1978E+01  0.1106E-01
0.6530E+03  0.1978E+01  0.1119E-01
0.6540E+03  0.1978E+01  0.1131E-01
0.6550E+03  0.1978E+01  0.1144E-01
0.6560E+03  0.1978E+01  0.1156E-01
0.6570E+03  0.1978E+01  0.1167E-01
0.6580E+03  0.1978E+01  0.1179E-01
0.6590E+03  0.1977E+01  0.1190E-01
0.6600E+03  0.1977E+01  0.1202E-01
0.6610E+03  0.1977E+01  0.1213E-01
0.6620E+03  0.1977E+01  0.1223E-01
0.6630E+03  0.1977E+01  0.1238E-01
0.6640E+03  0.1977E+01  0.1248E-01
0.6650E+03  0.1977E+01  0.1262E-01
0.6660E+03  0.1977E+01  0.1275E-01
0.6670E+03  0.1977E+01  0.1285E-01
0.6680E+03  0.1977E+01  0.1298E-01
0.6690E+03  0.1977E+01  0.1308E-01
0.6700E+03  0.1976E+01  0.1321E-01
