730.000000   1.971122   0.022482
731.000000   1.971032   0.022597
732.000000   1.970943   0.022686
733.000000   1.970854   0.022734
734.000000   1.970765   0.022760
735.000000   1.970675   0.022779
736.000000   1.970586   0.022795
737.000000   1.970497   0.022811
738.000000   1.970408   0.022829
739.000000   1.970318   0.022848
740.000000   1.970229   0.022868
741.000000   1.970140   0.022887
742.000000   1.970050   0.022907
743.000000   1.969961   0.022926
744.000000   1.969872   0.022946
745.000000   1.969783   0.022965
746.000000   1.969693   0.022985
747.000000   1.969604   0.023004
748.000000   1.969515   0.023024
749.000000   1.969426   0.023046
750.000000   1.969336   0.023071
751.000000   1.969247   0.023093
752.000000   1.969158   0.023111
753.000000   1.969069   0.023120
754.000000   1.968979   0.023124
755.000000   1.968890   0.023127
756.000000   1.968801   0.023129
757.000000   1.968712   0.023130
758.000000   1.968622   0.023133
759.000000   1.968533   0.023135
760.000000   1.968444   0.023138
761.000000   1.968355   0.023140
762.000000   1.968265   0.023143
763.000000   1.968176   0.023145
764.000000   1.968087   0.023147
765.000000   1.967998   0.023150
766.000000   1.967908   0.023152
767.000000   1.967819   0.023155
768.000000   1.967730   0.023157
769.000000   1.967641   0.023160
770.000000   1.967551   0.023163
