41
730.000000   0.852100
731.000000   0.851700
732.000000   0.851300
733.000000   0.850900
734.000000   0.850400
735.000000   0.850100
736.000000   0.849700
737.000000   0.849300
738.000000   0.848900
739.000000   0.848500
740.000000   0.848200
741.000000   0.847800
742.000000   0.847500
743.000000   0.847100
744.000000   0.846700
745.000000   0.846400
746.000000   0.846000
747.000000   0.845700
748.000000   0.845300
749.000000   0.845000
750.000000   0.844700
751.000000   0.844300
752.000000   0.844000
753.000000   0.843600
754.000000   0.843300
755.000000   0.843000
756.000000   0.842700
757.000000   0.842400
758.000000   0.842000
759.000000   0.841700
760.000000   0.841400
761.000000   0.841100
762.000000   0.840800
763.000000   0.840500
764.000000   0.840200
765.000000   0.839800
766.000000   0.839500
767.000000   0.839200
768.000000   0.838900
769.000000   0.838700
770.000000   0.838400
