0.5800E+03  0.1993E+01  0.3352E-02
0.5810E+03  0.1993E+01  0.3405E-02
0.5820E+03  0.1993E+01  0.3479E-02
0.5830E+03  0.1993E+01  0.3551E-02
0.5840E+03  0.1993E+01  0.3622E-02
0.5850E+03  0.1992E+01  0.3690E-02
0.5860E+03  0.1992E+01  0.3756E-02
0.5870E+03  0.1992E+01  0.3846E-02
0.5880E+03  0.1992E+01  0.3917E-02
0.5890E+03  0.1992E+01  0.4015E-02
0.5900E+03  0.1991E+01  0.4115E-02
0.5910E+03  0.1991E+01  0.4212E-02
0.5920E+03  0.1991E+01  0.4304E-02
0.5930E+03  0.1990E+01  0.4394E-02
0.5940E+03  0.1990E+01  0.4483E-02
0.5950E+03  0.1989E+01  0.4594E-02
0.5960E+03  0.1989E+01  0.4676E-02
0.5970E+03  0.1989E+01  0.4779E-02
0.5980E+03  0.1988E+01  0.4904E-02
0.5990E+03  0.1988E+01  0.5000E-02
0.6000E+03  0.1988E+01  0.5092E-02
0.6010E+03  0.1987E+01  0.5208E-02
0.6020E+03  0.1987E+01  0.5293E-02
0.6030E+03  0.1987E+01  0.5402E-02
0.6040E+03  0.1986E+01  0.5507E-02
0.6050E+03  0.1986E+01  0.5609E-02
0.6060E+03  0.1986E+01  0.5708E-02
0.6070E+03  0.1986E+01  0.5831E-02
0.6080E+03  0.1985E+01  0.5923E-02
0.6090E+03  0.1985E+01  0.6012E-02
0.6100E+03  0.1985E+01  0.6126E-02
0.6110E+03  0.1984E+01  0.6236E-02
0.6120E+03  0.1984E+01  0.6343E-02
0.6130E+03  0.1984E+01  0.6448E-02
0.6140E+03  0.1984E+01  0.6549E-02
0.6150E+03  0.1984E+01  0.6647E-02
0.6160E+03  0.1983E+01  0.6770E-02
0.6170E+03  0.1983E+01  0.6862E-02
0.6180E+03  0.1983E+01  0.6980E-02
0.6190E+03  0.1983E+01  0.7095E-02
0.6200E+03  0.1983E+01  0.7208E-02
