41
680.000000   0.873400
681.000000   0.872900
682.000000   0.872500
683.000000   0.872100
684.000000   0.871700
685.000000   0.871200
686.000000   0.870800
687.000000   0.870400
688.000000   0.869900
689.000000   0.869400
690.000000   0.869000
691.000000   0.868600
692.000000   0.868100
693.000000   0.867700
694.000000   0.867200
695.000000   0.866700
696.000000   0.866300
697.000000   0.865800
698.000000   0.865400
699.000000   0.865000
700.000000   0.864500
701.000000   0.864100
702.000000   0.863700
703.000000   0.863300
704.000000   0.862900
705.000000   0.862500
706.000000   0.862000
707.000000   0.861600
708.000000   0.861100
709.000000   0.860700
710.000000   0.860300
711.000000   0.859900
712.000000   0.859500
713.000000   0.859100
714.000000   0.858600
715.000000   0.858200
716.000000   0.857800
717.000000   0.857400
718.000000   0.857000
719.000000   0.856600
720.000000   0.856200
