830.000000   1.962196   0.021691
831.000000   1.962107   0.021619
832.000000   1.962018   0.021547
833.000000   1.961928   0.021474
834.000000   1.961839   0.021401
835.000000   1.961750   0.021328
836.000000   1.961661   0.021255
837.000000   1.961571   0.021182
838.000000   1.961482   0.021108
839.000000   1.961393   0.021035
840.000000   1.961303   0.020962
841.000000   1.961214   0.020888
842.000000   1.961125   0.020815
843.000000   1.961036   0.020742
844.000000   1.960946   0.020669
845.000000   1.960857   0.020595
846.000000   1.960768   0.020522
847.000000   1.960679   0.020449
848.000000   1.960589   0.020375
849.000000   1.960500   0.020302
850.000000   1.960411   0.020229
851.000000   1.960322   0.020156
852.000000   1.960232   0.020082
853.000000   1.960143   0.020009
854.000000   1.960054   0.019936
855.000000   1.959965   0.019863
856.000000   1.959875   0.019789
857.000000   1.959786   0.019716
858.000000   1.959697   0.019643
859.000000   1.959608   0.019570
860.000000   1.959518   0.019497
861.000000   1.959429   0.019426
862.000000   1.959340   0.019354
863.000000   1.959251   0.019279
864.000000   1.959161   0.019202
865.000000   1.959072   0.019121
866.000000   1.958983   0.019037
867.000000   1.958894   0.018951
868.000000   1.958804   0.018864
869.000000   1.958715   0.018779
870.000000   1.958626   0.018696
