0.8300E+03  0.1962E+01  0.1668E-01
0.8310E+03  0.1962E+01  0.1662E-01
0.8320E+03  0.1961E+01  0.1655E-01
0.8330E+03  0.1961E+01  0.1644E-01
0.8340E+03  0.1961E+01  0.1632E-01
0.8350E+03  0.1961E+01  0.1620E-01
0.8360E+03  0.1960E+01  0.1609E-01
0.8370E+03  0.1960E+01  0.1597E-01
0.8380E+03  0.1960E+01  0.1590E-01
0.8390E+03  0.1960E+01  0.1579E-01
0.8400E+03  0.1959E+01  0.1567E-01
0.8410E+03  0.1959E+01  0.1556E-01
0.8420E+03  0.1959E+01  0.1544E-01
0.8430E+03  0.1959E+01  0.1527E-01
0.8440E+03  0.1958E+01  0.1510E-01
0.8450E+03  0.1958E+01  0.1499E-01
0.8460E+03  0.1958E+01  0.1487E-01
0.8470E+03  0.1958E+01  0.1476E-01
0.8480E+03  0.1957E+01  0.1459E-01
0.8490E+03  0.1957E+01  0.1447E-01
0.8500E+03  0.1957E+01  0.1436E-01
0.8510E+03  0.1956E+01  0.1419E-01
0.8520E+03  0.1956E+01  0.1413E-01
0.8530E+03  0.1956E+01  0.1407E-01
0.8540E+03  0.1956E+01  0.1396E-01
0.8550E+03  0.1955E+01  0.1379E-01
0.8560E+03  0.1955E+01  0.1374E-01
0.8570E+03  0.1955E+01  0.1362E-01
0.8580E+03  0.1954E+01  0.1351E-01
0.8590E+03  0.1954E+01  0.1346E-01
0.8600E+03  0.1954E+01  0.1335E-01
0.8610E+03  0.1953E+01  0.1324E-01
0.8620E+03  0.1953E+01  0.1318E-01
0.8630E+03  0.1953E+01  0.1313E-01
0.8640E+03  0.1953E+01  0.1302E-01
0.8650E+03  0.1952E+01  0.1286E-01
0.8660E+03  0.1952E+01  0.1275E-01
0.8670E+03  0.1952E+01  0.1259E-01
0.8680E+03  0.1951E+01  0.1248E-01
0.8690E+03  0.1951E+01  0.1238E-01
0.8700E+03  0.1951E+01  0.1227E-01
