905.000000   1.955502   0.014695
906.000000   1.955413   0.014541
907.000000   1.955323   0.014386
908.000000   1.955234   0.014231
909.000000   1.955145   0.014077
910.000000   1.955056   0.013922
911.000000   1.954966   0.013767
912.000000   1.954877   0.013612
913.000000   1.954788   0.013458
914.000000   1.954699   0.013303
915.000000   1.954609   0.013148
916.000000   1.954520   0.012994
917.000000   1.954431   0.012839
918.000000   1.954342   0.012684
919.000000   1.954252   0.012530
920.000000   1.954163   0.012375
921.000000   1.954074   0.012220
922.000000   1.953985   0.012066
923.000000   1.953895   0.011911
924.000000   1.953806   0.011756
925.000000   1.953717   0.011602
926.000000   1.953628   0.011447
927.000000   1.953538   0.011292
928.000000   1.953449   0.011137
929.000000   1.953360   0.010983
930.000000   1.953271   0.010828
931.000000   1.953181   0.010673
932.000000   1.953092   0.010519
933.000000   1.953003   0.010364
934.000000   1.952914   0.010209
935.000000   1.952824   0.010055
936.000000   1.952735   0.009900
937.000000   1.952646   0.009745
938.000000   1.952556   0.009591
939.000000   1.952467   0.009436
940.000000   1.952378   0.009281
941.000000   1.952289   0.009127
942.000000   1.952199   0.008972
943.000000   1.952110   0.008817
944.000000   1.952021   0.008662
945.000000   1.951932   0.008508
