0.9050E+03  0.1935E+01  0.8901E-02
0.9060E+03  0.1935E+01  0.8768E-02
0.9070E+03  0.1935E+01  0.8684E-02
0.9080E+03  0.1935E+01  0.8600E-02
0.9090E+03  0.1935E+01  0.8517E-02
0.9100E+03  0.1934E+01  0.8433E-02
0.9110E+03  0.1934E+01  0.8350E-02
0.9120E+03  0.1934E+01  0.8220E-02
0.9130E+03  0.1934E+01  0.8138E-02
0.9140E+03  0.1934E+01  0.8055E-02
0.9150E+03  0.1934E+01  0.7973E-02
0.9160E+03  0.1933E+01  0.7892E-02
0.9170E+03  0.1933E+01  0.7810E-02
0.9180E+03  0.1933E+01  0.7728E-02
0.9190E+03  0.1933E+01  0.7647E-02
0.9200E+03  0.1933E+01  0.7566E-02
0.9210E+03  0.1933E+01  0.7485E-02
0.9220E+03  0.1933E+01  0.7404E-02
0.9230E+03  0.1933E+01  0.7323E-02
0.9240E+03  0.1933E+01  0.7242E-02
0.9250E+03  0.1932E+01  0.7162E-02
0.9260E+03  0.1932E+01  0.7081E-02
0.9270E+03  0.1932E+01  0.7000E-02
0.9280E+03  0.1932E+01  0.6920E-02
0.9290E+03  0.1932E+01  0.6839E-02
0.9300E+03  0.1932E+01  0.6759E-02
0.9310E+03  0.1932E+01  0.6678E-02
0.9320E+03  0.1932E+01  0.6640E-02
0.9330E+03  0.1932E+01  0.6558E-02
0.9340E+03  0.1932E+01  0.6477E-02
0.9350E+03  0.1932E+01  0.6396E-02
0.9360E+03  0.1932E+01  0.6356E-02
0.9370E+03  0.1932E+01  0.6274E-02
0.9380E+03  0.1932E+01  0.6192E-02
0.9390E+03  0.1933E+01  0.6110E-02
0.9400E+03  0.1933E+01  0.6068E-02
0.9410E+03  0.1933E+01  0.5985E-02
0.9420E+03  0.1933E+01  0.5941E-02
0.9430E+03  0.1933E+01  0.5858E-02
0.9440E+03  0.1933E+01  0.5774E-02
0.9450E+03  0.1934E+01  0.5728E-02
