905.000000   0.818700
906.000000   0.818700
907.000000   0.818600
908.000000   0.818500
909.000000   0.818400
910.000000   0.818300
911.000000   0.818200
912.000000   0.818200
913.000000   0.818100
914.000000   0.818000
915.000000   0.817900
916.000000   0.817800
917.000000   0.817700
918.000000   0.817600
919.000000   0.817500
920.000000   0.817400
921.000000   0.817300
922.000000   0.817200
923.000000   0.817100
924.000000   0.817000
925.000000   0.816900
926.000000   0.816800
927.000000   0.816700
928.000000   0.816600
929.000000   0.816500
930.000000   0.816400
931.000000   0.816300
932.000000   0.816100
933.000000   0.816000
934.000000   0.815900
935.000000   0.815800
936.000000   0.815600
937.000000   0.815500
938.000000   0.815400
939.000000   0.815300
940.000000   0.815100
941.000000   0.815000
942.000000   0.814800
943.000000   0.814700
944.000000   0.814600
945.000000   0.814400
