0.4550E+03  0.2030E+01  0.0000E+00
0.4560E+03  0.2030E+01  0.0000E+00
0.4570E+03  0.2031E+01  0.0000E+00
0.4580E+03  0.2031E+01  0.0000E+00
0.4590E+03  0.2031E+01  0.0000E+00
0.4600E+03  0.2032E+01  0.0000E+00
0.4610E+03  0.2032E+01  0.0000E+00
0.4620E+03  0.2032E+01  0.0000E+00
0.4630E+03  0.2033E+01  0.0000E+00
0.4640E+03  0.2033E+01  0.0000E+00
0.4650E+03  0.2033E+01  0.0000E+00
0.4660E+03  0.2033E+01  0.0000E+00
0.4670E+03  0.2033E+01  0.0000E+00
0.4680E+03  0.2033E+01  0.0000E+00
0.4690E+03  0.2033E+01  0.0000E+00
0.4700E+03  0.2033E+01  0.0000E+00
0.4710E+03  0.2033E+01  0.0000E+00
0.4720E+03  0.2033E+01  0.0000E+00
0.4730E+03  0.2033E+01  0.0000E+00
0.4740E+03  0.2033E+01  0.0000E+00
0.4750E+03  0.2033E+01  0.0000E+00
0.4760E+03  0.2033E+01  0.0000E+00
0.4770E+03  0.2033E+01  0.0000E+00
0.4780E+03  0.2033E+01  0.0000E+00
0.4790E+03  0.2032E+01  0.0000E+00
0.4800E+03  0.2032E+01  0.0000E+00
0.4810E+03  0.2032E+01  0.0000E+00
0.4820E+03  0.2032E+01  0.0000E+00
0.4830E+03  0.2032E+01  0.0000E+00
0.4840E+03  0.2031E+01  0.0000E+00
0.4850E+03  0.2031E+01  0.0000E+00
0.4860E+03  0.2031E+01  0.0000E+00
0.4870E+03  0.2031E+01  0.0000E+00
0.4880E+03  0.2030E+01  0.0000E+00
0.4890E+03  0.2030E+01  0.0000E+00
0.4900E+03  0.2030E+01  0.0000E+00
0.4910E+03  0.2029E+01  0.0000E+00
0.4920E+03  0.2029E+01  0.0000E+00
0.4930E+03  0.2029E+01  0.0000E+00
0.4940E+03  0.2029E+01  0.0000E+00
0.4950E+03  0.2028E+01  0.0000E+00
