455.000000   1.995667   0.000000
456.000000   1.995577   0.000000
457.000000   1.995488   0.000000
458.000000   1.995399   0.000000
459.000000   1.995310   0.000000
460.000000   1.995220   0.000000
461.000000   1.995131   0.000000
462.000000   1.995042   0.000000
463.000000   1.994953   0.000000
464.000000   1.994863   0.000000
465.000000   1.994774   0.000000
466.000000   1.994685   0.000000
467.000000   1.994596   0.000000
468.000000   1.994506   0.000000
469.000000   1.994417   0.000000
470.000000   1.994328   0.000000
471.000000   1.994239   0.000000
472.000000   1.994149   0.000000
473.000000   1.994060   0.000000
474.000000   1.993971   0.000000
475.000000   1.993882   0.000000
476.000000   1.993792   0.000000
477.000000   1.993703   0.000000
478.000000   1.993614   0.000000
479.000000   1.993525   0.000000
480.000000   1.993435   0.000000
481.000000   1.993346   0.000000
482.000000   1.993257   0.000000
483.000000   1.993168   0.000000
484.000000   1.993078   0.000000
485.000000   1.992989   0.000000
486.000000   1.992900   0.000000
487.000000   1.992811   0.000000
488.000000   1.992721   0.000000
489.000000   1.992632   0.000000
490.000000   1.992543   0.000000
491.000000   1.992454   0.000000
492.000000   1.992364   0.000000
493.000000   1.992275   0.000000
494.000000   1.992186   0.000000
495.000000   1.992097   0.000000
