455.000000   0.763400
456.000000   0.763400
457.000000   0.763500
458.000000   0.763600
459.000000   0.763800
460.000000   0.763900
461.000000   0.764200
462.000000   0.764400
463.000000   0.764700
464.000000   0.765000
465.000000   0.765300
466.000000   0.765700
467.000000   0.766200
468.000000   0.766600
469.000000   0.767100
470.000000   0.767600
471.000000   0.768200
472.000000   0.768800
473.000000   0.769400
474.000000   0.770000
475.000000   0.770700
476.000000   0.771400
477.000000   0.772200
478.000000   0.772900
479.000000   0.773700
480.000000   0.774500
481.000000   0.775300
482.000000   0.776200
483.000000   0.777100
484.000000   0.778000
485.000000   0.778900
486.000000   0.779800
487.000000   0.780800
488.000000   0.781700
489.000000   0.782700
490.000000   0.783800
491.000000   0.784800
492.000000   0.785900
493.000000   0.786900
494.000000   0.788000
495.000000   0.789100
