400.000000   2.000576   0.000000
401.000000   2.000486   0.000000
402.000000   2.000397   0.000000
403.000000   2.000308   0.000000
404.000000   2.000219   0.000000
405.000000   2.000129   0.000000
406.000000   2.000040   0.000000
407.000000   1.999951   0.000000
408.000000   1.999862   0.000000
409.000000   1.999772   0.000000
410.000000   1.999683   0.000000
411.000000   1.999594   0.000000
412.000000   1.999505   0.000000
413.000000   1.999415   0.000000
414.000000   1.999326   0.000000
415.000000   1.999237   0.000000
416.000000   1.999148   0.000000
417.000000   1.999058   0.000000
418.000000   1.998969   0.000000
419.000000   1.998880   0.000000
420.000000   1.998791   0.000000
