0.4000E+03  0.1795E+01  0.0000E+00
0.4010E+03  0.1803E+01  0.0000E+00
0.4020E+03  0.1811E+01  0.0000E+00
0.4030E+03  0.1818E+01  0.0000E+00
0.4040E+03  0.1826E+01  0.0000E+00
0.4050E+03  0.1833E+01  0.0000E+00
0.4060E+03  0.1841E+01  0.0000E+00
0.4070E+03  0.1848E+01  0.0000E+00
0.4080E+03  0.1855E+01  0.0000E+00
0.4090E+03  0.1862E+01  0.0000E+00
0.4100E+03  0.1869E+01  0.0000E+00
0.4110E+03  0.1876E+01  0.0000E+00
0.4120E+03  0.1882E+01  0.0000E+00
0.4130E+03  0.1889E+01  0.0000E+00
0.4140E+03  0.1895E+01  0.0000E+00
0.4150E+03  0.1902E+01  0.0000E+00
0.4160E+03  0.1908E+01  0.0000E+00
0.4170E+03  0.1914E+01  0.0000E+00
0.4180E+03  0.1920E+01  0.0000E+00
0.4190E+03  0.1926E+01  0.0000E+00
0.4200E+03  0.1931E+01  0.0000E+00
